v(0.000000,-583.000000,-2240.000000)
v(0.000000,-583.000000,-2800.000000)
v(700.000000,-583.000000,-2800.000000)
v(700.000000,-583.000000,-2240.000000)
v(-700.000000,-583.000000,-2240.000000)
v(-700.000000,-583.000000,-2800.000000)
v(0.000000,-583.000000,-1680.000000)
v(700.000000,-583.000000,-1680.000000)
v(-700.000000,-583.000000,-1680.000000)
v(0.000000,-583.000000,-1120.000000)
v(700.000000,-583.000000,-1120.000000)
v(-700.000000,-583.000000,-1120.000000)
v(-700.000000,-583.000000,-560.000000)
v(0.000000,-583.000000,-560.000000)
v(700.000000,-583.000000,-560.000000)
v(-700.000000,-583.000000,0.000000)
v(0.000000,-583.000000,0.000000)
v(700.000000,-583.000000,0.000000)
v(-700.000000,-583.000000,560.000000)
v(0.000000,-583.000000,560.000000)
v(700.000000,-583.000000,560.000000)
v(-700.000000,-583.000000,1120.000000)
v(0.000000,-583.000000,1120.000000)
v(700.000000,-583.000000,1120.000000)
v(-700.000000,-583.000000,1680.000000)
v(0.000000,-583.000000,1680.000000)
v(700.000000,-583.000000,1680.000000)
v(-700.000000,-583.000000,2240.000000)
v(0.000000,-583.000000,2240.000000)
v(700.000000,-583.000000,2240.000000)
v(-700.000000,-583.000000,2800.000000)
v(0.000000,-583.000000,2800.000000)
v(700.000000,-583.000000,2800.000000)
v(-700.000000,-500.000000,2800.000000)
v(-700.000000,-500.000000,2240.000000)
v(-700.000000,-500.000000,1680.000000)
v(-700.000000,-150.000000,2240.000000)
v(-700.000000,-150.000000,2800.000000)
v(-700.000000,0.000000,2800.000000)
v(-700.000000,0.000000,2240.000000)
v(-700.000000,-150.000000,1680.000000)
v(-700.000000,0.000000,1680.000000)
v(-700.000000,0.000000,1120.000000)
v(-700.000000,0.000000,560.000000)
v(-700.000000,-500.000000,0.000000)
v(-700.000000,-500.000000,560.000000)
v(-700.000000,-150.000000,560.000000)
v(-700.000000,-150.000000,0.000000)
v(-700.000000,0.000000,0.000000)
v(-700.000000,-500.000000,-2800.000000)
v(-700.000000,-500.000000,-2240.000000)
v(-700.000000,-500.000000,-1680.000000)
v(-700.000000,-150.000000,-2240.000000)
v(-700.000000,-150.000000,-2800.000000)
v(-700.000000,0.000000,-2800.000000)
v(-700.000000,0.000000,-2240.000000)
v(-700.000000,-150.000000,-1680.000000)
v(-700.000000,0.000000,-1680.000000)
v(-700.000000,0.000000,-1120.000000)
v(-700.000000,0.000000,-560.000000)
v(-700.000000,-500.000000,-560.000000)
v(-700.000000,-150.000000,-560.000000)
v(700.000000,-500.000000,2800.000000)
v(700.000000,-500.000000,2240.000000)
v(700.000000,-500.000000,1680.000000)
v(700.000000,-150.000000,2240.000000)
v(700.000000,-150.000000,2800.000000)
v(700.000000,0.000000,2800.000000)
v(700.000000,0.000000,2240.000000)
v(700.000000,-150.000000,1680.000000)
v(700.000000,0.000000,1680.000000)
v(700.000000,0.000000,1120.000000)
v(700.000000,0.000000,560.000000)
v(700.000000,-500.000000,0.000000)
v(700.000000,-500.000000,560.000000)
v(700.000000,-150.000000,560.000000)
v(700.000000,-150.000000,0.000000)
v(700.000000,0.000000,0.000000)
v(700.000000,-500.000000,-2800.000000)
v(700.000000,-500.000000,-2240.000000)
v(700.000000,-500.000000,-1680.000000)
v(700.000000,-150.000000,-2240.000000)
v(700.000000,-150.000000,-2800.000000)
v(700.000000,0.000000,-2800.000000)
v(700.000000,0.000000,-2240.000000)
v(700.000000,-150.000000,-1680.000000)
v(700.000000,0.000000,-1680.000000)
v(700.000000,0.000000,-1120.000000)
v(700.000000,0.000000,-560.000000)
v(700.000000,-500.000000,-560.000000)
v(700.000000,-150.000000,-560.000000)
v(0.000000,0.000000,2800.000000)
v(0.000000,-150.000000,2800.000000)
v(0.000000,0.000000,-2800.000000)
v(0.000000,-150.000000,-2800.000000)
v(0.000000,-500.000000,-2800.000000)
v(0.000000,-500.000000,2800.000000)
v(840.000000,0.000000,-2100.000000)
v(840.000000,0.000000,-2800.000000)
v(700.000000,0.000000,-2100.000000)
v(840.000000,0.000000,-1400.000000)
v(700.000000,0.000000,-1400.000000)
v(840.000000,0.000000,-700.000000)
v(700.000000,0.000000,-700.000000)
v(840.000000,0.000000,0.000000)
v(840.000000,0.000000,2100.000000)
v(840.000000,0.000000,2800.000000)
v(700.000000,0.000000,2100.000000)
v(840.000000,0.000000,1400.000000)
v(700.000000,0.000000,1400.000000)
v(840.000000,0.000000,700.000000)
v(700.000000,0.000000,700.000000)
v(-840.000000,0.000000,-2100.000000)
v(-840.000000,0.000000,-2800.000000)
v(-700.000000,0.000000,-2100.000000)
v(-840.000000,0.000000,-1400.000000)
v(-700.000000,0.000000,-1400.000000)
v(-840.000000,0.000000,-700.000000)
v(-700.000000,0.000000,-700.000000)
v(-840.000000,0.000000,0.000000)
v(-840.000000,0.000000,2100.000000)
v(-840.000000,0.000000,2800.000000)
v(-700.000000,0.000000,2100.000000)
v(-840.000000,0.000000,1400.000000)
v(-700.000000,0.000000,1400.000000)
v(-840.000000,0.000000,700.000000)
v(-700.000000,0.000000,700.000000)
v(-20.000000,-583.000000,280.000000)
v(-20.000000,-583.000000,-280.000000)
v(20.000000,-583.000000,-280.000000)
v(20.000000,-583.000000,280.000000)
v(-20.000000,-583.000000,1400.000000)
v(-20.000000,-583.000000,840.000000)
v(20.000000,-583.000000,840.000000)
v(20.000000,-583.000000,1400.000000)
v(-20.000000,-583.000000,-1400.000000)
v(-20.000000,-583.000000,-840.000000)
v(20.000000,-583.000000,-840.000000)
v(20.000000,-583.000000,-1400.000000)
v(-20.000000,-583.000000,1960.000000)
v(-20.000000,-583.000000,2520.000000)
v(20.000000,-583.000000,2520.000000)
v(20.000000,-583.000000,1960.000000)
v(-20.000000,-583.000000,-1960.000000)
v(-20.000000,-583.000000,-2520.000000)
v(20.000000,-583.000000,-2520.000000)
v(20.000000,-583.000000,-1960.000000)
v(-670.000000,-583.000000,40.000000)
v(-670.000000,-583.000000,-40.000000)
v(-630.000000,-583.000000,-40.000000)
v(-630.000000,-583.000000,40.000000)
v(670.000000,-583.000000,40.000000)
v(670.000000,-583.000000,-40.000000)
v(630.000000,-583.000000,-40.000000)
v(630.000000,-583.000000,40.000000)
v(-670.000000,-583.000000,1160.000000)
v(-670.000000,-583.000000,1080.000000)
v(-630.000000,-583.000000,1080.000000)
v(-630.000000,-583.000000,1160.000000)
v(670.000000,-583.000000,1160.000000)
v(670.000000,-583.000000,1080.000000)
v(630.000000,-583.000000,1080.000000)
v(630.000000,-583.000000,1160.000000)
v(-670.000000,-583.000000,-1160.000000)
v(-670.000000,-583.000000,-1080.000000)
v(-630.000000,-583.000000,-1080.000000)
v(-630.000000,-583.000000,-1160.000000)
v(670.000000,-583.000000,-1160.000000)
v(670.000000,-583.000000,-1080.000000)
v(630.000000,-583.000000,-1080.000000)
v(630.000000,-583.000000,-1160.000000)
v(-670.000000,-583.000000,2280.000000)
v(-670.000000,-583.000000,2200.000000)
v(-630.000000,-583.000000,2200.000000)
v(-630.000000,-583.000000,2280.000000)
v(670.000000,-583.000000,2280.000000)
v(670.000000,-583.000000,2200.000000)
v(630.000000,-583.000000,2200.000000)
v(630.000000,-583.000000,2280.000000)
v(-670.000000,-583.000000,-2280.000000)
v(-670.000000,-583.000000,-2200.000000)
v(-630.000000,-583.000000,-2200.000000)
v(-630.000000,-583.000000,-2280.000000)
v(670.000000,-583.000000,-2280.000000)
v(670.000000,-583.000000,-2200.000000)
v(630.000000,-583.000000,-2200.000000)
v(630.000000,-583.000000,-2280.000000)

<p>
c(150,150,150)
n(0.000000,1.000000,0.000000)
p(4,0,1,2,3)
t(1,0,3)
t(3,2,1)
</p>

<p>
c(145,145,145)
n(0.000000,1.000000,0.000000)
p(4,4,5,1,0)
t(5,4,0)
t(0,1,5)
</p>

<p>
c(150,150,150)
n(0.000000,1.000000,0.000000)
p(4,0,6,7,3)
t(7,3,0)
t(0,6,7)
</p>

<p>
c(150,150,150)
n(0.000000,1.000000,0.000000)
p(4,4,8,6,0)
t(6,0,4)
t(4,8,6)
</p>

<p>
c(145,145,145)
n(0.000000,1.000000,0.000000)
p(4,9,6,7,10)
t(6,9,10)
t(10,7,6)
</p>

<p>
c(150,150,150)
n(0.000000,1.000000,0.000000)
p(4,11,8,6,9)
t(8,11,9)
t(9,6,8)
</p>

<p>
c(150,150,150)
n(0.000000,1.000000,0.000000)
p(4,11,12,13,9)
t(13,9,11)
t(11,12,13)
</p>

<p>
c(145,145,145)
n(0.000000,1.000000,0.000000)
p(4,9,13,14,10)
t(14,10,9)
t(9,13,14)
</p>

<p>
c(145,145,145)
n(0.000000,1.000000,0.000000)
p(4,15,12,13,16)
t(12,15,16)
t(16,13,12)
</p>

<p>
c(150,150,150)
n(0.000000,1.000000,0.000000)
p(4,16,13,14,17)
t(13,16,17)
t(17,14,13)
</p>

<p>
c(150,150,150)
n(0.000000,1.000000,0.000000)
p(4,15,18,19,16)
t(19,16,15)
t(15,18,19)
</p>

<p>
c(145,145,145)
n(0.000000,1.000000,0.000000)
p(4,16,19,20,17)
t(20,17,16)
t(16,19,20)
</p>

<p>
c(150,150,150)
n(0.000000,1.000000,0.000000)
p(4,21,18,19,22)
t(18,21,22)
t(22,19,18)
</p>

<p>
c(150,150,150)
n(0.000000,1.000000,0.000000)
p(4,22,19,20,23)
t(19,22,23)
t(23,20,19)
</p>

<p>
c(145,145,145)
n(0.000000,1.000000,0.000000)
p(4,21,24,25,22)
t(25,22,21)
t(21,24,25)
</p>

<p>
c(145,145,145)
n(0.000000,1.000000,0.000000)
p(4,22,25,26,23)
t(26,23,22)
t(22,25,26)
</p>

<p>
c(145,145,145)
n(0.000000,1.000000,0.000000)
p(4,27,24,25,28)
t(24,27,28)
t(28,25,24)
</p>

<p>
c(150,150,150)
n(0.000000,1.000000,0.000000)
p(4,28,25,26,29)
t(25,28,29)
t(29,26,25)
</p>

<p>
c(150,150,150)
n(0.000000,1.000000,0.000000)
p(4,27,30,31,28)
t(31,28,27)
t(27,30,31)
</p>

<p>
c(145,145,145)
n(0.000000,1.000000,0.000000)
p(4,28,31,32,29)
t(32,29,28)
t(28,31,32)
</p>

<p>
c(150,150,150)
n(1.000000,0.000000,0.000000)
p(4,27,30,33,34)
t(30,27,34)
t(34,33,30)
</p>

<p>
c(150,150,150)
n(1.000000,0.000000,0.000000)
p(4,27,24,35,34)
t(35,34,27)
t(27,24,35)
</p>

<p>
c(150,150,150)
n(1.000000,0.000000,0.000000)
p(4,36,37,38,39)
t(37,36,39)
t(39,38,37)
</p>

<p>
c(150,150,150)
n(1.000000,0.000000,0.000000)
p(4,36,40,41,39)
t(41,39,36)
t(36,40,41)
</p>

<p>
c(150,150,150)
n(1.000000,0.000000,0.000000)
p(4,24,21,42,41)
t(42,41,24)
t(24,21,42)
</p>

<p>
c(150,150,150)
n(1.000000,0.000000,0.000000)
p(4,18,21,42,43)
t(21,18,43)
t(43,42,21)
</p>

<p>
c(150,150,150)
n(1.000000,0.000000,0.000000)
p(4,18,15,44,45)
t(44,45,18)
t(18,15,44)
</p>

<p>
c(150,150,150)
n(1.000000,0.000000,0.000000)
p(4,46,47,48,43)
t(48,43,46)
t(46,47,48)
</p>

<p>
c(150,150,150)
n(1.000000,0.000000,0.000000)
p(4,4,5,49,50)
t(49,50,4)
t(4,5,49)
</p>

<p>
c(150,150,150)
n(1.000000,0.000000,0.000000)
p(4,4,8,51,50)
t(8,4,50)
t(50,51,8)
</p>

<p>
c(150,150,150)
n(1.000000,0.000000,0.000000)
p(4,52,53,54,55)
t(54,55,52)
t(52,53,54)
</p>

<p>
c(150,150,150)
n(1.000000,0.000000,0.000000)
p(4,52,56,57,55)
t(56,52,55)
t(55,57,56)
</p>

<p>
c(150,150,150)
n(1.000000,0.000000,0.000000)
p(4,8,11,58,57)
t(11,8,57)
t(57,58,11)
</p>

<p>
c(150,150,150)
n(1.000000,0.000000,0.000000)
p(4,12,11,58,59)
t(58,59,12)
t(12,11,58)
</p>

<p>
c(150,150,150)
n(1.000000,0.000000,0.000000)
p(4,12,15,44,60)
t(15,12,60)
t(60,44,15)
</p>

<p>
c(150,150,150)
n(1.000000,0.000000,0.000000)
p(4,61,47,48,59)
t(47,61,59)
t(59,48,47)
</p>

<p>
c(150,150,150)
n(1.000000,0.000000,0.000000)
p(4,29,32,62,63)
t(32,29,63)
t(63,62,32)
</p>

<p>
c(150,150,150)
n(1.000000,0.000000,0.000000)
p(4,29,26,64,63)
t(64,63,29)
t(29,26,64)
</p>

<p>
c(150,150,150)
n(1.000000,0.000000,0.000000)
p(4,65,66,67,68)
t(66,65,68)
t(68,67,66)
</p>

<p>
c(150,150,150)
n(1.000000,0.000000,0.000000)
p(4,65,69,70,68)
t(70,68,65)
t(65,69,70)
</p>

<p>
c(150,150,150)
n(1.000000,0.000000,0.000000)
p(4,26,23,71,70)
t(71,70,26)
t(26,23,71)
</p>

<p>
c(150,150,150)
n(1.000000,0.000000,0.000000)
p(4,20,23,71,72)
t(23,20,72)
t(72,71,23)
</p>

<p>
c(150,150,150)
n(1.000000,0.000000,0.000000)
p(4,20,17,73,74)
t(73,74,20)
t(20,17,73)
</p>

<p>
c(150,150,150)
n(1.000000,0.000000,0.000000)
p(4,75,76,77,72)
t(77,72,75)
t(75,76,77)
</p>

<p>
c(150,150,150)
n(1.000000,0.000000,0.000000)
p(4,3,2,78,79)
t(78,79,3)
t(3,2,78)
</p>

<p>
c(150,150,150)
n(1.000000,0.000000,0.000000)
p(4,3,7,80,79)
t(7,3,79)
t(79,80,7)
</p>

<p>
c(150,150,150)
n(1.000000,0.000000,0.000000)
p(4,81,82,83,84)
t(83,84,81)
t(81,82,83)
</p>

<p>
c(150,150,150)
n(1.000000,0.000000,0.000000)
p(4,81,85,86,84)
t(85,81,84)
t(84,86,85)
</p>

<p>
c(150,150,150)
n(1.000000,0.000000,0.000000)
p(4,7,10,87,86)
t(10,7,86)
t(86,87,10)
</p>

<p>
c(150,150,150)
n(1.000000,0.000000,0.000000)
p(4,14,10,87,88)
t(87,88,14)
t(14,10,87)
</p>

<p>
c(150,150,150)
n(1.000000,0.000000,0.000000)
p(4,14,17,73,89)
t(17,14,89)
t(89,73,17)
</p>

<p>
c(150,150,150)
n(1.000000,0.000000,0.000000)
p(4,90,76,77,88)
t(76,90,88)
t(88,77,76)
</p>

<p>
c(176,176,176)
n(0.000000,0.000000,1.000000)
p(4,37,38,91,92)
t(38,37,92)
t(92,91,38)
</p>

<p>
c(176,176,176)
n(0.000000,0.000000,1.000000)
p(4,66,67,91,92)
t(91,92,66)
t(66,67,91)
</p>

<p>
c(176,176,176)
n(0.000000,0.000000,1.000000)
p(4,53,54,93,94)
t(54,53,94)
t(94,93,54)
</p>

<p>
c(176,176,176)
n(0.000000,0.000000,1.000000)
p(4,82,83,93,94)
t(93,94,82)
t(82,83,93)
</p>

<p>
c(176,176,176)
n(0.000000,0.000000,1.000000)
p(4,49,5,1,95)
t(1,95,49)
t(49,5,1)
</p>

<p>
c(176,176,176)
n(0.000000,0.000000,1.000000)
p(4,78,2,1,95)
t(2,78,95)
t(95,1,2)
</p>

<p>
c(176,176,176)
n(0.000000,0.000000,1.000000)
p(4,33,30,31,96)
t(31,96,33)
t(33,30,31)
</p>

<p>
c(176,176,176)
n(0.000000,0.000000,1.000000)
p(4,62,32,31,96)
t(32,62,96)
t(96,31,32)
</p>

<p>
c(180,180,180)
n(0.000000,1.000000,0.000000)
p(4,97,98,83,99)
t(83,99,97)
t(97,98,83)
</p>

<p>
c(180,180,180)
n(0.000000,1.000000,0.000000)
p(4,100,97,99,101)
t(99,101,100)
t(100,97,99)
</p>

<p>
c(180,180,180)
n(0.000000,1.000000,0.000000)
p(4,100,102,103,101)
t(102,100,101)
t(101,103,102)
</p>

<p>
c(180,180,180)
n(0.000000,1.000000,0.000000)
p(4,102,104,77,103)
t(104,102,103)
t(103,77,104)
</p>

<p>
c(180,180,180)
n(0.000000,1.000000,0.000000)
p(4,105,106,67,107)
t(106,105,107)
t(107,67,106)
</p>

<p>
c(180,180,180)
n(0.000000,1.000000,0.000000)
p(4,108,105,107,109)
t(105,108,109)
t(109,107,105)
</p>

<p>
c(180,180,180)
n(0.000000,1.000000,0.000000)
p(4,108,110,111,109)
t(111,109,108)
t(108,110,111)
</p>

<p>
c(180,180,180)
n(0.000000,1.000000,0.000000)
p(4,110,104,77,111)
t(77,111,110)
t(110,104,77)
</p>

<p>
c(180,180,180)
n(0.000000,1.000000,0.000000)
p(4,97,98,83,99)
t(83,99,97)
t(97,98,83)
</p>

<p>
c(180,180,180)
n(0.000000,1.000000,0.000000)
p(4,100,97,99,101)
t(99,101,100)
t(100,97,99)
</p>

<p>
c(180,180,180)
n(0.000000,1.000000,0.000000)
p(4,100,102,103,101)
t(102,100,101)
t(101,103,102)
</p>

<p>
c(180,180,180)
n(0.000000,1.000000,0.000000)
p(4,102,104,77,103)
t(104,102,103)
t(103,77,104)
</p>

<p>
c(180,180,180)
n(0.000000,1.000000,0.000000)
p(4,112,113,54,114)
t(113,112,114)
t(114,54,113)
</p>

<p>
c(180,180,180)
n(0.000000,1.000000,0.000000)
p(4,115,112,114,116)
t(112,115,116)
t(116,114,112)
</p>

<p>
c(180,180,180)
n(0.000000,1.000000,0.000000)
p(4,115,117,118,116)
t(118,116,115)
t(115,117,118)
</p>

<p>
c(180,180,180)
n(0.000000,1.000000,0.000000)
p(4,117,119,48,118)
t(48,118,117)
t(117,119,48)
</p>

<p>
c(180,180,180)
n(0.000000,1.000000,0.000000)
p(4,120,121,38,122)
t(38,122,120)
t(120,121,38)
</p>

<p>
c(180,180,180)
n(0.000000,1.000000,0.000000)
p(4,123,120,122,124)
t(122,124,123)
t(123,120,122)
</p>

<p>
c(180,180,180)
n(0.000000,1.000000,0.000000)
p(4,123,125,126,124)
t(125,123,124)
t(124,126,125)
</p>

<p>
c(180,180,180)
n(0.000000,1.000000,0.000000)
p(4,125,119,48,126)
t(119,125,126)
t(126,48,119)
</p>

<p>
c(180,180,180)
n(0.000000,1.000000,0.000000)
p(4,127,128,129,130)
t(128,127,130)
t(130,129,128)
</p>

<p>
c(180,180,180)
n(0.000000,1.000000,0.000000)
p(4,131,132,133,134)
t(132,131,134)
t(134,133,132)
</p>

<p>
c(180,180,180)
n(0.000000,1.000000,0.000000)
p(4,135,136,137,138)
t(137,138,135)
t(135,136,137)
</p>

<p>
c(180,180,180)
n(0.000000,1.000000,0.000000)
p(4,139,140,141,142)
t(141,142,139)
t(139,140,141)
</p>

<p>
c(180,180,180)
n(0.000000,1.000000,0.000000)
p(4,143,144,145,146)
t(144,143,146)
t(146,145,144)
</p>

<p>
c(206,140,19)
light()
n(0.000000,1.000000,0.000000)
p(4,147,148,149,150)
t(148,147,150)
t(150,149,148)
</p>

<p>
c(206,140,19)
light()
n(0.000000,1.000000,0.000000)
p(4,151,152,153,154)
t(153,154,151)
t(151,152,153)
</p>

<p>
c(206,140,19)
light()
n(0.000000,1.000000,0.000000)
p(4,155,156,157,158)
t(156,155,158)
t(158,157,156)
</p>

<p>
c(206,140,19)
light()
n(0.000000,1.000000,0.000000)
p(4,159,160,161,162)
t(161,162,159)
t(159,160,161)
</p>

<p>
c(206,140,19)
light()
n(0.000000,1.000000,0.000000)
p(4,163,164,165,166)
t(165,166,163)
t(163,164,165)
</p>

<p>
c(206,140,19)
light()
n(0.000000,1.000000,0.000000)
p(4,167,168,169,170)
t(168,167,170)
t(170,169,168)
</p>

<p>
c(206,140,19)
light()
n(0.000000,1.000000,0.000000)
p(4,171,172,173,174)
t(172,171,174)
t(174,173,172)
</p>

<p>
c(206,140,19)
light()
n(0.000000,1.000000,0.000000)
p(4,175,176,177,178)
t(177,178,175)
t(175,176,177)
</p>

<p>
c(206,140,19)
light()
n(0.000000,1.000000,0.000000)
p(4,179,180,181,182)
t(181,182,179)
t(179,180,181)
</p>

<p>
c(206,140,19)
light()
n(0.000000,1.000000,0.000000)
p(4,183,184,185,186)
t(184,183,186)
t(186,185,184)
</p>

