v(-233.100000,-655.200000,-8.400000)
v(-201.600000,-640.500000,-10.500000)
v(-111.300000,-693.000000,-4.200000)
v(-128.100000,-716.100000,0.000000)
v(-363.300000,-543.900000,-27.300000)
v(-308.700000,-562.800000,-23.100000)
v(-44.100000,-686.700000,-6.300000)
v(-46.200000,-716.100000,0.000000)
v(-94.500000,-638.400000,142.800000)
v(-65.100000,-686.700000,54.600000)
v(-71.400000,-705.600000,71.400000)
v(-105.000000,-651.000000,176.400000)
v(-140.700000,-522.900000,285.600000)
v(-123.900000,-550.200000,235.200000)
v(-44.100000,-688.800000,-10.500000)
v(-46.200000,-716.100000,-4.200000)
v(2.100000,-695.100000,27.300000)
v(14.700000,-718.200000,42.000000)
v(113.400000,-701.400000,102.900000)
v(88.200000,-686.700000,84.000000)
v(222.600000,-638.400000,165.900000)
v(184.800000,-636.300000,136.500000)
v(-52.500000,-718.200000,-6.300000)
v(-50.400000,-688.800000,-12.600000)
v(-2.100000,-707.700000,-42.000000)
v(8.400000,-732.900000,-48.300000)
v(105.000000,-718.200000,-117.600000)
v(81.900000,-695.100000,-105.000000)
v(220.500000,-632.100000,-214.200000)
v(182.700000,-653.100000,-180.600000)
v(-54.600000,-716.100000,-2.100000)
v(-54.600000,-686.700000,-8.400000)
v(-100.800000,-693.000000,-161.700000)
v(-71.400000,-707.700000,-65.100000)
v(-77.700000,-730.800000,-73.500000)
v(-111.300000,-714.000000,-186.900000)
v(-149.100000,-632.100000,-333.900000)
v(-130.200000,-640.500000,-279.300000)
v(-50.400000,-686.700000,-4.200000)
v(-52.500000,-716.100000,2.100000)
v(-23.100000,-777.000000,8.400000)
v(-39.900000,-798.000000,12.600000)
v(44.100000,-865.200000,6.300000)
v(56.700000,-842.100000,2.100000)
v(119.700000,-873.600000,12.600000)
v(151.200000,-865.200000,0.000000)
v(-37.800000,-709.800000,-2.100000)
v(-63.000000,-720.300000,0.000000)
v(-98.700000,-672.000000,-8.400000)
v(-123.900000,-686.700000,-6.300000)
v(-212.100000,-606.900000,-18.900000)
v(-178.500000,-602.700000,-21.000000)
v(-310.800000,-491.400000,-46.200000)
v(-266.700000,-531.300000,-39.900000)
v(-35.700000,-693.000000,-4.200000)
v(-46.200000,-718.200000,0.000000)
v(-92.400000,-583.800000,138.600000)
v(-81.900000,-585.900000,105.000000)
v(-60.900000,-667.800000,39.900000)
v(-69.300000,-678.300000,63.000000)
v(-109.200000,-420.000000,193.200000)
v(-98.700000,-466.200000,157.500000)
v(-42.000000,-695.100000,-16.800000)
v(-44.100000,-718.200000,-2.100000)
v(71.400000,-615.300000,54.600000)
v(-6.300000,-672.000000,16.800000)
v(12.600000,-688.800000,33.600000)
v(98.700000,-619.500000,75.600000)
v(144.900000,-546.000000,100.800000)
v(115.500000,-556.500000,79.800000)
v(-58.800000,-693.000000,-16.800000)
v(-50.400000,-720.300000,-6.300000)
v(58.800000,-632.100000,-96.600000)
v(-10.500000,-684.600000,-39.900000)
v(6.300000,-703.500000,-50.400000)
v(86.100000,-642.600000,-115.500000)
v(163.800000,-506.100000,-191.100000)
v(128.100000,-537.600000,-159.600000)
v(-60.900000,-690.900000,0.000000)
v(-54.600000,-718.200000,-2.100000)
v(-98.700000,-640.500000,-174.300000)
v(-88.200000,-630.000000,-142.800000)
v(-65.100000,-680.400000,-56.700000)
v(-75.600000,-701.400000,-75.600000)
v(-117.600000,-504.000000,-281.400000)
v(-105.000000,-535.500000,-233.100000)
v(-48.300000,-688.800000,6.300000)
v(-50.400000,-718.200000,2.100000)
v(58.800000,-791.700000,-111.300000)
v(-12.600000,-743.400000,-50.400000)
v(-14.700000,-770.700000,-46.200000)
v(67.200000,-825.300000,-115.500000)
v(193.200000,-842.100000,-233.100000)
v(151.200000,-810.600000,-207.900000)
v(-44.100000,-688.800000,-27.300000)
v(-56.700000,-709.800000,-10.500000)
v(2.100000,-728.700000,58.800000)
v(2.100000,-756.000000,65.100000)
v(73.500000,-779.100000,159.600000)
v(65.100000,-751.800000,142.800000)
v(180.600000,-751.800000,291.900000)
v(153.300000,-718.200000,247.800000)
v(-25.200000,-686.700000,12.600000)
v(-37.800000,-714.000000,4.200000)
v(18.900000,-772.800000,-27.300000)
v(117.600000,-819.000000,-60.900000)
v(105.000000,-785.400000,-60.900000)
v(21.000000,-745.500000,-31.500000)
v(237.300000,-783.300000,-109.200000)
v(268.800000,-816.900000,-119.700000)
v(-23.100000,-695.100000,-23.100000)
v(-39.900000,-716.100000,-12.600000)
v(-69.300000,-798.000000,-170.100000)
v(-63.000000,-749.700000,-77.700000)
v(-63.000000,-777.000000,-73.500000)
v(-71.400000,-831.600000,-178.500000)
v(-79.800000,-850.500000,-350.700000)
v(-75.600000,-810.600000,-310.800000)
v(-56.700000,-716.100000,-14.700000)
v(-56.700000,-695.100000,-35.700000)
v(-245.700000,-798.000000,2.100000)
v(-201.600000,-762.300000,-35.700000)
v(-132.300000,-732.900000,-12.600000)
v(-132.300000,-760.200000,-8.400000)
v(-413.700000,-783.300000,-48.300000)
v(-338.100000,-774.900000,-35.700000)
v(-79.800000,-686.700000,-8.400000)
v(-67.200000,-711.900000,-2.100000)
v(-90.300000,-720.300000,71.400000)
v(-90.300000,-749.700000,75.600000)
v(-176.400000,-760.200000,178.500000)
v(-168.000000,-730.800000,157.500000)
v(-249.900000,-722.400000,317.100000)
v(-203.700000,-705.600000,270.900000)
v(-52.500000,-711.900000,12.600000)
v(-60.900000,-684.600000,21.000000)
v(-119.700000,-863.100000,6.300000)
v(-138.600000,-846.300000,2.100000)
v(-65.100000,-774.900000,8.400000)
v(-44.100000,-793.800000,10.500000)
v(-207.900000,-896.700000,14.700000)
v(-262.500000,-903.000000,2.100000)
v(-58.800000,-705.600000,-2.100000)
v(-33.600000,-714.000000,-2.100000)
v(-218.400000,-802.200000,-88.200000)
v(-174.300000,-764.400000,-86.100000)
v(-117.600000,-735.000000,-39.900000)
v(-117.600000,-762.300000,-35.700000)
v(-367.500000,-798.000000,-180.600000)
v(-298.200000,-777.000000,-157.500000)
v(-71.400000,-686.700000,-23.100000)
v(-58.800000,-711.900000,-10.500000)
v(-254.100000,-510.300000,-44.100000)
v(-44.100000,-718.200000,16.800000)
v(-31.500000,-722.400000,-2.100000)
v(-6.300000,-688.800000,-8.400000)
v(-37.800000,-678.300000,35.700000)
v(-67.200000,-718.200000,10.500000)
v(-88.200000,-678.300000,18.900000)
v(-44.100000,-724.500000,-21.000000)
v(-37.800000,-695.100000,-50.400000)
v(-88.200000,-688.800000,-35.700000)
v(-67.200000,-722.400000,-12.600000)
v(-63.000000,-653.100000,-25.200000)
v(-63.000000,-651.000000,-2.100000)
v(-42.000000,-657.300000,-31.500000)
v(-27.300000,-655.200000,-12.600000)
v(-42.000000,-648.900000,4.200000)
v(-39.900000,-394.800000,-14.700000)
v(-33.600000,-361.200000,8.400000)
v(-21.000000,-363.300000,-18.900000)
v(-14.700000,-308.700000,14.700000)
v(-31.500000,-363.300000,16.800000)
v(-27.300000,0.000000,-4.200000)
v(-27.300000,0.000000,29.400000)
v(4.200000,0.000000,-14.700000)
v(25.200000,0.000000,12.600000)
v(4.200000,0.000000,39.900000)
v(-319.200000,0.000000,48.300000)
v(-233.100000,0.000000,60.900000)
v(-195.300000,0.000000,84.000000)
v(-226.800000,0.000000,157.500000)
v(-294.000000,0.000000,310.800000)
v(-243.600000,0.000000,350.700000)
v(-195.300000,0.000000,333.900000)
v(-126.000000,0.000000,312.900000)
v(-46.200000,0.000000,134.400000)
v(6.300000,0.000000,123.900000)
v(75.600000,0.000000,231.000000)
v(144.900000,0.000000,302.400000)
v(197.400000,0.000000,317.100000)
v(235.200000,0.000000,270.900000)
v(163.800000,0.000000,197.400000)
v(252.000000,0.000000,184.800000)
v(258.300000,0.000000,123.900000)
v(136.500000,0.000000,67.200000)
v(121.800000,0.000000,37.800000)
v(186.900000,0.000000,10.500000)
v(195.300000,0.000000,-46.200000)
v(252.000000,0.000000,-84.000000)
v(310.800000,0.000000,-107.100000)
v(306.600000,0.000000,-153.300000)
v(235.200000,0.000000,-174.300000)
v(241.500000,0.000000,-222.600000)
v(218.400000,0.000000,-281.400000)
v(117.600000,0.000000,-258.300000)
v(31.500000,0.000000,-186.900000)
v(-27.300000,0.000000,-205.800000)
v(-37.800000,0.000000,-338.100000)
v(-67.200000,0.000000,-394.800000)
v(-119.700000,0.000000,-405.300000)
v(-189.000000,0.000000,-361.200000)
v(-195.300000,0.000000,-268.800000)
v(-174.300000,0.000000,-172.200000)
v(-205.800000,0.000000,-147.000000)
v(-294.000000,0.000000,-180.600000)
v(-359.100000,0.000000,-207.900000)
v(-409.500000,0.000000,-161.700000)
v(-350.700000,0.000000,-105.000000)
v(-291.900000,0.000000,-84.000000)
v(-340.200000,0.000000,-67.200000)
v(-443.100000,0.000000,-77.700000)
v(-409.500000,0.000000,0.000000)

<p>
c(40,115,20)
n(0.011988,0.149472,0.988693)
C(-168.525000,-676.200000,-5.775000)
p(4,0,1,2,3)
t(1,0,3)
t(3,2,1)
</p>

<p>
c(81,138,24)
n(-0.014325,0.147744,0.988922)
C(-276.675000,-600.600000,-17.325000)
p(4,1,0,4,5)
t(0,1,5)
t(5,4,0)
</p>

<p>
c(123,161,28)
n(0.004806,0.196690,0.980454)
C(-82.425000,-702.975000,-2.625000)
p(4,2,6,7,3)
t(6,2,3)
t(3,7,6)
</p>

<p>
c(40,115,20)
n(-0.949991,0.005477,-0.312229)
C(-84.000000,-670.425000,111.300000)
p(4,8,9,10,11)
t(10,11,8)
t(8,9,10)
</p>

<p>
c(81,138,24)
n(-0.951899,-0.001647,-0.306409)
C(-116.025000,-590.625000,210.000000)
p(4,8,11,12,13)
t(12,13,8)
t(8,11,12)
</p>

<p>
c(123,161,28)
n(-0.949485,0.013181,-0.313535)
C(-56.700000,-699.300000,27.825000)
p(4,14,15,10,9)
t(10,9,14)
t(14,15,10)
</p>

<p>
c(40,115,20)
n(0.544734,-0.189550,-0.816906)
C(54.600000,-700.350000,64.050000)
p(4,16,17,18,19)
t(17,16,19)
t(19,18,17)
</p>

<p>
c(81,138,24)
n(-0.560710,0.194715,0.804792)
C(152.250000,-665.700000,122.325000)
p(4,19,18,20,21)
t(20,21,19)
t(19,18,20)
</p>

<p>
c(123,161,28)
n(-0.573403,0.203968,0.793478)
C(-21.525000,-705.075000,12.600000)
p(4,22,17,16,23)
t(16,23,22)
t(22,17,16)
</p>

<p>
c(40,115,20)
n(0.579725,0.086046,0.810256)
C(48.300000,-713.475000,-78.225000)
p(4,24,25,26,27)
t(26,27,24)
t(24,25,26)
</p>

<p>
c(81,138,24)
n(-0.574094,-0.126015,-0.809034)
C(147.525000,-674.625000,-154.350000)
p(4,27,26,28,29)
t(26,27,29)
t(29,28,26)
</p>

<p>
c(40,115,20)
n(-0.593557,-0.124337,-0.795129)
C(-25.725000,-710.850000,-25.200000)
p(4,30,25,24,31)
t(25,30,31)
t(31,24,25)
</p>

<p>
c(123,161,28)
n(-0.944378,0.129265,0.302391)
C(-90.300000,-711.375000,-121.800000)
p(4,32,33,34,35)
t(33,32,35)
t(35,34,33)
</p>

<p>
c(40,115,20)
n(0.938482,-0.144294,-0.313737)
C(-122.850000,-669.900000,-240.450000)
p(4,32,35,36,37)
t(36,37,32)
t(32,35,36)
</p>

<p>
c(81,138,24)
n(0.948414,-0.137899,-0.285474)
C(-63.000000,-710.325000,-35.175000)
p(4,38,39,34,33)
t(34,33,38)
t(38,39,34)
</p>

<p>
c(123,161,28)
n(0.011988,0.149472,0.988693)
C(-168.525000,-676.200000,-5.775000)
p(4,0,1,2,3)
t(1,0,3)
t(3,2,1)
</p>

<p>
c(40,115,20)
n(-0.014325,0.147744,0.988922)
C(-276.675000,-600.600000,-17.325000)
p(4,1,0,4,5)
t(0,1,5)
t(5,4,0)
</p>

<p>
c(81,138,24)
n(0.004806,0.196690,0.980454)
C(-82.425000,-702.975000,-2.625000)
p(4,2,6,7,3)
t(6,2,3)
t(3,7,6)
</p>

<p>
c(123,161,28)
n(0.147625,0.089034,0.985028)
C(9.450000,-820.575000,7.350000)
p(4,40,41,42,43)
t(42,43,40)
t(40,41,42)
</p>

<p>
c(40,115,20)
n(0.054452,0.357885,0.932177)
C(92.925000,-861.525000,5.250000)
p(4,44,45,43,42)
t(43,42,44)
t(44,45,43)
</p>

<p>
c(81,138,24)
n(0.023645,0.163761,0.986217)
C(-40.950000,-751.275000,4.725000)
p(4,46,47,41,40)
t(41,40,46)
t(46,47,41)
</p>

<p>
c(123,161,28)
n(0.011686,0.178692,0.983836)
C(-153.300000,-642.075000,-13.650000)
p(4,48,49,50,51)
t(49,48,51)
t(51,50,49)
</p>

<p>
c(40,115,20)
n(0.038730,0.269776,0.962144)
C(-242.025000,-558.075000,-31.500000)
p(4,51,50,52,53)
t(50,51,53)
t(53,52,50)
</p>

<p>
c(81,138,24)
n(-0.011617,0.166437,0.985984)
C(-76.125000,-692.475000,-4.725000)
p(4,49,48,54,55)
t(48,49,55)
t(55,54,48)
</p>

<p>
c(123,161,28)
n(-0.949214,0.013868,-0.314325)
C(-76.125000,-628.950000,86.625000)
p(4,56,57,58,59)
t(58,59,56)
t(56,57,58)
</p>

<p>
c(40,115,20)
n(-0.956727,-0.002932,-0.290971)
C(-95.550000,-513.975000,148.575000)
p(4,57,56,60,61)
t(60,61,57)
t(57,56,60)
</p>

<p>
c(81,138,24)
n(-0.948375,-0.063866,-0.310653)
C(-54.075000,-689.850000,21.000000)
p(4,58,62,63,59)
t(63,59,58)
t(58,62,63)
</p>

<p>
c(123,161,28)
n(-0.556570,0.214256,0.802698)
C(44.100000,-648.900000,45.150000)
p(4,64,65,66,67)
t(66,67,64)
t(64,65,66)
</p>

<p>
c(40,115,20)
n(-0.598949,0.106167,0.793718)
C(107.625000,-584.325000,77.700000)
p(4,68,69,64,67)
t(64,67,68)
t(68,69,64)
</p>

<p>
c(81,138,24)
n(0.576516,-0.140320,-0.804947)
C(-25.725000,-693.525000,6.825000)
p(4,70,71,66,65)
t(71,70,65)
t(65,66,71)
</p>

<p>
c(123,161,28)
n(-0.591069,-0.084361,-0.802197)
C(35.175000,-665.700000,-75.600000)
p(4,72,73,74,75)
t(73,72,75)
t(75,74,73)
</p>

<p>
c(40,115,20)
n(0.598587,0.097028,0.795160)
C(109.200000,-579.600000,-140.700000)
p(4,76,77,72,75)
t(72,75,76)
t(76,77,72)
</p>

<p>
c(81,138,24)
n(0.608172,0.087554,0.788962)
C(-29.925000,-699.300000,-23.100000)
p(4,78,79,74,73)
t(74,73,78)
t(78,79,74)
</p>

<p>
c(40,115,20)
n(-0.940640,0.131160,0.313039)
C(-81.900000,-663.075000,-112.350000)
p(4,80,81,82,83)
t(81,80,83)
t(83,82,81)
</p>

<p>
c(123,161,28)
n(-0.948932,0.105968,0.297151)
C(-102.375000,-577.500000,-207.900000)
p(4,81,80,84,85)
t(80,81,85)
t(85,84,80)
</p>

<p>
c(40,115,20)
n(-0.948632,0.090194,0.303253)
C(-59.850000,-697.200000,-30.975000)
p(4,82,86,87,83)
t(86,82,83)
t(83,87,86)
</p>

<p>
c(81,138,24)
n(-0.672361,-0.069489,-0.736954)
C(24.675000,-782.775000,-80.850000)
p(4,88,89,90,91)
t(89,88,91)
t(91,90,89)
</p>

<p>
c(40,115,20)
n(-0.697954,-0.221696,-0.680963)
C(117.600000,-817.425000,-166.950000)
p(4,88,91,92,93)
t(91,88,93)
t(93,92,91)
</p>

<p>
c(123,161,28)
n(0.709992,0.094419,0.697851)
C(-32.025000,-728.175000,-33.600000)
p(4,90,89,94,95)
t(94,95,90)
t(90,89,94)
</p>

<p>
c(123,161,28)
n(0.772553,-0.142882,-0.618666)
C(35.700000,-753.900000,106.575000)
p(4,96,97,98,99)
t(97,96,99)
t(99,98,97)
</p>

<p>
c(81,138,24)
n(0.782039,-0.149005,-0.605154)
C(118.125000,-750.225000,210.525000)
p(4,100,101,99,98)
t(101,100,98)
t(98,99,101)
</p>

<p>
c(123,161,28)
n(0.775145,-0.158404,-0.611603)
C(-14.700000,-721.350000,35.175000)
p(4,97,96,102,103)
t(96,97,103)
t(103,102,96)
</p>

<p>
c(40,115,20)
n(0.376386,0.128083,0.917567)
C(65.625000,-780.675000,-45.150000)
p(4,104,105,106,107)
t(106,107,104)
t(104,105,106)
</p>

<p>
c(40,115,20)
n(-0.351698,-0.085121,-0.932235)
C(182.175000,-801.150000,-87.675000)
p(4,108,106,105,109)
t(106,108,109)
t(109,105,106)
</p>

<p>
c(40,115,20)
n(0.359031,0.144434,0.922082)
C(-5.775000,-732.375000,-23.625000)
p(4,107,110,111,104)
t(111,104,107)
t(107,110,111)
</p>

<p>
c(81,138,24)
n(0.997805,-0.030257,-0.058911)
C(-66.675000,-789.075000,-124.950000)
p(4,112,113,114,115)
t(114,115,112)
t(112,113,114)
</p>

<p>
c(123,161,28)
n(0.997426,-0.058773,-0.041071)
C(-74.025000,-822.675000,-252.525000)
p(4,112,115,116,117)
t(116,117,112)
t(112,115,116)
</p>

<p>
c(81,138,24)
n(0.996385,-0.043314,-0.073075)
C(-59.850000,-734.475000,-50.400000)
p(4,118,114,113,119)
t(113,119,118)
t(118,114,113)
</p>

<p>
c(123,161,28)
n(-0.307189,0.764030,0.567357)
C(-177.975000,-763.350000,-13.650000)
p(4,120,121,122,123)
t(121,120,123)
t(123,122,121)
</p>

<p>
c(40,115,20)
n(0.107418,-0.775034,-0.622722)
C(-299.775000,-779.625000,-29.400000)
p(4,121,120,124,125)
t(125,121,120)
t(120,124,125)
</p>

<p>
c(81,138,24)
n(-0.202499,0.144592,0.968549)
C(-102.900000,-722.925000,-7.875000)
p(4,126,127,123,122)
t(127,126,122)
t(122,123,127)
</p>

<p>
c(123,161,28)
n(0.735341,0.174610,0.654816)
C(-131.250000,-740.250000,120.750000)
p(4,128,129,130,131)
t(129,128,131)
t(131,130,129)
</p>

<p>
c(123,161,28)
n(-0.819600,0.349291,-0.454150)
C(-199.500000,-729.750000,231.000000)
p(4,132,133,131,130)
t(131,130,132)
t(132,133,131)
</p>

<p>
c(40,115,20)
n(-0.832579,-0.083274,-0.547611)
C(-73.500000,-716.625000,45.150000)
p(4,134,129,128,135)
t(128,135,134)
t(134,129,128)
</p>

<p>
c(81,138,24)
n(-0.112901,0.045547,0.992562)
C(-91.875000,-819.525000,6.825000)
p(4,136,137,138,139)
t(137,136,139)
t(139,138,137)
</p>

<p>
c(123,161,28)
n(-0.142316,0.393464,0.908258)
C(-182.175000,-877.275000,6.300000)
p(4,137,136,140,141)
t(136,137,141)
t(141,140,136)
</p>

<p>
c(40,115,20)
n(0.043218,0.148383,0.987985)
C(-50.400000,-747.075000,3.675000)
p(4,138,142,143,139)
t(142,138,139)
t(139,143,142)
</p>

<p>
c(81,138,24)
n(0.772553,-0.142882,-0.618666)
C(35.700000,-753.900000,106.575000)
p(4,96,97,98,99)
t(97,96,99)
t(99,98,97)
</p>

<p>
c(123,161,28)
n(0.782039,-0.149005,-0.605154)
C(118.125000,-750.225000,210.525000)
p(4,100,101,99,98)
t(101,100,98)
t(98,99,101)
</p>

<p>
c(40,115,20)
n(0.775145,-0.158404,-0.611603)
C(-14.700000,-721.350000,35.175000)
p(4,97,96,102,103)
t(96,97,103)
t(103,102,96)
</p>

<p>
c(81,138,24)
n(0.594744,-0.447148,-0.668086)
C(-156.975000,-765.975000,-62.475000)
p(4,144,145,146,147)
t(146,147,144)
t(144,145,146)
</p>

<p>
c(123,161,28)
n(-0.446099,0.528562,0.722231)
C(-264.600000,-785.400000,-128.100000)
p(4,145,144,148,149)
t(144,145,149)
t(149,148,144)
</p>

<p>
c(81,138,24)
n(-0.493211,0.159375,0.855186)
C(-91.350000,-723.975000,-27.300000)
p(4,150,151,147,146)
t(151,150,146)
t(146,147,151)
</p>

<p>
c(40,115,20)
n(0.011686,0.178692,0.983836)
C(-153.300000,-642.075000,-13.650000)
p(4,48,49,50,51)
t(49,48,51)
t(51,50,49)
</p>

<p>
c(123,161,28)
n(0.044623,0.269988,0.961829)
C(-238.875000,-552.825000,-32.550000)
p(4,152,51,50,52)
t(51,152,52)
t(52,50,51)
</p>

<p>
c(40,115,20)
n(-0.011617,0.166437,0.985984)
C(-76.125000,-692.475000,-4.725000)
p(4,49,48,54,55)
t(48,49,55)
t(55,54,48)
</p>

<p>
c(140,107,76)
n(0.700586,-0.401412,0.589955)
C(-29.925000,-701.925000,10.500000)
p(4,153,154,155,156)
t(155,156,153)
t(153,154,155)
</p>

<p>
c(140,107,76)
n(0.287079,0.357108,-0.888853)
C(-59.325000,-698.250000,20.475000)
p(4,153,157,158,156)
t(158,156,153)
t(153,157,158)
</p>

<p>
c(140,107,76)
n(0.690419,-0.585917,-0.424292)
C(-29.925000,-707.700000,-20.475000)
p(4,159,154,155,160)
t(154,159,160)
t(160,155,154)
</p>

<p>
c(140,107,76)
n(0.290743,0.651851,0.700400)
C(-59.325000,-707.700000,-29.925000)
p(4,161,162,159,160)
t(159,160,161)
t(161,162,159)
</p>

<p>
c(140,107,76)
n(-0.872377,-0.480179,0.091579)
C(-77.700000,-701.925000,-4.725000)
p(4,161,158,157,162)
t(158,161,162)
t(162,157,158)
</p>

<p>
c(140,107,76)
n(-0.785414,0.609482,-0.107959)
C(-75.600000,-667.800000,-11.025000)
p(4,163,164,158,161)
t(164,163,161)
t(161,158,164)
</p>

<p>
c(140,107,76)
n(0.203732,-0.413052,0.887627)
C(-57.750000,-673.575000,-35.700000)
p(4,160,165,163,161)
t(163,161,160)
t(160,165,163)
</p>

<p>
c(140,107,76)
n(0.713737,0.373874,-0.592283)
C(-28.350000,-674.100000,-25.725000)
p(4,160,155,166,165)
t(155,160,165)
t(165,166,155)
</p>

<p>
c(140,107,76)
n(0.230500,-0.705328,-0.670359)
C(-57.750000,-664.125000,14.175000)
p(4,164,167,156,158)
t(156,158,164)
t(164,167,156)
</p>

<p>
c(140,107,76)
n(0.742077,0.530104,0.410257)
C(-28.350000,-667.800000,4.725000)
p(4,156,155,166,167)
t(166,167,156)
t(156,155,166)
</p>

<p>
c(140,107,76)
n(0.993725,-0.093174,-0.061884)
C(-49.875000,-515.025000,-8.400000)
p(4,164,163,168,169)
t(168,169,164)
t(164,163,168)
</p>

<p>
c(140,107,76)
n(0.291658,-0.063098,0.954439)
C(-41.475000,-517.125000,-22.575000)
p(4,165,170,168,163)
t(168,163,165)
t(165,170,168)
</p>

<p>
c(140,107,76)
n(-0.950112,0.028987,0.310558)
C(-26.250000,-496.125000,-12.075000)
p(4,166,171,170,165)
t(170,165,166)
t(166,171,170)
</p>

<p>
c(140,107,76)
n(-0.358881,-0.012475,0.933300)
C(-42.525000,-506.100000,6.825000)
p(4,169,172,167,164)
t(172,169,164)
t(164,167,172)
</p>

<p>
c(140,107,76)
n(0.626889,-0.073329,0.775650)
C(-28.875000,-494.025000,5.775000)
p(4,166,171,172,167)
t(172,167,166)
t(166,171,172)
</p>

<p>
c(140,107,76)
n(0.996966,-0.022266,-0.074589)
C(-32.025000,-189.000000,4.725000)
p(4,169,168,173,174)
t(173,174,169)
t(169,168,173)
</p>

<p>
c(140,107,76)
n(0.305105,-0.033745,0.951721)
C(-21.000000,-189.525000,-13.125000)
p(4,175,173,168,170)
t(168,170,175)
t(175,173,168)
</p>

<p>
c(140,107,76)
n(-0.933927,0.086931,0.346732)
C(-1.575000,-168.000000,-1.575000)
p(4,176,175,170,171)
t(170,171,176)
t(176,175,170)
</p>

<p>
c(140,107,76)
n(-0.347076,-0.036871,0.937112)
C(-22.050000,-181.125000,23.625000)
p(4,169,174,177,172)
t(174,169,172)
t(172,177,174)
</p>

<p>
c(140,107,76)
n(-0.759269,0.106843,-0.641947)
C(-4.200000,-168.000000,21.000000)
p(4,176,177,172,171)
t(177,176,171)
t(171,172,177)
</p>

<p>
n(0.000000,1.000000,0.000000)
C(-46.806667,0.000000,-22.913333)
p(45,178,179,180,181,182,183,184,185,186,187,188,189,190,191,192,193,194,195,196,197,198,199,200,201,202,203,204,205,206,207,208,209,210,211,212,213,214,215,216,217,218,219,220,221,222)
t(221,222,178)
t(181,182,183)
t(184,185,186)
t(187,188,189)
t(189,190,191)
t(192,193,194)
t(196,197,198)
t(199,200,201)
t(202,203,204)
t(204,205,206)
t(207,208,209)
t(209,210,211)
t(211,212,213)
t(215,216,217)
t(217,218,219)
t(220,221,178)
t(180,181,183)
t(183,184,186)
t(187,189,191)
t(192,194,195)
t(198,199,201)
t(202,204,206)
t(207,209,211)
t(214,215,217)
t(219,220,178)
t(180,183,186)
t(187,191,192)
t(192,195,196)
t(198,201,202)
t(207,211,213)
t(214,217,219)
t(219,178,179)
t(179,180,186)
t(187,192,196)
t(196,198,202)
t(206,207,213)
t(214,219,179)
t(179,186,187)
t(187,196,202)
t(202,206,213)
t(213,214,179)
t(179,187,202)
t(202,213,179)
</p>

