v(24.000000,-12.800000,164.800000)
v(48.000000,-28.800000,136.000000)
v(59.200000,-33.600000,116.800000)
v(32.000000,-28.800000,139.200000)
v(-24.000000,-12.800000,164.800000)
v(-48.000000,-28.800000,136.000000)
v(-59.200000,-33.600000,116.800000)
v(-32.000000,-28.800000,139.200000)
v(70.400000,-24.000000,126.400000)
v(70.400000,-11.200000,139.200000)
v(27.200000,-11.200000,166.400000)
v(33.600000,-14.400000,160.000000)
v(62.400000,-16.000000,139.200000)
v(62.400000,-22.400000,132.800000)
v(52.800000,-24.000000,136.000000)
v(32.000000,-16.000000,158.400000)
v(-70.400000,-24.000000,126.400000)
v(-70.400000,-11.200000,139.200000)
v(-27.200000,-11.200000,166.400000)
v(-33.600000,-14.400000,160.000000)
v(-62.400000,-16.000000,139.200000)
v(-62.400000,-22.400000,132.800000)
v(-52.800000,-24.000000,136.000000)
v(-32.000000,-16.000000,158.400000)
v(73.600000,-25.600000,-97.600000)
v(76.800000,-20.800000,28.800000)
v(75.200000,-3.200000,28.800000)
v(75.200000,-11.200000,-16.000000)
v(75.200000,-17.600000,-52.800000)
v(73.600000,-22.400000,-91.200000)
v(76.800000,3.200000,-83.200000)
v(76.800000,3.200000,-97.600000)
v(-73.600000,-25.600000,-97.600000)
v(-76.800000,-20.800000,28.800000)
v(-75.200000,-3.200000,28.800000)
v(-75.200000,-11.200000,-16.000000)
v(-75.200000,-17.600000,-52.800000)
v(-73.600000,-22.400000,-91.200000)
v(-76.800000,3.200000,-83.200000)
v(-76.800000,3.200000,-97.600000)
v(80.000000,12.800000,-110.400000)
v(81.600000,12.800000,28.800000)
v(78.400000,9.600000,28.800000)
v(78.400000,8.000000,-80.000000)
v(76.800000,9.600000,-107.200000)
v(-80.000000,12.800000,-110.400000)
v(-81.600000,12.800000,28.800000)
v(-78.400000,9.600000,28.800000)
v(-78.400000,8.000000,-80.000000)
v(-76.800000,9.600000,-107.200000)
v(73.600000,-24.000000,105.600000)
v(73.600000,-11.200000,91.200000)
v(73.600000,9.600000,88.000000)
v(76.800000,-22.400000,54.400000)
v(72.000000,-27.200000,28.800000)
v(68.800000,-32.000000,-97.600000)
v(-73.600000,-24.000000,105.600000)
v(-73.600000,-11.200000,91.200000)
v(-73.600000,9.600000,88.000000)
v(-76.800000,-22.400000,54.400000)
v(-72.000000,-27.200000,28.800000)
v(-68.800000,-32.000000,-97.600000)
v(73.600000,-25.600000,-112.000000)
v(68.800000,-32.000000,-108.800000)
v(75.200000,-11.200000,-104.000000)
v(-73.600000,-25.600000,-112.000000)
v(-68.800000,-32.000000,-108.800000)
v(-75.200000,-11.200000,-104.000000)
v(76.800000,12.800000,91.200000)
v(-76.800000,12.800000,91.200000)
v(30.400000,-33.600000,89.600000)
v(27.200000,-36.800000,40.000000)
v(46.400000,-35.200000,33.600000)
v(65.600000,-32.000000,28.800000)
v(67.200000,-32.000000,65.600000)
v(62.400000,-32.000000,100.800000)
v(-30.400000,-33.600000,89.600000)
v(-27.200000,-36.800000,40.000000)
v(-46.400000,-35.200000,33.600000)
v(-65.600000,-32.000000,28.800000)
v(-67.200000,-32.000000,65.600000)
v(-62.400000,-32.000000,100.800000)
v(64.000000,-38.400000,-144.000000)
v(67.200000,-33.600000,-144.000000)
v(64.000000,-27.200000,-155.200000)
v(62.400000,-33.600000,-152.000000)
v(-64.000000,-38.400000,-144.000000)
v(-67.200000,-33.600000,-144.000000)
v(-64.000000,-27.200000,-155.200000)
v(-62.400000,-33.600000,-152.000000)
v(-54.400000,-36.800000,-147.200000)
v(-27.200000,-36.800000,-147.200000)
v(0.000000,-36.800000,-145.600000)
v(27.200000,-36.800000,-147.200000)
v(54.400000,-36.800000,-147.200000)
v(27.200000,-38.400000,-144.000000)
v(-27.200000,-38.400000,-144.000000)
v(40.000000,-57.600000,-89.600000)
v(43.200000,-62.400000,-17.600000)
v(32.000000,-62.400000,-16.000000)
v(27.200000,-57.600000,-91.200000)
v(46.400000,-54.400000,-88.000000)
v(25.600000,-54.400000,-89.600000)
v(56.000000,-38.400000,-118.400000)
v(52.800000,-38.400000,-120.000000)
v(27.200000,-38.400000,-121.600000)
v(64.000000,-38.400000,-97.600000)
v(16.000000,-62.400000,-12.800000)
v(16.000000,-59.200000,-9.600000)
v(48.000000,-59.200000,-14.400000)
v(48.000000,-59.200000,-19.200000)
v(46.400000,-56.000000,-65.600000)
v(-40.000000,-57.600000,-89.600000)
v(-43.200000,-62.400000,-17.600000)
v(-32.000000,-62.400000,-16.000000)
v(-27.200000,-57.600000,-91.200000)
v(-46.400000,-54.400000,-88.000000)
v(-25.600000,-54.400000,-89.600000)
v(-56.000000,-38.400000,-118.400000)
v(-52.800000,-38.400000,-120.000000)
v(-27.200000,-38.400000,-121.600000)
v(-64.000000,-38.400000,-97.600000)
v(-16.000000,-62.400000,-12.800000)
v(-16.000000,-59.200000,-9.600000)
v(-48.000000,-59.200000,-14.400000)
v(-48.000000,-59.200000,-19.200000)
v(-46.400000,-56.000000,-65.600000)
v(35.200000,0.000000,171.200000)
v(68.800000,9.600000,142.400000)
v(38.400000,9.600000,177.600000)
v(-35.200000,0.000000,171.200000)
v(-68.800000,9.600000,142.400000)
v(-38.400000,9.600000,177.600000)
v(24.000000,6.400000,198.400000)
v(-24.000000,6.400000,198.400000)
v(11.200000,4.800000,172.800000)
v(-11.200000,4.800000,172.800000)
v(-11.200000,4.800000,179.200000)
v(11.200000,4.800000,179.200000)
v(38.400000,9.600000,171.200000)
v(-38.400000,9.600000,171.200000)
v(35.200000,0.000000,166.400000)
v(35.200000,0.000000,155.200000)
v(17.600000,0.000000,153.600000)
v(19.200000,0.000000,166.400000)
v(-35.200000,0.000000,155.200000)
v(-17.600000,0.000000,153.600000)
v(-19.200000,0.000000,166.400000)
v(-35.200000,0.000000,166.400000)
v(0.000000,-3.200000,152.000000)
v(0.000000,-3.200000,166.400000)
v(17.600000,4.800000,155.200000)
v(38.400000,9.600000,160.000000)
v(-38.400000,9.600000,160.000000)
v(-17.600000,4.800000,155.200000)
v(-27.200000,-11.200000,160.000000)
v(-24.000000,-12.800000,158.400000)
v(24.000000,-12.800000,158.400000)
v(27.200000,-11.200000,160.000000)
v(27.200000,-11.200000,148.800000)
v(24.000000,-12.800000,148.800000)
v(-24.000000,-12.800000,148.800000)
v(-27.200000,-11.200000,148.800000)
v(30.400000,-36.800000,89.600000)
v(-30.400000,-36.800000,89.600000)
v(-28.800000,-36.800000,89.600000)
v(0.000000,-38.400000,89.600000)
v(-28.800000,-33.600000,89.600000)
v(76.800000,-11.200000,94.400000)
v(76.800000,-20.800000,105.600000)
v(73.600000,-20.800000,126.400000)
v(73.600000,-11.200000,136.000000)
v(72.000000,9.600000,139.200000)
v(-76.800000,-11.200000,94.400000)
v(-76.800000,-20.800000,105.600000)
v(-73.600000,-20.800000,126.400000)
v(-73.600000,-11.200000,136.000000)
v(-72.000000,9.600000,139.200000)
v(75.200000,4.800000,28.800000)
v(-75.200000,4.800000,28.800000)
v(67.200000,-32.000000,19.200000)
v(49.600000,-52.800000,-72.000000)
v(64.000000,-38.400000,-80.000000)
v(-67.200000,-32.000000,19.200000)
v(-49.600000,-52.800000,-72.000000)
v(-64.000000,-38.400000,-80.000000)
v(67.200000,-33.600000,-25.600000)
v(65.600000,-36.800000,-60.800000)
v(-67.200000,-33.600000,-25.600000)
v(-65.600000,-36.800000,-60.800000)
v(40.000000,-33.600000,-150.400000)
v(54.400000,-33.600000,-150.400000)
v(54.400000,-30.400000,-156.800000)
v(51.200000,-17.600000,-166.400000)
v(40.000000,-17.600000,-166.400000)
v(49.600000,-22.400000,-163.200000)
v(49.600000,-30.400000,-156.800000)
v(-40.000000,-33.600000,-150.400000)
v(-54.400000,-33.600000,-150.400000)
v(-54.400000,-30.400000,-156.800000)
v(-51.200000,-17.600000,-166.400000)
v(-40.000000,-17.600000,-166.400000)
v(-49.600000,-22.400000,-163.200000)
v(-49.600000,-30.400000,-156.800000)
v(-60.800000,-30.400000,-156.800000)
v(60.800000,-30.400000,-156.800000)
v(0.000000,-30.400000,-155.200000)
v(-56.000000,-14.400000,-169.600000)
v(56.000000,-14.400000,-169.600000)
v(32.000000,-14.400000,-169.600000)
v(24.000000,-19.200000,-169.600000)
v(-24.000000,-19.200000,-169.600000)
v(-32.000000,-14.400000,-169.600000)
v(-16.000000,-54.400000,-89.600000)
v(16.000000,-54.400000,-89.600000)
v(16.000000,-57.600000,-92.800000)
v(-16.000000,-57.600000,-92.800000)
v(76.800000,-20.800000,-124.800000)
v(76.800000,-11.200000,-113.600000)
v(73.600000,-11.200000,-110.400000)
v(73.600000,-24.000000,-124.800000)
v(72.000000,-11.200000,-155.200000)
v(76.800000,-20.800000,-145.600000)
v(73.600000,-24.000000,-145.600000)
v(68.800000,-11.200000,-158.400000)
v(-76.800000,-20.800000,-124.800000)
v(-76.800000,-11.200000,-113.600000)
v(-73.600000,-11.200000,-110.400000)
v(-73.600000,-24.000000,-124.800000)
v(-72.000000,-11.200000,-155.200000)
v(-76.800000,-20.800000,-145.600000)
v(-73.600000,-24.000000,-145.600000)
v(-68.800000,-11.200000,-158.400000)
v(70.400000,9.600000,-158.400000)
v(67.200000,9.600000,-161.600000)
v(56.000000,4.800000,-174.400000)
v(-70.400000,9.600000,-158.400000)
v(-67.200000,9.600000,-161.600000)
v(-56.000000,4.800000,-174.400000)
v(41.600000,1.600000,-172.800000)
v(0.000000,1.600000,-174.400000)
v(-41.600000,1.600000,-172.800000)
v(-32.000000,-59.200000,-11.200000)
v(104.000000,-64.000000,-128.000000)
v(96.000000,-64.000000,-160.000000)
v(112.000000,-88.000000,-216.000000)
v(-104.000000,-64.000000,-128.000000)
v(-96.000000,-64.000000,-160.000000)
v(-112.000000,-88.000000,-216.000000)
v(57.600000,9.600000,-161.600000)
v(-57.600000,9.600000,-161.600000)
v(-57.600000,12.800000,-108.800000)
v(57.600000,12.800000,-108.800000)
v(-57.600000,9.600000,88.000000)
v(57.600000,9.600000,88.000000)
v(57.600000,9.600000,145.600000)
v(-57.600000,9.600000,145.600000)
v(-56.000000,4.800000,-169.600000)
v(-41.600000,1.600000,-169.600000)
v(0.000000,1.600000,-169.600000)
v(41.600000,1.600000,-169.600000)
v(56.000000,4.800000,-169.600000)
v(-46.400000,8.000000,-161.600000)
v(-40.000000,8.000000,-161.600000)
v(-40.000000,3.200000,-161.600000)
v(-46.400000,3.200000,-161.600000)
v(-40.000000,3.200000,-176.000000)
v(-40.000000,8.000000,-176.000000)
v(-46.400000,8.000000,-176.000000)
v(-46.400000,3.200000,-168.000000)
v(-46.400000,3.200000,-176.000000)
v(46.400000,8.000000,-161.600000)
v(40.000000,8.000000,-161.600000)
v(40.000000,3.200000,-161.600000)
v(46.400000,3.200000,-161.600000)
v(40.000000,3.200000,-176.000000)
v(40.000000,8.000000,-176.000000)
v(46.400000,8.000000,-176.000000)
v(46.400000,3.200000,-168.000000)
v(46.400000,3.200000,-176.000000)

<p>
c(156,176,217)
outline()
n(0.242869,-0.805435,0.540638)
C(40.800000,-26.000000,139.200000)
p(4,0,1,2,3)
t(1,0,3)
t(3,2,1)
</p>

<p>
c(156,176,217)
outline()
n(-0.242869,-0.805435,0.540638)
C(-40.800000,-26.000000,139.200000)
p(4,4,5,6,7)
t(6,7,4)
t(4,5,6)
</p>

<p>
c(156,176,217)
outline()
n(0.395454,-0.654849,0.644041)
C(45.066667,-17.333333,148.666667)
p(12,1,8,9,10,0,11,12,13,14,15,11,0)
t(0,15,11)
t(14,15,0)
t(9,10,0)
t(14,0,1)
t(9,0,11)
t(13,14,1)
t(9,11,12)
t(13,1,8)
t(8,9,12)
t(12,13,8)
</p>

<p>
c(156,176,217)
outline()
n(-0.395454,-0.654849,0.644041)
C(-45.066667,-17.333333,148.666667)
p(12,5,16,17,18,4,19,20,21,22,23,19,4)
t(4,18,17)
t(17,16,21)
t(22,21,16)
t(17,21,20)
t(22,16,5)
t(17,20,19)
t(23,22,5)
t(4,17,19)
t(23,5,4)
t(4,19,23)
</p>

<p>
outline()
n(0.996913,-0.078207,-0.006878)
C(75.400000,-11.800000,-47.600000)
p(8,24,25,26,27,28,29,30,31)
t(24,31,30)
t(27,26,25)
t(24,30,29)
t(28,27,25)
t(25,24,29)
t(29,28,25)
</p>

<p>
outline()
n(-0.996913,-0.078207,-0.006878)
C(-75.400000,-11.800000,-47.600000)
p(8,32,33,34,35,36,37,38,39)
t(38,39,32)
t(33,34,35)
t(37,38,32)
t(32,33,35)
t(36,37,32)
t(32,35,36)
</p>

<p>
outline()
n(-0.945204,0.326387,0.007797)
C(78.400000,8.457143,-60.114286)
p(7,40,41,42,43,30,31,44)
t(41,40,44)
t(44,31,30)
t(43,42,41)
t(44,30,43)
t(43,41,44)
</p>

<p>
outline()
n(0.945204,0.326387,0.007797)
C(-78.400000,8.457143,-60.114286)
p(7,45,46,47,48,38,39,49)
t(39,49,45)
t(45,46,47)
t(48,38,39)
t(45,47,48)
t(48,39,45)
</p>

<p>
outline()
n(-0.998136,-0.048138,-0.037507)
C(74.933333,-12.000000,66.133333)
p(6,50,51,52,26,25,53)
t(25,53,50)
t(51,52,26)
t(26,25,50)
t(50,51,26)
</p>

<p>
outline()
n(-0.757534,0.652748,-0.007893)
C(74.800000,-23.600000,54.400000)
p(4,53,25,54,50)
t(54,50,53)
t(53,25,54)
</p>

<p>
outline()
n(-0.799997,0.599998,-0.002532)
C(72.800000,-26.400000,-34.400000)
p(4,24,25,54,55)
t(25,24,55)
t(55,54,25)
</p>

<p>
outline()
n(0.998136,-0.048138,-0.037507)
C(-74.933333,-12.000000,66.133333)
p(6,56,57,58,34,33,59)
t(57,56,59)
t(59,33,34)
t(34,58,57)
t(57,59,34)
</p>

<p>
outline()
n(0.757534,0.652748,-0.007893)
C(-74.800000,-23.600000,54.400000)
p(4,59,33,60,56)
t(33,59,56)
t(56,60,33)
</p>

<p>
outline()
n(0.799997,0.599998,-0.002532)
C(-72.800000,-26.400000,-34.400000)
p(4,32,33,60,61)
t(60,61,32)
t(32,33,60)
</p>

<p>
outline()
n(-0.800000,0.600000,-0.000000)
C(71.200000,-28.800000,-104.000000)
p(4,62,24,55,63)
t(24,62,63)
t(63,55,24)
</p>

<p>
outline()
n(0.993884,-0.110432,-0.000000)
C(74.800000,-14.800000,-102.800000)
p(4,31,24,62,64)
t(64,31,24)
t(24,62,64)
</p>

<p>
outline()
n(-0.800000,-0.600000,0.000000)
C(-71.200000,-28.800000,-104.000000)
p(4,65,32,61,66)
t(32,65,66)
t(66,61,32)
</p>

<p>
outline()
n(-0.993884,-0.110432,-0.000000)
C(-74.800000,-14.800000,-102.800000)
p(4,39,32,65,67)
t(32,39,67)
t(67,65,32)
</p>

<p>
outline()
n(-0.706063,0.706063,-0.054313)
C(78.933333,11.733333,49.600000)
p(3,42,68,41)
t(68,41,42)
</p>

<p>
outline()
n(0.706063,0.706063,-0.054313)
C(-78.933333,11.733333,49.600000)
p(3,47,69,46)
t(69,47,46)
</p>

<p>
outline()
n(-0.048186,0.998083,-0.038846)
C(48.800000,-33.000000,76.800000)
p(8,2,3,70,71,72,73,74,75)
t(3,2,75)
t(75,74,73)
t(73,72,71)
t(70,3,75)
t(75,73,71)
t(71,70,75)
</p>

<p>
outline()
n(0.048186,0.998083,-0.038846)
C(-48.800000,-33.000000,76.800000)
p(8,6,7,76,77,78,79,80,81)
t(80,81,6)
t(6,7,76)
t(76,77,78)
t(78,79,80)
t(80,6,76)
t(76,78,80)
</p>

<p>
outline()
n(0.758130,-0.459819,-0.462391)
C(64.400000,-33.200000,-148.800000)
p(4,82,83,84,85)
t(83,82,85)
t(85,84,83)
</p>

<p>
outline()
n(-0.758130,-0.459819,-0.462391)
C(-64.400000,-33.200000,-148.800000)
p(4,86,87,88,89)
t(88,89,86)
t(86,87,88)
</p>

<p>
outline()
n(0.000000,0.861675,0.507460)
C(0.000000,-36.800000,-146.763636)
p(11,86,89,90,91,92,93,94,85,82,95,96)
t(82,85,94)
t(94,93,92)
t(92,91,90)
t(90,89,86)
t(95,82,94)
t(92,90,86)
t(96,95,94)
t(94,92,86)
t(86,96,94)
</p>

<p>
outline()
n(-0.000514,0.997880,0.065077)
C(35.600000,-60.000000,-53.600000)
p(4,97,98,99,100)
t(98,97,100)
t(100,99,98)
</p>

<p>
outline()
n(-0.082213,-0.399364,0.913099)
C(34.800000,-56.000000,-89.600000)
p(4,101,102,100,97)
t(100,97,101)
t(101,102,100)
</p>

<p>
outline()
n(0.000000,1.000000,0.000000)
C(48.533333,-38.400000,-124.266667)
p(6,103,104,105,95,82,106)
t(103,106,82)
t(82,95,105)
t(104,103,82)
t(82,105,104)
</p>

<p>
outline()
n(-0.104393,0.757336,-0.644627)
C(31.040000,-61.120000,-14.080000)
p(5,107,108,109,98,99)
t(98,99,107)
t(107,108,109)
t(109,98,107)
</p>

<p>
outline()
n(0.511245,-0.856259,-0.073821)
C(45.333333,-58.133333,-49.066667)
p(6,98,109,110,111,101,97)
t(109,98,97)
t(97,101,111)
t(110,109,97)
t(97,111,110)
</p>

<p>
outline()
n(0.000514,0.997880,0.065077)
C(-35.600000,-60.000000,-53.600000)
p(4,112,113,114,115)
t(114,115,112)
t(112,113,114)
</p>

<p>
outline()
n(0.082213,-0.399364,0.913099)
C(-34.800000,-56.000000,-89.600000)
p(4,116,117,115,112)
t(117,116,112)
t(112,115,117)
</p>

<p>
outline()
n(0.000000,1.000000,0.000000)
C(-48.533333,-38.400000,-124.266667)
p(6,118,119,120,96,86,121)
t(86,121,118)
t(119,120,96)
t(96,86,118)
t(118,119,96)
</p>

<p>
outline()
n(0.104393,0.757336,-0.644627)
C(-31.040000,-61.120000,-14.080000)
p(5,122,123,124,113,114)
t(123,122,114)
t(114,113,124)
t(124,123,114)
</p>

<p>
outline()
n(-0.511245,-0.856259,-0.073821)
C(-45.333333,-58.133333,-49.066667)
p(6,113,124,125,126,116,112)
t(116,112,113)
t(113,124,125)
t(126,116,113)
t(113,125,126)
</p>

<p>
outline()
n(-0.585375,0.418525,-0.694387)
C(48.000000,-0.640000,159.360000)
p(5,127,10,9,128,129)
t(127,129,128)
t(128,9,10)
t(10,127,128)
</p>

<p>
outline()
n(0.585375,0.418525,-0.694387)
C(-48.000000,-0.640000,159.360000)
p(5,130,18,17,131,132)
t(131,132,130)
t(130,18,17)
t(17,131,130)
</p>

<p>
c(212,223,255)
outline()
n(-0.733677,0.528930,-0.426557)
C(32.533333,5.333333,182.400000)
p(3,129,127,133)
t(127,133,129)
</p>

<p>
c(212,223,255)
outline()
n(0.733677,0.528930,-0.426557)
C(-32.533333,5.333333,182.400000)
p(3,132,130,134)
t(130,132,134)
</p>

<p>
outline()
n(0.000000,0.707107,-0.707107)
C(0.000000,-60.800000,-11.200000)
p(4,122,123,108,107)
t(108,107,122)
t(122,123,108)
</p>

<p>
outline()
n(0.000000,1.000000,0.000000)
C(0.000000,4.800000,176.000000)
p(4,135,136,137,138)
t(137,138,135)
t(135,136,137)
</p>

<p>
outline()
n(0.173785,-0.984784,-0.000000)
C(24.800000,7.200000,175.200000)
p(4,139,129,138,135)
t(138,135,139)
t(139,129,138)
</p>

<p>
outline()
n(-0.173785,-0.984784,-0.000000)
C(-24.800000,7.200000,175.200000)
p(4,140,132,137,136)
t(132,140,136)
t(136,137,132)
</p>

<p>
outline()
n(0.000000,1.000000,0.000000)
C(26.800000,0.000000,160.400000)
p(4,141,142,143,144)
t(143,144,141)
t(141,142,143)
</p>

<p>
outline()
n(0.000000,1.000000,0.000000)
C(-26.800000,0.000000,160.400000)
p(4,145,146,147,148)
t(146,145,148)
t(148,147,146)
</p>

<p>
outline()
n(-0.171390,-0.985158,-0.009429)
C(-9.200000,-1.600000,159.600000)
p(4,146,149,150,147)
t(150,147,146)
t(146,149,150)
</p>

<p>
outline()
n(0.171390,-0.985158,-0.009429)
C(9.200000,-1.600000,159.600000)
p(4,150,144,143,149)
t(144,150,149)
t(149,143,144)
</p>

<p>
c(31,31,31)
outline()
n(0.000000,-0.500367,0.865813)
C(0.000000,2.844444,155.555556)
p(9,151,152,142,143,149,146,145,153,154)
t(154,153,145)
t(146,149,143)
t(143,142,152)
t(151,154,145)
t(145,146,143)
t(143,152,151)
t(151,145,143)
</p>

<p>
outline()
n(-0.000000,0.587608,-0.809146)
C(-0.000000,-3.600000,158.600000)
p(16,145,153,140,148,155,156,157,158,141,139,152,142,159,160,161,162)
t(161,162,145)
t(145,153,140)
t(141,139,152)
t(152,142,159)
t(159,160,161)
t(145,140,148)
t(158,141,152)
t(161,145,148)
t(158,152,159)
t(161,148,155)
t(157,158,159)
t(161,155,156)
t(156,157,159)
t(159,161,156)
</p>

<p>
outline()
n(0.000000,0.417857,-0.908513)
C(0.000000,-5.688889,151.644444)
p(9,142,143,149,146,145,162,161,160,159)
t(143,142,159)
t(159,160,161)
t(161,162,145)
t(145,146,149)
t(149,143,159)
t(159,161,145)
t(145,149,159)
</p>

<p>
outline()
n(-0.000000,-0.999244,0.038873)
C(0.000000,7.200000,164.800000)
p(8,154,151,152,139,135,136,140,153)
t(140,153,154)
t(154,151,152)
t(152,139,135)
t(135,136,140)
t(140,154,152)
t(152,135,140)
</p>

<p>
c(255,255,255)
light()
outline()
n(0.380027,-0.700294,0.604292)
C(48.640000,-18.560000,145.280000)
p(5,15,11,12,13,14)
t(11,15,14)
t(14,13,12)
t(12,11,14)
</p>

<p>
c(255,255,255)
light()
outline()
n(-0.380027,-0.700294,0.604292)
C(-48.640000,-18.560000,145.280000)
p(5,23,19,20,21,22)
t(21,22,23)
t(23,19,20)
t(20,21,23)
</p>

<p>
c(211,222,254)
outline()
n(0.997925,0.000000,-0.064382)
C(29.333333,-35.733333,73.066667)
p(3,70,71,163)
t(71,70,163)
</p>

<p>
c(211,222,254)
outline()
n(-0.997925,0.000000,-0.064382)
C(-29.333333,-35.733333,73.066667)
p(3,76,77,164)
t(77,164,76)
</p>

<p>
outline()
n(0.000264,-0.999942,-0.010761)
C(0.320000,-37.120000,69.760000)
p(5,165,77,71,163,166)
t(163,166,165)
t(165,77,71)
t(71,163,165)
</p>

<p>
outline()
n(0.000000,-0.995350,0.096324)
C(0.400000,-31.200000,114.400000)
p(4,7,167,70,3)
t(70,3,7)
t(7,167,70)
</p>

<p>
outline()
n(0.000000,0.847998,-0.529999)
C(0.000000,-20.800000,152.000000)
p(4,7,4,0,3)
t(0,3,7)
t(7,4,0)
</p>

<p>
outline()
n(-0.359385,0.931724,-0.052274)
C(64.800000,-29.200000,88.600000)
p(8,1,8,50,54,73,74,75,2)
t(2,1,8)
t(8,50,54)
t(54,73,74)
t(75,2,8)
t(8,54,74)
t(74,75,8)
</p>

<p>
outline()
n(0.359385,0.931724,-0.052274)
C(-64.800000,-29.200000,88.600000)
p(8,5,16,56,60,79,80,81,6)
t(16,5,6)
t(80,79,60)
t(60,56,16)
t(16,6,81)
t(81,80,60)
t(60,16,81)
</p>

<p>
outline()
n(-0.995706,-0.020835,-0.090201)
C(73.333333,-7.733333,115.466667)
p(12,50,51,52,68,168,169,170,171,172,128,9,8)
t(9,128,172)
t(168,68,52)
t(9,172,171)
t(168,52,51)
t(8,9,171)
t(169,168,51)
t(8,171,170)
t(169,51,50)
t(50,8,170)
t(170,169,50)
</p>

<p>
outline()
n(-0.995706,0.020835,0.090201)
C(-73.333333,-7.733333,115.466667)
p(12,56,57,58,69,173,174,175,176,177,131,17,16)
t(17,131,177)
t(173,69,58)
t(17,177,176)
t(173,58,57)
t(16,17,176)
t(174,173,57)
t(16,176,175)
t(174,57,56)
t(56,16,175)
t(175,174,56)
</p>

<p>
outline()
n(-0.996317,0.085359,-0.008094)
C(75.200000,-7.733333,-30.933333)
p(6,28,27,26,178,30,29)
t(30,29,28)
t(28,27,26)
t(26,178,30)
t(30,28,26)
</p>

<p>
outline()
n(-0.999635,-0.000000,-0.027017)
C(74.666667,3.733333,48.533333)
p(3,26,52,178)
t(52,178,26)
</p>

<p>
outline()
n(-0.777184,0.626274,-0.061367)
C(76.000000,9.200000,59.200000)
p(4,52,178,42,68)
t(178,52,68)
t(68,42,178)
</p>

<p>
outline()
n(-0.888406,0.458869,-0.013186)
C(77.200000,6.400000,-26.400000)
p(4,30,43,42,178)
t(43,30,178)
t(178,42,43)
</p>

<p>
outline()
n(-0.996317,-0.085359,0.008094)
C(-75.200000,-7.733333,-30.933333)
p(6,36,35,34,179,38,37)
t(38,37,36)
t(36,35,34)
t(34,179,38)
t(38,36,34)
</p>

<p>
outline()
n(0.999635,-0.000000,-0.027017)
C(-74.666667,3.733333,48.533333)
p(3,34,58,179)
t(58,34,179)
</p>

<p>
outline()
n(0.777184,0.626274,-0.061367)
C(-76.000000,9.200000,59.200000)
p(4,58,179,47,69)
t(47,69,58)
t(58,179,47)
</p>

<p>
outline()
n(0.888406,0.458869,-0.013186)
C(-77.200000,6.400000,-26.400000)
p(4,38,48,47,179)
t(47,179,38)
t(38,48,47)
</p>

<p>
c(156,176,217)
outline()
n(-0.746017,0.658043,-0.102171)
C(57.200000,-45.600000,3.600000)
p(4,110,109,73,180)
t(73,180,110)
t(110,109,73)
</p>

<p>
outline()
n(-0.679469,0.732869,0.034993)
C(54.080000,-48.000000,-80.640000)
p(5,181,111,101,106,182)
t(181,182,106)
t(101,111,181)
t(181,106,101)
</p>

<p>
c(156,176,217)
outline()
n(0.746017,0.658043,-0.102171)
C(-57.200000,-45.600000,3.600000)
p(4,125,124,79,183)
t(124,125,183)
t(183,79,124)
</p>

<p>
outline()
n(0.679469,0.732869,0.034993)
C(-54.080000,-48.000000,-80.640000)
p(5,184,126,116,121,185)
t(121,185,184)
t(184,126,116)
t(116,121,184)
</p>

<p>
c(211,222,254)
outline()
n(-0.749873,0.661375,-0.016530)
C(66.800000,-33.800000,-35.600000)
p(8,182,106,55,54,73,180,186,187)
t(106,182,187)
t(180,73,54)
t(54,55,106)
t(106,187,186)
t(186,180,54)
t(54,106,186)
</p>

<p>
c(211,222,254)
outline()
n(0.749873,0.661375,-0.016530)
C(-66.800000,-33.800000,-35.600000)
p(8,185,121,61,60,79,183,188,189)
t(189,185,121)
t(121,61,60)
t(60,79,183)
t(188,189,121)
t(60,183,188)
t(188,121,60)
</p>

<p>
c(255,0,0)
light()
outline()
n(0.075888,0.696928,0.713115)
C(48.457143,-26.514286,-158.628571)
p(7,190,191,192,193,194,195,196)
t(196,190,191)
t(191,192,193)
t(193,194,195)
t(195,196,191)
t(191,193,195)
</p>

<p>
c(255,0,0)
light()
outline()
n(-0.075888,0.696928,0.713115)
C(-48.457143,-26.514286,-158.628571)
p(7,197,198,199,200,201,202,203)
t(198,197,203)
t(202,201,200)
t(200,199,198)
t(198,203,202)
t(202,200,198)
</p>

<p>
c(211,222,254)
outline()
n(0.000000,0.842993,0.537924)
C(-0.000000,-33.244444,-152.000000)
p(18,203,197,198,199,204,89,90,91,92,93,94,85,205,192,191,190,196,206)
t(206,203,197)
t(198,199,204)
t(204,89,90)
t(91,92,93)
t(94,85,205)
t(205,192,191)
t(190,196,206)
t(198,204,90)
t(94,205,191)
t(190,206,197)
t(197,198,90)
t(93,94,191)
t(190,197,90)
t(91,93,191)
t(191,190,90)
t(90,91,191)
</p>

<p>
outline()
n(-0.000000,0.647678,0.761914)
C(-0.000000,-22.315789,-163.452632)
p(19,207,204,199,200,201,202,203,206,196,195,194,193,192,205,208,209,210,211,212)
t(211,212,207)
t(207,204,199)
t(201,202,203)
t(203,206,196)
t(196,195,194)
t(193,192,205)
t(208,209,210)
t(207,199,200)
t(201,203,196)
t(193,205,208)
t(211,207,200)
t(201,196,194)
t(194,193,208)
t(210,211,200)
t(194,208,210)
t(210,200,201)
t(201,194,210)
</p>

<p>
c(211,222,254)
outline()
n(0.000000,1.000000,0.000000)
C(0.000000,-38.400000,-132.800000)
p(4,105,120,96,95)
t(120,105,95)
t(95,96,120)
</p>

<p>
outline()
n(-0.585318,0.778924,0.225122)
C(55.466667,-43.733333,-101.333333)
p(3,103,101,106)
t(101,106,103)
</p>

<p>
outline()
n(-0.434420,0.839452,0.326495)
C(48.800000,-47.200000,-104.000000)
p(4,103,101,97,104)
t(101,103,104)
t(104,97,101)
</p>

<p>
outline()
n(0.585318,0.778924,0.225122)
C(-55.466667,-43.733333,-101.333333)
p(3,118,116,121)
t(116,118,121)
</p>

<p>
outline()
n(0.434420,0.839452,0.326495)
C(-48.800000,-47.200000,-104.000000)
p(4,118,116,112,119)
t(112,119,118)
t(118,116,112)
</p>

<p>
outline()
n(0.000000,0.630891,-0.775872)
C(-0.000000,-56.000000,-90.800000)
p(8,115,117,213,214,102,100,215,216)
t(215,216,115)
t(115,117,213)
t(214,102,100)
t(100,215,115)
t(115,213,214)
t(214,100,115)
</p>

<p>
outline()
n(0.000000,0.998096,0.061673)
C(0.000000,-60.000000,-53.200000)
p(8,115,114,122,107,99,100,215,216)
t(215,216,115)
t(115,114,122)
t(122,107,99)
t(99,100,215)
t(215,115,122)
t(122,99,215)
</p>

<p>
outline()
n(0.577085,-0.613995,0.538500)
C(75.200000,-16.800000,-118.400000)
p(4,217,218,219,220)
t(219,220,217)
t(217,218,219)
</p>

<p>
outline()
n(-0.558338,0.457457,0.692093)
C(72.800000,-16.800000,-151.200000)
p(4,221,222,223,224)
t(222,221,224)
t(224,223,222)
</p>

<p>
outline()
n(-0.740937,0.196624,-0.642146)
C(76.800000,0.000000,-110.400000)
p(4,219,218,40,44)
t(218,219,44)
t(44,40,218)
</p>

<p>
outline()
n(-0.829706,0.557914,0.017910)
C(71.360000,-27.840000,-127.040000)
p(5,83,223,220,62,63)
t(223,83,63)
t(63,62,220)
t(220,223,63)
</p>

<p>
outline()
n(0.694579,-0.376832,-0.612827)
C(64.685714,-24.914286,-154.514286)
p(7,83,223,224,208,205,85,84)
t(223,83,84)
t(84,85,205)
t(205,208,224)
t(224,223,84)
t(84,205,224)
</p>

<p>
outline()
n(0.995676,-0.086999,-0.032551)
C(74.933333,-9.866667,-109.333333)
p(6,44,219,220,62,64,31)
t(219,44,31)
t(31,64,62)
t(62,220,219)
t(219,31,62)
</p>

<p>
outline()
n(0.707107,-0.707107,-0.000000)
C(75.200000,-22.400000,-135.200000)
p(4,220,217,222,223)
t(217,220,223)
t(223,222,217)
</p>

<p>
outline()
n(-0.577085,-0.613995,0.538500)
C(-75.200000,-16.800000,-118.400000)
p(4,225,226,227,228)
t(226,225,228)
t(228,227,226)
</p>

<p>
outline()
n(0.558338,0.457457,0.692093)
C(-72.800000,-16.800000,-151.200000)
p(4,229,230,231,232)
t(231,232,229)
t(229,230,231)
</p>

<p>
outline()
n(0.740937,0.196624,-0.642146)
C(-76.800000,0.000000,-110.400000)
p(4,227,226,45,49)
t(45,49,227)
t(227,226,45)
</p>

<p>
outline()
n(-0.829706,-0.557914,-0.017910)
C(-71.360000,-27.840000,-127.040000)
p(5,87,231,228,65,66)
t(231,87,66)
t(66,65,228)
t(228,231,66)
</p>

<p>
outline()
n(0.694579,0.376832,0.612827)
C(-64.685714,-24.914286,-154.514286)
p(7,87,231,232,207,204,89,88)
t(231,87,88)
t(88,89,204)
t(204,207,232)
t(232,231,88)
t(88,204,232)
</p>

<p>
outline()
n(-0.995676,-0.086999,-0.032551)
C(-74.933333,-9.866667,-109.333333)
p(6,49,227,228,65,67,39)
t(67,39,49)
t(227,228,65)
t(65,67,49)
t(49,227,65)
</p>

<p>
outline()
n(0.707107,0.707107,0.000000)
C(-75.200000,-22.400000,-135.200000)
p(4,228,225,230,231)
t(225,228,231)
t(231,230,225)
</p>

<p>
outline()
n(-0.807585,0.589736,0.004150)
C(66.560000,-34.880000,-118.400000)
p(5,82,83,63,55,106)
t(83,82,106)
t(106,55,63)
t(63,83,106)
</p>

<p>
outline()
n(0.807585,0.589736,0.004150)
C(-66.560000,-34.880000,-118.400000)
p(5,86,87,66,61,121)
t(61,121,86)
t(86,87,66)
t(66,61,86)
</p>

<p>
c(156,176,217)
outline()
n(0.706063,-0.054313,-0.706063)
C(69.600000,-0.800000,-158.400000)
p(4,224,221,233,234)
t(221,224,234)
t(234,233,221)
</p>

<p>
c(156,176,217)
outline()
n(-0.720987,0.106183,0.684765)
C(62.000000,-2.800000,-166.000000)
p(4,224,208,235,234)
t(208,224,234)
t(234,235,208)
</p>

<p>
c(156,176,217)
outline()
n(-0.706063,-0.054313,-0.706063)
C(-69.600000,-0.800000,-158.400000)
p(4,232,229,236,237)
t(236,237,232)
t(232,229,236)
</p>

<p>
c(156,176,217)
outline()
n(-0.720987,-0.106183,-0.684765)
C(-62.000000,-2.800000,-166.000000)
p(4,232,207,238,237)
t(207,232,237)
t(237,238,207)
</p>

<p>
outline()
n(-0.000000,0.210864,0.977515)
C(0.000000,-7.418182,-171.490909)
p(11,235,239,240,241,238,207,212,211,210,209,208)
t(209,208,235)
t(239,240,241)
t(241,238,207)
t(212,211,210)
t(210,209,235)
t(239,241,207)
t(210,235,239)
t(239,207,212)
t(212,210,239)
</p>

<p>
glass()
outline()
n(0.000000,-0.888919,-0.458065)
C(0.000000,-46.400000,-104.533333)
p(12,117,213,214,102,101,103,104,105,120,119,118,116)
t(117,116,118)
t(118,119,120)
t(120,105,104)
t(104,103,101)
t(213,117,118)
t(118,120,104)
t(104,101,102)
t(214,213,118)
t(118,104,102)
t(102,214,118)
</p>

<p>
glass()
outline()
n(-0.763239,0.646116,0.000336)
C(58.285714,-44.114286,-43.428571)
p(7,182,181,111,110,180,186,187)
t(186,187,182)
t(182,181,111)
t(111,110,180)
t(180,186,182)
t(182,111,180)
</p>

<p>
glass()
outline()
n(0.763239,0.646116,0.000336)
C(-58.285714,-44.114286,-43.428571)
p(7,185,184,126,125,183,188,189)
t(184,185,189)
t(189,188,183)
t(183,125,126)
t(126,184,189)
t(189,183,126)
</p>

<p>
glass()
outline()
n(0.000964,-0.887449,0.460906)
C(-2.909091,-45.818182,13.236364)
p(11,242,123,108,109,73,72,71,77,78,79,124)
t(79,124,242)
t(108,109,73)
t(72,71,77)
t(78,79,242)
t(123,108,73)
t(73,72,77)
t(77,78,242)
t(242,123,73)
t(73,77,242)
</p>

<p>
c(31,31,31)
outline()
n(0.000000,0.000000,1.000000)
C(0.640000,-35.840000,89.600000)
p(5,165,166,163,70,167)
t(70,167,165)
t(165,166,163)
t(163,70,165)
</p>

<p>
c(211,222,254)
outline()
n(0.323209,0.944734,-0.054906)
C(63.600000,-51.200000,-138.400000)
p(4,243,105,95,244)
t(105,243,244)
t(244,95,105)
</p>

<p>
c(156,176,217)
outline()
n(-0.617213,-0.771517,0.154303)
C(104.000000,-72.000000,-168.000000)
p(3,245,244,243)
t(244,245,243)
</p>

<p>
c(211,222,254)
outline()
n(-0.554007,-0.831126,0.048032)
C(82.000000,-51.200000,-132.400000)
p(4,244,243,106,82)
t(106,82,244)
t(244,243,106)
</p>

<p>
c(211,222,254)
outline()
n(-0.323209,0.944734,-0.054906)
C(-63.600000,-51.200000,-138.400000)
p(4,246,120,96,247)
t(96,247,246)
t(246,120,96)
</p>

<p>
c(156,176,217)
outline()
n(0.617213,-0.771517,0.154303)
C(-104.000000,-72.000000,-168.000000)
p(3,248,247,246)
t(247,246,248)
</p>

<p>
c(211,222,254)
outline()
n(0.554007,-0.831126,0.048032)
C(-82.000000,-51.200000,-132.400000)
p(4,247,246,121,86)
t(246,247,86)
t(86,121,246)
</p>

<p>
c(13,13,13)
outline()
n(0.000000,0.998168,-0.060495)
C(0.000000,11.200000,-135.200000)
p(4,249,250,251,252)
t(251,252,249)
t(249,250,251)
</p>

<p>
c(13,13,13)
outline()
n(0.000000,0.999868,0.016258)
C(0.000000,11.200000,-10.400000)
p(4,253,251,252,254)
t(251,253,254)
t(254,252,251)
</p>

<p>
c(13,13,13)
outline()
n(-0.073299,-0.997284,-0.007252)
C(-70.720000,12.160000,-2.240000)
p(5,253,251,45,46,69)
t(251,253,69)
t(69,46,45)
t(45,251,69)
</p>

<p>
c(13,13,13)
outline()
n(0.073299,-0.997284,-0.007252)
C(70.720000,12.160000,-2.240000)
p(5,254,252,40,41,68)
t(41,68,254)
t(254,252,40)
t(40,41,254)
</p>

<p>
outline()
n(0.000000,-0.999981,-0.006089)
C(-0.000000,8.914286,148.571429)
p(14,131,132,140,153,154,151,152,139,129,128,255,254,253,256)
t(132,131,256)
t(256,253,254)
t(255,128,129)
t(140,132,256)
t(256,254,255)
t(255,129,139)
t(153,140,256)
t(255,139,152)
t(154,153,256)
t(255,152,151)
t(151,154,256)
t(256,255,151)
</p>

<p>
outline()
n(-0.000000,-0.857296,0.514823)
C(0.000000,4.000000,-170.000000)
p(12,238,237,257,258,259,260,261,234,235,239,240,241)
t(241,240,239)
t(235,234,261)
t(257,237,238)
t(238,241,239)
t(239,235,261)
t(258,257,238)
t(239,261,260)
t(259,258,238)
t(238,239,260)
t(260,259,238)
</p>

<p>
c(140,140,140)
outline()
n(0.000000,0.000000,1.000000)
C(-43.200000,5.600000,-161.600000)
p(4,262,263,264,265)
t(263,262,265)
t(265,264,263)
</p>

<p>
c(140,140,140)
outline()
n(1.000000,0.000000,0.000000)
C(-40.000000,5.600000,-168.800000)
p(4,263,264,266,267)
t(266,267,263)
t(263,264,266)
</p>

<p>
c(140,140,140)
outline()
n(0.000000,1.000000,0.000000)
C(-43.200000,8.000000,-168.800000)
p(4,262,263,267,268)
t(267,268,262)
t(262,263,267)
</p>

<p>
c(140,140,140)
outline()
n(1.000000,0.000000,0.000000)
C(-46.400000,5.120000,-168.640000)
p(5,265,269,270,268,262)
t(268,262,265)
t(269,270,268)
t(268,265,269)
</p>

<p>
c(140,140,140)
outline()
n(0.000000,1.000000,0.000000)
C(-43.840000,3.200000,-168.640000)
p(5,264,265,269,270,266)
t(265,264,266)
t(266,270,269)
t(269,265,266)
</p>

<p>
c(140,140,140)
outline()
n(0.000000,0.000000,1.000000)
C(43.200000,5.600000,-161.600000)
p(4,271,272,273,274)
t(273,274,271)
t(271,272,273)
</p>

<p>
c(140,140,140)
outline()
n(1.000000,0.000000,0.000000)
C(40.000000,5.600000,-168.800000)
p(4,272,273,275,276)
t(275,276,272)
t(272,273,275)
</p>

<p>
c(140,140,140)
outline()
n(0.000000,1.000000,0.000000)
C(43.200000,8.000000,-168.800000)
p(4,271,272,276,277)
t(272,271,277)
t(277,276,272)
</p>

<p>
c(140,140,140)
outline()
n(1.000000,0.000000,0.000000)
C(46.400000,5.120000,-168.640000)
p(5,274,278,279,277,271)
t(277,271,274)
t(278,279,277)
t(277,274,278)
</p>

<p>
c(140,140,140)
outline()
n(0.000000,1.000000,0.000000)
C(43.840000,3.200000,-168.640000)
p(5,273,274,278,279,275)
t(279,275,273)
t(273,274,278)
t(278,279,273)
</p>

