v(0.000000,0.000000,-840.000000)
v(0.000000,0.000000,-1400.000000)
v(-238.000000,-140.000000,-1400.000000)
v(-238.000000,-140.000000,-840.000000)
v(-378.000000,-378.000000,-840.000000)
v(-378.000000,-378.000000,-1400.000000)
v(0.000000,0.000000,-280.000000)
v(-238.000000,-140.000000,-280.000000)
v(-378.000000,-378.000000,-280.000000)
v(0.000000,0.000000,280.000000)
v(-238.000000,-140.000000,280.000000)
v(-378.000000,-378.000000,280.000000)
v(0.000000,0.000000,840.000000)
v(-238.000000,-140.000000,840.000000)
v(-378.000000,-378.000000,840.000000)
v(0.000000,0.000000,1400.000000)
v(-238.000000,-140.000000,1400.000000)
v(-378.000000,-378.000000,1400.000000)
v(-378.000000,-371.000000,-1330.000000)
v(-378.000000,-371.000000,-1190.000000)
v(-378.000000,-868.000000,-770.000000)
v(-378.000000,-868.000000,-910.000000)
v(-378.000000,-371.000000,-910.000000)
v(-378.000000,-371.000000,-770.000000)
v(-378.000000,-868.000000,-1190.000000)
v(-378.000000,-868.000000,-1330.000000)
v(-378.000000,-371.000000,-630.000000)
v(-378.000000,-371.000000,-490.000000)
v(-378.000000,-868.000000,-70.000000)
v(-378.000000,-868.000000,-210.000000)
v(-378.000000,-371.000000,-210.000000)
v(-378.000000,-371.000000,-70.000000)
v(-378.000000,-868.000000,-490.000000)
v(-378.000000,-868.000000,-630.000000)
v(-378.000000,-371.000000,70.000000)
v(-378.000000,-371.000000,210.000000)
v(-378.000000,-868.000000,630.000000)
v(-378.000000,-868.000000,490.000000)
v(-378.000000,-371.000000,490.000000)
v(-378.000000,-371.000000,630.000000)
v(-378.000000,-868.000000,210.000000)
v(-378.000000,-868.000000,70.000000)
v(-378.000000,-371.000000,770.000000)
v(-378.000000,-371.000000,910.000000)
v(-378.000000,-868.000000,1330.000000)
v(-378.000000,-868.000000,1190.000000)
v(-378.000000,-371.000000,1190.000000)
v(-378.000000,-371.000000,1330.000000)
v(-378.000000,-868.000000,910.000000)
v(-378.000000,-868.000000,770.000000)
v(-378.000000,-868.000000,-1400.000000)
v(-378.000000,-868.000000,1400.000000)
v(-238.000000,-1106.000000,-770.000000)
v(-238.000000,-1106.000000,-1400.000000)
v(-238.000000,-1106.000000,-70.000000)
v(-238.000000,-1106.000000,630.000000)
v(-238.000000,-1106.000000,1400.000000)
v(-560.000000,-378.000000,-1400.000000)
v(-560.000000,0.000000,-1400.000000)
v(-560.000000,-378.000000,1400.000000)
v(-560.000000,0.000000,1400.000000)
v(-560.000000,0.000000,-700.000000)
v(-560.000000,-378.000000,-700.000000)
v(-378.000000,-378.000000,-700.000000)
v(-560.000000,-378.000000,0.000000)
v(-560.000000,0.000000,0.000000)
v(-378.000000,-378.000000,0.000000)
v(-560.000000,0.000000,700.000000)
v(-560.000000,-378.000000,700.000000)
v(-378.000000,-378.000000,700.000000)

<p>
c(140,140,140)
n(-0.507020,0.861934,0.000000)
p(4,0,1,2,3)
t(2,3,0)
t(0,1,2)
</p>

<p>
c(180,180,180)
n(-0.861934,0.507020,0.000000)
p(4,4,5,2,3)
t(5,4,3)
t(3,2,5)
</p>

<p>
c(140,140,140)
n(-0.507020,0.861934,0.000000)
p(4,0,6,7,3)
t(6,0,3)
t(3,7,6)
</p>

<p>
c(180,180,180)
n(-0.861934,0.507020,0.000000)
p(4,4,8,7,3)
t(7,3,4)
t(4,8,7)
</p>

<p>
c(145,145,145)
n(-0.507020,0.861934,0.000000)
p(4,9,6,7,10)
t(7,10,9)
t(9,6,7)
</p>

<p>
c(185,185,185)
n(-0.861934,0.507020,0.000000)
p(4,11,8,7,10)
t(8,11,10)
t(10,7,8)
</p>

<p>
c(145,145,145)
n(-0.507020,0.861934,0.000000)
p(4,9,12,13,10)
t(12,9,10)
t(10,13,12)
</p>

<p>
c(185,185,185)
n(-0.861934,0.507020,0.000000)
p(4,11,14,13,10)
t(13,10,11)
t(11,14,13)
</p>

<p>
c(140,140,140)
n(-0.507020,0.861934,0.000000)
p(4,15,12,13,16)
t(13,16,15)
t(15,12,13)
</p>

<p>
c(180,180,180)
n(-0.861934,0.507020,0.000000)
p(4,17,14,13,16)
t(14,17,16)
t(16,13,14)
</p>

<p>
c(145,145,145)
n(1.000000,0.000000,0.000000)
p(4,18,19,20,21)
t(20,21,18)
t(18,19,20)
</p>

<p>
c(145,145,145)
n(1.000000,0.000000,0.000000)
p(4,22,23,24,25)
t(24,25,22)
t(22,23,24)
</p>

<p>
c(145,145,145)
n(1.000000,0.000000,0.000000)
p(4,26,27,28,29)
t(28,29,26)
t(26,27,28)
</p>

<p>
c(145,145,145)
n(1.000000,0.000000,0.000000)
p(4,30,31,32,33)
t(32,33,30)
t(30,31,32)
</p>

<p>
c(145,145,145)
n(1.000000,0.000000,0.000000)
p(4,34,35,36,37)
t(36,37,34)
t(34,35,36)
</p>

<p>
c(145,145,145)
n(1.000000,0.000000,0.000000)
p(4,38,39,40,41)
t(40,41,38)
t(38,39,40)
</p>

<p>
c(145,145,145)
n(1.000000,0.000000,0.000000)
p(4,42,43,44,45)
t(44,45,42)
t(42,43,44)
</p>

<p>
c(145,145,145)
n(1.000000,0.000000,0.000000)
p(4,46,47,48,49)
t(48,49,46)
t(46,47,48)
</p>

<p>
c(145,145,145)
n(1.000000,0.000000,0.000000)
p(4,18,5,50,25)
t(5,18,25)
t(25,50,5)
</p>

<p>
c(145,145,145)
n(1.000000,0.000000,0.000000)
p(4,23,26,33,20)
t(33,20,23)
t(23,26,33)
</p>

<p>
c(145,145,145)
n(1.000000,0.000000,0.000000)
p(4,31,34,41,28)
t(41,28,31)
t(31,34,41)
</p>

<p>
c(145,145,145)
n(1.000000,0.000000,0.000000)
p(4,39,42,49,36)
t(49,36,39)
t(39,42,49)
</p>

<p>
c(145,145,145)
n(1.000000,0.000000,0.000000)
p(4,47,17,51,44)
t(51,44,47)
t(47,17,51)
</p>

<p>
c(90,90,90)
n(-0.861934,-0.507020,0.000000)
p(7,50,25,24,21,20,52,53)
t(25,50,53)
t(53,52,20)
t(21,24,25)
t(53,20,21)
t(21,25,53)
</p>

<p>
c(100,100,100)
n(-0.861934,-0.507020,0.000000)
p(7,20,33,32,29,28,54,52)
t(33,20,52)
t(52,54,28)
t(32,33,52)
t(52,28,29)
t(29,32,52)
</p>

<p>
c(100,100,100)
n(-0.861934,-0.507020,0.000000)
p(7,28,41,40,37,36,55,54)
t(41,28,54)
t(54,55,36)
t(36,37,40)
t(40,41,54)
t(54,36,40)
</p>

<p>
c(90,90,90)
n(-0.861934,-0.507020,-0.000000)
p(8,36,49,48,45,44,51,56,55)
t(49,36,55)
t(55,56,51)
t(48,49,55)
t(55,51,44)
t(45,48,55)
t(55,44,45)
</p>

<p>
c(145,145,145)
n(0.000000,0.000000,1.000000)
p(5,1,2,5,57,58)
t(2,1,58)
t(58,57,5)
t(5,2,58)
</p>

<p>
c(145,145,145)
n(0.000000,0.000000,1.000000)
p(5,15,16,17,59,60)
t(16,15,60)
t(60,59,17)
t(17,16,60)
</p>

<p>
c(145,145,145)
n(1.000000,0.000000,0.000000)
p(4,61,62,57,58)
t(57,58,61)
t(61,62,57)
</p>

<p>
c(120,120,120)
n(0.000000,1.000000,0.000000)
p(4,62,63,5,57)
t(5,57,62)
t(62,63,5)
</p>

<p>
c(145,145,145)
n(1.000000,0.000000,0.000000)
p(4,61,62,64,65)
t(62,61,65)
t(65,64,62)
</p>

<p>
c(120,120,120)
n(0.000000,1.000000,0.000000)
p(4,62,63,66,64)
t(63,62,64)
t(64,66,63)
</p>

<p>
c(145,145,145)
n(1.000000,0.000000,0.000000)
p(4,67,68,64,65)
t(64,65,67)
t(67,68,64)
</p>

<p>
c(120,120,120)
n(0.000000,1.000000,0.000000)
p(4,68,69,66,64)
t(66,64,68)
t(68,69,66)
</p>

<p>
c(145,145,145)
n(1.000000,0.000000,0.000000)
p(4,67,68,59,60)
t(68,67,60)
t(60,59,68)
</p>

<p>
c(120,120,120)
n(0.000000,1.000000,0.000000)
p(4,68,69,17,59)
t(69,68,59)
t(59,17,69)
</p>

