v(-48.321000,-76.700000,94.400000)
v(-37.966500,-8.850000,115.050000)
v(37.966500,-8.850000,115.050000)
v(48.321000,-76.700000,94.400000)
v(34.515000,-73.750000,-5.900000)
v(-34.515000,-73.750000,-5.900000)
v(-34.515000,-11.800000,-5.900000)
v(34.515000,-11.800000,-5.900000)
v(51.772500,-76.700000,91.450000)
v(51.772500,-76.700000,82.600000)
v(51.772500,-8.850000,82.600000)
v(41.418000,-8.850000,112.100000)
v(51.772500,-8.850000,67.850000)
v(51.772500,-8.850000,26.550000)
v(51.772500,-70.800000,26.550000)
v(51.772500,-70.800000,67.850000)
v(-51.772500,-76.700000,91.450000)
v(-51.772500,-76.700000,82.600000)
v(-51.772500,-8.850000,82.600000)
v(-41.418000,-8.850000,112.100000)
v(-51.772500,-8.850000,67.850000)
v(-51.772500,-8.850000,26.550000)
v(-51.772500,-70.800000,26.550000)
v(-51.772500,-70.800000,67.850000)
v(-65.578500,-94.400000,-14.750000)
v(-65.578500,-82.600000,-14.750000)
v(-65.578500,-82.600000,0.000000)
v(-65.578500,-82.600000,61.950000)
v(-65.578500,-94.400000,61.950000)
v(-51.772500,-82.600000,91.450000)
v(-51.772500,-94.400000,91.450000)
v(-65.578500,11.800000,0.000000)
v(-65.578500,11.800000,-14.750000)
v(-51.772500,-82.600000,0.000000)
v(-51.772500,0.000000,0.000000)
v(-51.772500,11.800000,0.000000)
v(-51.772500,-82.600000,73.750000)
v(-51.772500,0.000000,73.750000)
v(-51.772500,-8.850000,73.750000)
v(-41.418000,0.000000,118.000000)
v(-51.772500,32.450000,73.750000)
v(-51.772500,32.450000,0.000000)
v(-51.772500,47.200000,73.750000)
v(-41.418000,47.200000,118.000000)
v(-79.384500,47.200000,44.250000)
v(-79.384500,32.450000,44.250000)
v(-79.384500,32.450000,0.000000)
v(-79.384500,123.900000,0.000000)
v(-79.384500,123.900000,44.250000)
v(0.000000,47.200000,73.750000)
v(0.000000,123.900000,73.750000)
v(-79.384500,11.800000,-44.250000)
v(-79.384500,11.800000,0.000000)
v(-79.384500,64.900000,0.000000)
v(-79.384500,32.450000,-20.650000)
v(-79.384500,20.650000,-44.250000)
v(-37.966500,11.800000,-44.250000)
v(-37.966500,20.650000,-44.250000)
v(-37.966500,11.800000,-5.900000)
v(-55.224000,11.800000,-5.900000)
v(-55.224000,11.800000,-14.750000)
v(-55.224000,-82.600000,-14.750000)
v(-55.224000,-82.600000,-5.900000)
v(-37.966500,32.450000,-20.650000)
v(-37.966500,64.900000,0.000000)
v(-55.224000,32.450000,67.850000)
v(-55.224000,32.450000,64.900000)
v(-55.224000,-11.800000,64.900000)
v(-55.224000,-11.800000,67.850000)
v(-69.030000,32.450000,53.100000)
v(-69.030000,32.450000,56.050000)
v(-69.030000,-41.300000,56.050000)
v(-69.030000,-41.300000,53.100000)
v(-75.933000,32.450000,44.250000)
v(-75.933000,32.450000,47.200000)
v(-75.933000,-41.300000,47.200000)
v(-75.933000,-41.300000,44.250000)
v(-75.933000,-38.350000,44.250000)
v(-69.030000,-38.350000,56.050000)
v(-55.224000,-5.900000,67.850000)
v(-55.224000,-8.850000,67.850000)
v(-69.030000,-8.850000,56.050000)
v(-75.933000,-8.850000,44.250000)
v(-75.933000,-5.900000,44.250000)
v(-69.030000,-5.900000,56.050000)
v(-79.384500,11.800000,-2.950000)
v(-79.384500,-64.900000,-2.950000)
v(-79.384500,-64.900000,0.000000)
v(-75.933000,-64.900000,0.000000)
v(-75.933000,11.800000,0.000000)
v(-79.384500,11.800000,-41.300000)
v(-79.384500,-64.900000,-41.300000)
v(-79.384500,-64.900000,-44.250000)
v(-75.933000,-64.900000,-44.250000)
v(-75.933000,11.800000,-44.250000)
v(-37.966500,11.800000,-41.300000)
v(-37.966500,-64.900000,-41.300000)
v(-37.966500,-64.900000,-44.250000)
v(-41.418000,-64.900000,-44.250000)
v(-41.418000,11.800000,-44.250000)
v(-79.384500,-61.950000,0.000000)
v(-79.384500,-61.950000,-44.250000)
v(-37.966500,-61.950000,-44.250000)
v(-79.384500,-32.450000,0.000000)
v(-79.384500,-29.500000,0.000000)
v(-79.384500,-29.500000,-44.250000)
v(-79.384500,-32.450000,-44.250000)
v(-37.966500,-32.450000,-44.250000)
v(-37.966500,-29.500000,-44.250000)
v(-86.287500,41.300000,8.850000)
v(-86.287500,41.300000,35.400000)
v(-86.287500,44.250000,35.400000)
v(-86.287500,44.250000,8.850000)
v(-86.287500,64.900000,8.850000)
v(-86.287500,64.900000,35.400000)
v(-86.287500,67.850000,35.400000)
v(-86.287500,67.850000,8.850000)
v(-86.287500,88.500000,8.850000)
v(-86.287500,88.500000,35.400000)
v(-86.287500,91.450000,35.400000)
v(-86.287500,91.450000,8.850000)
v(-86.287500,112.100000,8.850000)
v(-86.287500,112.100000,35.400000)
v(-86.287500,115.050000,35.400000)
v(-86.287500,115.050000,8.850000)
v(-79.384500,41.300000,35.400000)
v(-79.384500,44.250000,35.400000)
v(-79.384500,41.300000,8.850000)
v(-79.384500,44.250000,8.850000)
v(-79.384500,64.900000,35.400000)
v(-79.384500,67.850000,35.400000)
v(-79.384500,64.900000,8.850000)
v(-79.384500,67.850000,8.850000)
v(-79.384500,88.500000,35.400000)
v(-79.384500,91.450000,35.400000)
v(-79.384500,88.500000,8.850000)
v(-79.384500,91.450000,8.850000)
v(-79.384500,112.100000,35.400000)
v(-79.384500,115.050000,35.400000)
v(-79.384500,112.100000,8.850000)
v(-79.384500,115.050000,8.850000)
v(65.578500,-94.400000,-14.750000)
v(65.578500,-82.600000,-14.750000)
v(65.578500,-82.600000,0.000000)
v(65.578500,-82.600000,61.950000)
v(65.578500,-94.400000,61.950000)
v(51.772500,-82.600000,91.450000)
v(51.772500,-94.400000,91.450000)
v(65.578500,11.800000,0.000000)
v(65.578500,11.800000,-14.750000)
v(51.772500,-82.600000,0.000000)
v(51.772500,0.000000,0.000000)
v(51.772500,11.800000,0.000000)
v(51.772500,-82.600000,73.750000)
v(51.772500,0.000000,73.750000)
v(51.772500,-8.850000,73.750000)
v(41.418000,0.000000,118.000000)
v(51.772500,32.450000,73.750000)
v(51.772500,32.450000,0.000000)
v(51.772500,47.200000,73.750000)
v(41.418000,47.200000,118.000000)
v(79.384500,47.200000,44.250000)
v(79.384500,32.450000,44.250000)
v(79.384500,32.450000,0.000000)
v(79.384500,123.900000,0.000000)
v(79.384500,123.900000,44.250000)
v(79.384500,11.800000,-44.250000)
v(79.384500,11.800000,0.000000)
v(79.384500,64.900000,0.000000)
v(79.384500,32.450000,-20.650000)
v(79.384500,20.650000,-44.250000)
v(37.966500,11.800000,-44.250000)
v(37.966500,20.650000,-44.250000)
v(37.966500,11.800000,-5.900000)
v(55.224000,11.800000,-5.900000)
v(55.224000,11.800000,-14.750000)
v(55.224000,-82.600000,-14.750000)
v(55.224000,-82.600000,-5.900000)
v(37.966500,32.450000,-20.650000)
v(37.966500,64.900000,0.000000)
v(55.224000,32.450000,67.850000)
v(55.224000,32.450000,64.900000)
v(55.224000,-11.800000,64.900000)
v(55.224000,-11.800000,67.850000)
v(69.030000,32.450000,53.100000)
v(69.030000,32.450000,56.050000)
v(69.030000,-41.300000,56.050000)
v(69.030000,-41.300000,53.100000)
v(75.933000,32.450000,44.250000)
v(75.933000,32.450000,47.200000)
v(75.933000,-41.300000,47.200000)
v(75.933000,-41.300000,44.250000)
v(75.933000,-38.350000,44.250000)
v(69.030000,-38.350000,56.050000)
v(55.224000,-5.900000,67.850000)
v(55.224000,-8.850000,67.850000)
v(69.030000,-8.850000,56.050000)
v(75.933000,-8.850000,44.250000)
v(75.933000,-5.900000,44.250000)
v(69.030000,-5.900000,56.050000)
v(79.384500,11.800000,-2.950000)
v(79.384500,-64.900000,-2.950000)
v(79.384500,-64.900000,0.000000)
v(75.933000,-64.900000,0.000000)
v(75.933000,11.800000,0.000000)
v(79.384500,11.800000,-41.300000)
v(79.384500,-64.900000,-41.300000)
v(79.384500,-64.900000,-44.250000)
v(75.933000,-64.900000,-44.250000)
v(75.933000,11.800000,-44.250000)
v(37.966500,11.800000,-41.300000)
v(37.966500,-64.900000,-41.300000)
v(37.966500,-64.900000,-44.250000)
v(41.418000,-64.900000,-44.250000)
v(41.418000,11.800000,-44.250000)
v(79.384500,-61.950000,0.000000)
v(79.384500,-61.950000,-44.250000)
v(37.966500,-61.950000,-44.250000)
v(79.384500,-32.450000,0.000000)
v(79.384500,-29.500000,0.000000)
v(79.384500,-29.500000,-44.250000)
v(79.384500,-32.450000,-44.250000)
v(37.966500,-32.450000,-44.250000)
v(37.966500,-29.500000,-44.250000)
v(86.287500,41.300000,8.850000)
v(86.287500,41.300000,35.400000)
v(86.287500,44.250000,35.400000)
v(86.287500,44.250000,8.850000)
v(86.287500,64.900000,8.850000)
v(86.287500,64.900000,35.400000)
v(86.287500,67.850000,35.400000)
v(86.287500,67.850000,8.850000)
v(86.287500,88.500000,8.850000)
v(86.287500,88.500000,35.400000)
v(86.287500,91.450000,35.400000)
v(86.287500,91.450000,8.850000)
v(86.287500,112.100000,8.850000)
v(86.287500,112.100000,35.400000)
v(86.287500,115.050000,35.400000)
v(86.287500,115.050000,8.850000)
v(79.384500,41.300000,35.400000)
v(79.384500,44.250000,35.400000)
v(79.384500,41.300000,8.850000)
v(79.384500,44.250000,8.850000)
v(79.384500,64.900000,35.400000)
v(79.384500,67.850000,35.400000)
v(79.384500,64.900000,8.850000)
v(79.384500,67.850000,8.850000)
v(79.384500,88.500000,35.400000)
v(79.384500,91.450000,35.400000)
v(79.384500,88.500000,8.850000)
v(79.384500,91.450000,8.850000)
v(79.384500,112.100000,35.400000)
v(79.384500,115.050000,35.400000)
v(79.384500,112.100000,8.850000)
v(79.384500,115.050000,8.850000)
v(0.000000,-82.600000,-5.900000)
v(0.000000,-73.750000,-5.900000)
v(37.966500,-5.900000,-5.900000)
v(-37.966500,-5.900000,-5.900000)
v(-37.966500,85.550000,0.000000)
v(0.000000,85.550000,0.000000)
v(37.966500,85.550000,0.000000)
v(0.000000,123.900000,0.000000)
v(-37.966500,44.250000,-100.300000)
v(-37.966500,44.250000,-32.450000)
v(-37.966500,70.800000,-32.450000)
v(-37.966500,-5.900000,-32.450000)
v(-37.966500,-5.900000,-126.850000)
v(-37.966500,5.900000,-126.850000)
v(-37.966500,5.900000,-32.450000)
v(-37.966500,26.550000,-32.450000)
v(-37.966500,26.550000,-126.850000)
v(-37.966500,44.250000,-126.850000)
v(-37.966500,106.200000,-50.150000)
v(-37.966500,85.550000,-67.850000)
v(-37.966500,85.550000,-112.100000)
v(-37.966500,85.550000,-126.850000)
v(-37.966500,106.200000,-126.850000)
v(-37.966500,-5.900000,-162.250000)
v(-37.966500,85.550000,-174.050000)
v(-51.772500,106.200000,-150.450000)
v(-51.772500,85.550000,-150.450000)
v(-51.772500,85.550000,-194.700000)
v(-51.772500,106.200000,-194.700000)
v(37.966500,44.250000,-100.300000)
v(37.966500,44.250000,-32.450000)
v(37.966500,70.800000,-32.450000)
v(37.966500,-5.900000,-32.450000)
v(37.966500,-5.900000,-126.850000)
v(37.966500,5.900000,-126.850000)
v(37.966500,5.900000,-32.450000)
v(37.966500,26.550000,-32.450000)
v(37.966500,26.550000,-126.850000)
v(37.966500,44.250000,-126.850000)
v(37.966500,106.200000,-50.150000)
v(37.966500,85.550000,-67.850000)
v(37.966500,85.550000,-112.100000)
v(37.966500,85.550000,-126.850000)
v(37.966500,106.200000,-126.850000)
v(37.966500,-5.900000,-162.250000)
v(37.966500,85.550000,-174.050000)
v(51.772500,106.200000,-150.450000)
v(51.772500,85.550000,-150.450000)
v(51.772500,85.550000,-194.700000)
v(51.772500,106.200000,-194.700000)
v(0.000000,85.550000,-174.050000)
v(0.000000,79.650000,-174.050000)
v(-27.612000,79.650000,-174.050000)
v(-27.612000,0.000000,-162.250000)
v(27.612000,0.000000,-162.250000)
v(27.612000,79.650000,-174.050000)
v(20.709000,-5.900000,-73.750000)
v(20.709000,-5.900000,-82.600000)
v(20.709000,-70.800000,-82.600000)
v(20.709000,-76.700000,-73.750000)
v(10.354500,-5.900000,-73.750000)
v(10.354500,-5.900000,-82.600000)
v(10.354500,-70.800000,-82.600000)
v(10.354500,-76.700000,-73.750000)
v(-69.030000,-5.900000,135.700000)
v(-69.030000,-5.900000,115.050000)
v(-69.030000,70.800000,115.050000)
v(-69.030000,82.600000,94.400000)
v(-69.030000,129.800000,94.400000)
v(-69.030000,129.800000,112.100000)
v(-69.030000,118.000000,129.800000)
v(-69.030000,91.450000,129.800000)
v(-69.030000,88.500000,126.850000)
v(-69.030000,41.300000,144.550000)
v(-69.030000,38.350000,156.350000)
v(-62.127000,-5.900000,115.050000)
v(-62.127000,-5.900000,135.700000)
v(-62.127000,38.350000,156.350000)
v(-62.127000,32.450000,153.400000)
v(-62.127000,109.150000,280.250000)
v(-62.127000,97.350000,280.250000)
v(-62.127000,97.350000,274.350000)
v(-62.127000,32.450000,227.150000)
v(-62.127000,61.950000,215.350000)
v(-62.127000,106.200000,265.500000)
v(-55.224000,109.150000,280.250000)
v(-55.224000,97.350000,280.250000)
v(-55.224000,97.350000,274.350000)
v(-55.224000,32.450000,227.150000)
v(-55.224000,-5.900000,135.700000)
v(-55.224000,32.450000,153.400000)
v(-55.224000,61.950000,215.350000)
v(-55.224000,106.200000,265.500000)
v(-41.418000,123.900000,59.000000)
v(-41.418000,88.500000,59.000000)
v(-62.127000,70.800000,115.050000)
v(-106.996500,38.350000,179.950000)
v(-106.996500,41.300000,144.550000)
v(-106.996500,88.500000,126.850000)
v(-106.996500,91.450000,129.800000)
v(-106.996500,47.200000,150.450000)
v(-106.996500,41.300000,182.900000)
v(-62.127000,91.450000,129.800000)
v(-62.127000,88.500000,126.850000)
v(-62.127000,41.300000,144.550000)
v(-62.127000,38.350000,179.950000)
v(-62.127000,41.300000,182.900000)
v(-62.127000,47.200000,150.450000)
v(69.030000,-5.900000,135.700000)
v(69.030000,-5.900000,115.050000)
v(69.030000,70.800000,115.050000)
v(69.030000,82.600000,94.400000)
v(69.030000,129.800000,94.400000)
v(69.030000,129.800000,112.100000)
v(69.030000,118.000000,129.800000)
v(69.030000,91.450000,129.800000)
v(69.030000,88.500000,126.850000)
v(69.030000,41.300000,144.550000)
v(69.030000,38.350000,156.350000)
v(62.127000,-5.900000,115.050000)
v(62.127000,-5.900000,135.700000)
v(62.127000,38.350000,156.350000)
v(62.127000,32.450000,153.400000)
v(62.127000,109.150000,280.250000)
v(62.127000,97.350000,280.250000)
v(62.127000,97.350000,274.350000)
v(62.127000,32.450000,227.150000)
v(62.127000,61.950000,215.350000)
v(62.127000,106.200000,265.500000)
v(55.224000,109.150000,280.250000)
v(55.224000,97.350000,280.250000)
v(55.224000,97.350000,274.350000)
v(55.224000,32.450000,227.150000)
v(55.224000,-5.900000,135.700000)
v(55.224000,32.450000,153.400000)
v(55.224000,61.950000,215.350000)
v(55.224000,106.200000,265.500000)
v(41.418000,123.900000,59.000000)
v(41.418000,88.500000,59.000000)
v(62.127000,70.800000,115.050000)
v(106.996500,38.350000,179.950000)
v(106.996500,41.300000,144.550000)
v(106.996500,88.500000,126.850000)
v(106.996500,91.450000,129.800000)
v(106.996500,47.200000,150.450000)
v(106.996500,41.300000,182.900000)
v(62.127000,91.450000,129.800000)
v(62.127000,88.500000,126.850000)
v(62.127000,41.300000,144.550000)
v(62.127000,38.350000,179.950000)
v(62.127000,41.300000,182.900000)
v(62.127000,47.200000,150.450000)
v(0.000000,88.500000,73.750000)
v(-62.127000,5.900000,135.700000)
v(-62.127000,5.900000,123.900000)
v(62.127000,5.900000,123.900000)
v(62.127000,5.900000,135.700000)
v(-62.127000,29.500000,135.700000)
v(62.127000,29.500000,135.700000)
v(10.354500,5.900000,135.700000)
v(10.354500,23.600000,135.700000)
v(10.354500,23.600000,197.650000)
v(10.354500,5.900000,197.650000)
v(-10.354500,5.900000,135.700000)
v(-10.354500,23.600000,135.700000)
v(-10.354500,23.600000,197.650000)
v(-10.354500,5.900000,197.650000)
v(13.806000,26.550000,209.450000)
v(13.806000,2.950000,209.450000)
v(-13.806000,26.550000,209.450000)
v(-13.806000,2.950000,209.450000)
v(-55.224000,56.050000,227.150000)
v(-55.224000,56.050000,236.000000)
v(-10.354500,56.050000,236.000000)
v(-10.354500,56.050000,227.150000)
v(55.224000,56.050000,227.150000)
v(55.224000,56.050000,236.000000)
v(10.354500,56.050000,236.000000)
v(10.354500,56.050000,227.150000)
v(-55.224000,35.400000,227.150000)
v(-10.354500,35.400000,227.150000)
v(55.224000,35.400000,227.150000)
v(10.354500,35.400000,227.150000)
v(-10.354500,41.300000,241.900000)
v(-10.354500,8.850000,241.900000)
v(-10.354500,11.800000,247.800000)
v(-10.354500,47.200000,253.700000)
v(-10.354500,94.400000,247.800000)
v(-10.354500,91.450000,241.900000)
v(10.354500,41.300000,241.900000)
v(10.354500,8.850000,241.900000)
v(10.354500,11.800000,247.800000)
v(10.354500,47.200000,253.700000)
v(10.354500,94.400000,247.800000)
v(10.354500,91.450000,241.900000)
v(0.000000,17.700000,209.450000)
v(0.000000,17.700000,241.900000)
v(0.000000,11.800000,241.900000)
v(0.000000,11.800000,209.450000)
v(3.451500,14.750000,209.450000)
v(3.451500,14.750000,241.900000)
v(-3.451500,14.750000,241.900000)
v(-3.451500,14.750000,209.450000)
v(-100.093500,35.400000,339.250000)
v(-100.093500,59.000000,286.150000)
v(-100.093500,97.350000,280.250000)
v(-100.093500,109.150000,280.250000)
v(-100.093500,129.800000,300.900000)
v(-100.093500,135.700000,354.000000)
v(-100.093500,67.850000,321.550000)
v(100.093500,35.400000,339.250000)
v(100.093500,59.000000,286.150000)
v(100.093500,97.350000,280.250000)
v(100.093500,109.150000,280.250000)
v(100.093500,129.800000,300.900000)
v(100.093500,135.700000,354.000000)
v(100.093500,67.850000,321.550000)
v(0.000000,79.650000,283.200000)
v(0.000000,73.750000,283.200000)
v(0.000000,82.600000,247.800000)
v(0.000000,88.500000,247.800000)
v(3.451500,76.700000,283.200000)
v(-3.451500,76.700000,283.200000)
v(-3.451500,85.550000,247.800000)
v(3.451500,85.550000,247.800000)
v(-93.190500,112.100000,177.000000)
v(-93.190500,112.100000,212.400000)
v(93.190500,112.100000,212.400000)
v(93.190500,112.100000,177.000000)
v(93.190500,88.500000,177.000000)
v(-93.190500,88.500000,177.000000)

<p>
glass()
outline()
n(0.000000,0.291162,-0.956674)
C(0.000000,-42.775000,104.725000)
p(4,0,1,2,3)
t(2,3,0)
t(0,1,2)
</p>

<p>
glass()
outline()
n(0.000000,0.000000,1.000000)
C(0.000000,-42.775000,-5.900000)
p(4,4,5,6,7)
t(5,4,7)
t(7,6,5)
</p>

<p>
glass()
outline()
n(0.950799,0.025589,0.308749)
C(49.183875,-42.775000,92.187500)
p(4,8,9,10,11)
t(10,11,8)
t(8,9,10)
</p>

<p>
glass()
outline()
n(1.000000,0.000000,0.000000)
C(51.772500,-39.825000,47.200000)
p(4,12,13,14,15)
t(13,12,15)
t(15,14,13)
</p>

<p>
glass()
outline()
n(-0.950799,0.025589,0.308749)
C(-49.183875,-42.775000,92.187500)
p(4,16,17,18,19)
t(17,16,19)
t(19,18,17)
</p>

<p>
glass()
outline()
n(1.000000,0.000000,0.000000)
C(-51.772500,-39.825000,47.200000)
p(4,20,21,22,23)
t(21,20,23)
t(23,22,21)
</p>

<p>
c(240,198,87)
outline()
n(1.000000,0.000000,0.000000)
C(-65.578500,-87.320000,18.880000)
p(5,24,25,26,27,28)
t(27,28,24)
t(24,25,26)
t(26,27,24)
</p>

<p>
c(240,198,87)
outline()
n(-0.905720,0.000000,0.423877)
C(-58.675500,-88.500000,76.700000)
p(4,28,27,29,30)
t(27,28,30)
t(30,29,27)
</p>

<p>
c(240,198,87)
outline()
n(1.000000,0.000000,0.000000)
C(-65.578500,-35.400000,-7.375000)
p(4,25,26,31,32)
t(26,25,32)
t(32,31,26)
</p>

<p>
c(240,198,87)
outline()
n(0.000000,0.000000,1.000000)
C(-57.294900,-28.320000,0.000000)
p(5,26,33,34,35,31)
t(35,31,26)
t(26,33,34)
t(34,35,26)
</p>

<p>
c(240,198,87)
outline()
n(1.000000,0.000000,0.000000)
C(-51.772500,-34.220000,48.380000)
p(10,36,33,34,37,38,21,22,23,20,38)
t(34,37,38)
t(23,20,38)
t(34,38,21)
t(23,38,36)
t(33,34,21)
t(22,23,36)
t(33,21,22)
t(22,36,33)
</p>

<p>
c(240,198,87)
outline()
n(-0.962721,0.023162,0.269503)
C(-48.321000,-42.037500,91.450000)
p(8,39,37,36,29,0,17,18,1)
t(18,1,39)
t(36,29,0)
t(18,39,37)
t(36,0,17)
t(17,18,37)
t(37,36,17)
</p>

<p>
c(240,198,87)
outline()
n(-0.644116,-0.131064,0.753616)
C(-44.869500,-42.775000,103.250000)
p(4,16,0,1,19)
t(1,19,16)
t(16,0,1)
</p>

<p>
c(240,198,87)
outline()
n(1.000000,0.000000,0.000000)
C(-51.772500,16.225000,36.875000)
p(4,34,37,40,41)
t(37,34,41)
t(41,40,37)
</p>

<p>
c(240,198,87)
outline()
n(-0.973697,0.000000,0.227845)
C(-46.595250,23.600000,95.875000)
p(4,39,37,42,43)
t(37,39,43)
t(43,42,37)
</p>

<p>
c(240,198,87)
outline()
n(-0.730083,0.000000,0.683358)
C(-65.578500,39.825000,59.000000)
p(4,40,42,44,45)
t(44,45,40)
t(40,42,44)
</p>

<p>
c(240,198,87)
outline()
n(1.000000,0.000000,0.000000)
C(-79.384500,78.175000,22.125000)
p(4,46,47,48,45)
t(48,45,46)
t(46,47,48)
</p>

<p>
c(240,198,87)
outline()
n(0.000000,1.000000,0.000000)
C(-65.578500,32.450000,29.500000)
p(4,41,46,45,40)
t(45,40,41)
t(41,46,45)
</p>

<p>
c(240,198,87)
outline()
n(-0.348335,0.000000,0.937370)
C(-39.692250,85.550000,59.000000)
p(4,48,44,49,50)
t(49,50,48)
t(48,44,49)
</p>

<p>
c(240,198,87)
outline()
n(1.000000,0.000000,0.000000)
C(-79.384500,28.320000,-21.830000)
p(5,51,52,53,54,55)
t(52,51,55)
t(54,53,52)
t(52,55,54)
</p>

<p>
c(240,198,87)
outline()
n(1.000000,0.000000,0.000000)
C(-79.384500,28.320000,-21.830000)
p(5,51,52,53,54,55)
t(52,51,55)
t(54,53,52)
t(52,55,54)
</p>

<p>
c(240,198,87)
outline()
n(0.000000,0.000000,1.000000)
C(-65.578500,22.125000,0.000000)
p(4,52,35,41,46)
t(41,46,52)
t(52,35,41)
</p>

<p>
c(240,198,87)
outline()
n(0.000000,0.000000,1.000000)
C(-58.675500,16.225000,-44.250000)
p(4,51,56,57,55)
t(57,55,51)
t(51,56,57)
</p>

<p>
c(240,198,87)
outline()
n(0.000000,1.000000,0.000000)
C(-59.538375,11.800000,-16.225000)
p(8,52,51,56,58,59,60,32,31)
t(51,52,31)
t(60,59,58)
t(58,56,51)
t(51,31,32)
t(60,58,51)
t(51,32,60)
</p>

<p>
c(240,198,87)
outline()
n(0.000000,0.000000,1.000000)
C(-60.401250,-35.400000,-14.750000)
p(4,25,61,60,32)
t(60,32,25)
t(25,61,60)
</p>

<p>
c(240,198,87)
outline()
n(1.000000,0.000000,0.000000)
C(-55.224000,-35.400000,-10.325000)
p(4,61,62,59,60)
t(62,61,60)
t(60,59,62)
</p>

<p>
c(240,198,87)
outline()
n(0.000000,0.894427,-0.447214)
C(-58.675500,26.550000,-32.450000)
p(4,54,63,57,55)
t(57,55,54)
t(54,63,57)
</p>

<p>
c(240,198,87)
outline()
n(0.000000,0.536875,-0.843661)
C(-58.675500,48.675000,-10.325000)
p(4,53,64,63,54)
t(63,54,53)
t(53,64,63)
</p>

<p>
c(240,198,87)
outline()
n(1.000000,0.000000,0.000000)
C(-55.224000,10.325000,66.375000)
p(4,65,66,67,68)
t(66,65,68)
t(68,67,66)
</p>

<p>
c(240,198,87)
outline()
n(1.000000,0.000000,0.000000)
C(-69.030000,-4.425000,54.575000)
p(4,69,70,71,72)
t(71,72,69)
t(69,70,71)
</p>

<p>
c(240,198,87)
outline()
n(0.905720,-0.423877,0.000000)
C(-62.127000,-26.550000,60.475000)
p(4,67,68,71,72)
t(71,72,67)
t(67,68,71)
</p>

<p>
c(240,198,87)
outline()
n(1.000000,0.000000,0.000000)
C(-75.933000,-4.425000,45.725000)
p(4,73,74,75,76)
t(75,76,73)
t(73,74,75)
</p>

<p>
c(240,198,87)
outline()
n(-0.863152,0.000000,0.504944)
C(-72.481500,-39.825000,50.150000)
p(4,76,77,78,71)
t(77,76,71)
t(71,78,77)
</p>

<p>
c(240,198,87)
outline()
n(-0.746342,0.000000,0.665563)
C(-66.729000,-7.375000,56.050000)
p(6,79,80,81,82,83,84)
t(80,79,84)
t(84,83,82)
t(81,80,84)
t(84,82,81)
</p>

<p>
c(240,198,87)
outline()
n(-0.591310,0.000000,0.806445)
C(-78.234000,-26.550000,-0.983333)
p(6,52,85,86,87,88,89)
t(88,89,52)
t(52,85,86)
t(87,88,52)
t(52,86,87)
</p>

<p>
c(240,198,87)
outline()
n(0.591310,0.000000,0.806445)
C(-78.234000,-26.550000,-43.266667)
p(6,51,90,91,92,93,94)
t(93,94,51)
t(51,90,91)
t(92,93,51)
t(51,91,92)
</p>

<p>
c(240,198,87)
outline()
n(-0.591310,0.000000,0.806445)
C(-39.117000,-26.550000,-43.266667)
p(6,56,95,96,97,98,99)
t(56,99,98)
t(97,96,95)
t(95,56,98)
t(98,97,95)
</p>

<p>
c(240,198,87)
outline()
n(1.000000,0.000000,0.000000)
C(-79.384500,-63.425000,-22.125000)
p(4,87,100,101,92)
t(100,87,92)
t(92,101,100)
</p>

<p>
c(240,198,87)
outline()
n(0.000000,0.000000,1.000000)
C(-58.675500,-63.425000,-44.250000)
p(4,97,102,101,92)
t(101,92,97)
t(97,102,101)
</p>

<p>
c(240,198,87)
outline()
n(1.000000,0.000000,0.000000)
C(-79.384500,-30.975000,-22.125000)
p(4,103,104,105,106)
t(104,103,106)
t(106,105,104)
</p>

<p>
c(240,198,87)
outline()
n(0.000000,0.000000,1.000000)
C(-58.675500,-30.975000,-44.250000)
p(4,107,108,105,106)
t(105,106,107)
t(107,108,105)
</p>

<p>
c(240,198,87)
outline()
n(1.000000,0.000000,0.000000)
C(-86.287500,42.775000,22.125000)
p(4,109,110,111,112)
t(110,109,112)
t(112,111,110)
</p>

<p>
c(240,198,87)
outline()
n(1.000000,0.000000,0.000000)
C(-86.287500,66.375000,22.125000)
p(4,113,114,115,116)
t(114,113,116)
t(116,115,114)
</p>

<p>
c(240,198,87)
outline()
n(1.000000,0.000000,0.000000)
C(-86.287500,89.975000,22.125000)
p(4,117,118,119,120)
t(118,117,120)
t(120,119,118)
</p>

<p>
c(240,198,87)
outline()
n(1.000000,0.000000,0.000000)
C(-86.287500,113.575000,22.125000)
p(4,121,122,123,124)
t(122,121,124)
t(124,123,122)
</p>

<p>
c(240,198,87)
outline()
n(0.000000,0.000000,1.000000)
C(-82.836000,42.775000,35.400000)
p(4,125,110,111,126)
t(110,125,126)
t(126,111,110)
</p>

<p>
c(240,198,87)
outline()
n(0.000000,0.000000,1.000000)
C(-82.836000,42.775000,8.850000)
p(4,127,109,112,128)
t(109,127,128)
t(128,112,109)
</p>

<p>
c(240,198,87)
outline()
n(0.000000,0.000000,1.000000)
C(-82.836000,66.375000,35.400000)
p(4,129,114,115,130)
t(114,129,130)
t(130,115,114)
</p>

<p>
c(240,198,87)
outline()
n(0.000000,0.000000,1.000000)
C(-82.836000,66.375000,8.850000)
p(4,131,113,116,132)
t(113,131,132)
t(132,116,113)
</p>

<p>
c(240,198,87)
outline()
n(0.000000,0.000000,1.000000)
C(-82.836000,89.975000,35.400000)
p(4,133,118,119,134)
t(118,133,134)
t(134,119,118)
</p>

<p>
c(240,198,87)
outline()
n(0.000000,0.000000,1.000000)
C(-82.836000,89.975000,8.850000)
p(4,135,117,120,136)
t(117,135,136)
t(136,120,117)
</p>

<p>
c(240,198,87)
outline()
n(0.000000,0.000000,1.000000)
C(-82.836000,113.575000,35.400000)
p(4,137,122,123,138)
t(122,137,138)
t(138,123,122)
</p>

<p>
c(240,198,87)
outline()
n(0.000000,0.000000,1.000000)
C(-82.836000,113.575000,8.850000)
p(4,139,121,124,140)
t(121,139,140)
t(140,124,121)
</p>

<p>
c(240,198,87)
outline()
n(1.000000,0.000000,0.000000)
C(65.578500,-87.320000,18.880000)
p(5,141,142,143,144,145)
t(144,145,141)
t(141,142,143)
t(143,144,141)
</p>

<p>
c(240,198,87)
outline()
n(-0.905720,0.000000,-0.423877)
C(58.675500,-88.500000,76.700000)
p(4,145,144,146,147)
t(144,145,147)
t(147,146,144)
</p>

<p>
c(240,198,87)
outline()
n(1.000000,0.000000,0.000000)
C(65.578500,-35.400000,-7.375000)
p(4,142,143,148,149)
t(143,142,149)
t(149,148,143)
</p>

<p>
c(240,198,87)
outline()
n(0.000000,0.000000,1.000000)
C(57.294900,-28.320000,0.000000)
p(5,143,150,151,152,148)
t(150,143,148)
t(148,152,151)
t(151,150,148)
</p>

<p>
c(240,198,87)
outline()
n(1.000000,0.000000,0.000000)
C(51.772500,-34.220000,48.380000)
p(10,153,150,151,154,155,13,14,15,12,155)
t(151,154,155)
t(15,12,155)
t(151,155,13)
t(15,155,153)
t(150,151,13)
t(14,15,153)
t(150,13,14)
t(14,153,150)
</p>

<p>
c(240,198,87)
outline()
n(0.962721,0.023162,0.269503)
C(48.321000,-42.037500,91.450000)
p(8,156,154,153,146,3,9,10,2)
t(154,156,2)
t(9,3,146)
t(154,2,10)
t(9,146,153)
t(153,154,10)
t(10,9,153)
</p>

<p>
c(240,198,87)
outline()
n(0.644116,-0.131064,0.753616)
C(44.869500,-42.775000,103.250000)
p(4,8,3,2,11)
t(3,8,11)
t(11,2,3)
</p>

<p>
c(240,198,87)
outline()
n(1.000000,0.000000,0.000000)
C(51.772500,16.225000,36.875000)
p(4,151,154,157,158)
t(154,151,158)
t(158,157,154)
</p>

<p>
c(240,198,87)
outline()
n(-0.973697,0.000000,-0.227845)
C(46.595250,23.600000,95.875000)
p(4,156,154,159,160)
t(154,156,160)
t(160,159,154)
</p>

<p>
c(240,198,87)
outline()
n(-0.730083,0.000000,-0.683358)
C(65.578500,39.825000,59.000000)
p(4,157,159,161,162)
t(161,162,157)
t(157,159,161)
</p>

<p>
c(240,198,87)
outline()
n(1.000000,0.000000,0.000000)
C(79.384500,78.175000,22.125000)
p(4,163,164,165,162)
t(165,162,163)
t(163,164,165)
</p>

<p>
c(240,198,87)
outline()
n(0.000000,1.000000,0.000000)
C(65.578500,32.450000,29.500000)
p(4,158,163,162,157)
t(163,158,157)
t(157,162,163)
</p>

<p>
c(240,198,87)
outline()
n(0.348335,0.000000,0.937370)
C(39.692250,85.550000,59.000000)
p(4,165,161,49,50)
t(161,165,50)
t(50,49,161)
</p>

<p>
c(240,198,87)
outline()
n(1.000000,0.000000,0.000000)
C(79.384500,28.320000,-21.830000)
p(5,166,167,168,169,170)
t(167,166,170)
t(169,168,167)
t(167,170,169)
</p>

<p>
c(240,198,87)
outline()
n(1.000000,0.000000,0.000000)
C(79.384500,28.320000,-21.830000)
p(5,166,167,168,169,170)
t(167,166,170)
t(169,168,167)
t(167,170,169)
</p>

<p>
c(240,198,87)
outline()
n(0.000000,0.000000,1.000000)
C(65.578500,22.125000,0.000000)
p(4,167,152,158,163)
t(152,167,163)
t(163,158,152)
</p>

<p>
c(240,198,87)
outline()
n(0.000000,0.000000,1.000000)
C(58.675500,16.225000,-44.250000)
p(4,166,171,172,170)
t(171,166,170)
t(170,172,171)
</p>

<p>
c(240,198,87)
outline()
n(0.000000,-1.000000,0.000000)
C(59.538375,11.800000,-16.225000)
p(8,167,166,171,173,174,175,149,148)
t(166,167,148)
t(175,174,173)
t(173,171,166)
t(166,148,149)
t(175,173,166)
t(166,149,175)
</p>

<p>
c(240,198,87)
outline()
n(0.000000,0.000000,1.000000)
C(60.401250,-35.400000,-14.750000)
p(4,142,176,175,149)
t(176,142,149)
t(149,175,176)
</p>

<p>
c(240,198,87)
outline()
n(1.000000,0.000000,0.000000)
C(55.224000,-35.400000,-10.325000)
p(4,176,177,174,175)
t(177,176,175)
t(175,174,177)
</p>

<p>
c(240,198,87)
outline()
n(0.000000,0.894427,-0.447214)
C(58.675500,26.550000,-32.450000)
p(4,169,178,172,170)
t(178,169,170)
t(170,172,178)
</p>

<p>
c(240,198,87)
outline()
n(0.000000,0.536875,-0.843661)
C(58.675500,48.675000,-10.325000)
p(4,168,179,178,169)
t(179,168,169)
t(169,178,179)
</p>

<p>
c(240,198,87)
outline()
n(1.000000,0.000000,0.000000)
C(55.224000,10.325000,66.375000)
p(4,180,181,182,183)
t(181,180,183)
t(183,182,181)
</p>

<p>
c(240,198,87)
outline()
n(1.000000,0.000000,0.000000)
C(69.030000,-4.425000,54.575000)
p(4,184,185,186,187)
t(186,187,184)
t(184,185,186)
</p>

<p>
c(240,198,87)
outline()
n(-0.905720,-0.423877,0.000000)
C(62.127000,-26.550000,60.475000)
p(4,182,183,186,187)
t(183,182,187)
t(187,186,183)
</p>

<p>
c(240,198,87)
outline()
n(1.000000,0.000000,0.000000)
C(75.933000,-4.425000,45.725000)
p(4,188,189,190,191)
t(190,191,188)
t(188,189,190)
</p>

<p>
c(240,198,87)
outline()
n(-0.863152,0.000000,-0.504944)
C(72.481500,-39.825000,50.150000)
p(4,191,192,193,186)
t(192,191,186)
t(186,193,192)
</p>

<p>
c(240,198,87)
outline()
n(-0.746342,0.000000,-0.665563)
C(66.729000,-7.375000,56.050000)
p(6,194,195,196,197,198,199)
t(195,194,199)
t(199,198,197)
t(196,195,199)
t(199,197,196)
</p>

<p>
c(240,198,87)
outline()
n(0.591310,0.000000,0.806445)
C(78.234000,-26.550000,-0.983333)
p(6,167,200,201,202,203,204)
t(167,204,203)
t(202,201,200)
t(200,167,203)
t(203,202,200)
</p>

<p>
c(240,198,87)
outline()
n(-0.591310,0.000000,0.806445)
C(78.234000,-26.550000,-43.266667)
p(6,166,205,206,207,208,209)
t(166,209,208)
t(207,206,205)
t(205,166,208)
t(208,207,205)
</p>

<p>
c(240,198,87)
outline()
n(0.591310,0.000000,0.806445)
C(39.117000,-26.550000,-43.266667)
p(6,171,210,211,212,213,214)
t(213,214,171)
t(171,210,211)
t(212,213,171)
t(171,211,212)
</p>

<p>
c(240,198,87)
outline()
n(1.000000,0.000000,0.000000)
C(79.384500,-63.425000,-22.125000)
p(4,202,215,216,207)
t(215,202,207)
t(207,216,215)
</p>

<p>
c(240,198,87)
outline()
n(0.000000,0.000000,1.000000)
C(58.675500,-63.425000,-44.250000)
p(4,212,217,216,207)
t(217,212,207)
t(207,216,217)
</p>

<p>
c(240,198,87)
outline()
n(1.000000,0.000000,0.000000)
C(79.384500,-30.975000,-22.125000)
p(4,218,219,220,221)
t(219,218,221)
t(221,220,219)
</p>

<p>
c(240,198,87)
outline()
n(0.000000,0.000000,1.000000)
C(58.675500,-30.975000,-44.250000)
p(4,222,223,220,221)
t(223,222,221)
t(221,220,223)
</p>

<p>
c(240,198,87)
outline()
n(1.000000,0.000000,0.000000)
C(86.287500,42.775000,22.125000)
p(4,224,225,226,227)
t(225,224,227)
t(227,226,225)
</p>

<p>
c(240,198,87)
outline()
n(1.000000,0.000000,0.000000)
C(86.287500,66.375000,22.125000)
p(4,228,229,230,231)
t(229,228,231)
t(231,230,229)
</p>

<p>
c(240,198,87)
outline()
n(1.000000,0.000000,0.000000)
C(86.287500,89.975000,22.125000)
p(4,232,233,234,235)
t(233,232,235)
t(235,234,233)
</p>

<p>
c(240,198,87)
outline()
n(1.000000,0.000000,0.000000)
C(86.287500,113.575000,22.125000)
p(4,236,237,238,239)
t(237,236,239)
t(239,238,237)
</p>

<p>
c(240,198,87)
outline()
n(0.000000,0.000000,1.000000)
C(82.836000,42.775000,35.400000)
p(4,240,225,226,241)
t(226,241,240)
t(240,225,226)
</p>

<p>
c(240,198,87)
outline()
n(0.000000,0.000000,1.000000)
C(82.836000,42.775000,8.850000)
p(4,242,224,227,243)
t(227,243,242)
t(242,224,227)
</p>

<p>
c(240,198,87)
outline()
n(0.000000,0.000000,1.000000)
C(82.836000,66.375000,35.400000)
p(4,244,229,230,245)
t(230,245,244)
t(244,229,230)
</p>

<p>
c(240,198,87)
outline()
n(0.000000,0.000000,1.000000)
C(82.836000,66.375000,8.850000)
p(4,246,228,231,247)
t(231,247,246)
t(246,228,231)
</p>

<p>
c(240,198,87)
outline()
n(0.000000,0.000000,1.000000)
C(82.836000,89.975000,35.400000)
p(4,248,233,234,249)
t(234,249,248)
t(248,233,234)
</p>

<p>
c(240,198,87)
outline()
n(0.000000,0.000000,1.000000)
C(82.836000,89.975000,8.850000)
p(4,250,232,235,251)
t(235,251,250)
t(250,232,235)
</p>

<p>
c(240,198,87)
outline()
n(0.000000,0.000000,1.000000)
C(82.836000,113.575000,35.400000)
p(4,252,237,238,253)
t(238,253,252)
t(252,237,238)
</p>

<p>
c(240,198,87)
outline()
n(0.000000,0.000000,1.000000)
C(82.836000,113.575000,8.850000)
p(4,254,236,239,255)
t(239,255,254)
t(254,236,239)
</p>

<p>
c(240,198,87)
outline()
n(0.000000,0.000000,1.000000)
C(0.000000,-88.500000,-14.750000)
p(4,24,25,142,141)
t(25,24,141)
t(141,142,25)
</p>

<p>
c(240,198,87)
outline()
n(0.000000,-0.000000,1.000000)
C(-0.000000,-38.350000,-5.900000)
p(16,62,256,257,5,6,7,4,257,256,177,174,173,258,259,58,59)
t(59,62,5)
t(257,5,62)
t(177,174,173)
t(259,58,59)
t(59,5,6)
t(4,257,62)
t(177,173,258)
t(259,59,6)
t(4,62,256)
t(258,259,6)
t(4,256,177)
t(258,6,7)
t(7,4,177)
t(177,258,7)
</p>

<p>
c(240,198,87)
outline()
n(0.000000,0.000000,1.000000)
C(0.000000,23.600000,118.000000)
p(4,39,43,160,156)
t(43,39,156)
t(156,160,43)
</p>

<p>
c(240,198,87)
outline()
n(0.000000,1.000000,-0.000000)
C(0.000000,47.200000,77.964286)
p(7,42,43,160,159,161,49,44)
t(49,44,42)
t(42,43,160)
t(159,161,49)
t(49,42,160)
t(160,159,49)
</p>

<p>
c(240,198,87)
outline()
n(0.000000,0.316228,-0.948683)
C(0.000000,-4.425000,116.525000)
p(4,39,1,2,156)
t(1,39,156)
t(156,2,1)
</p>

<p>
c(240,198,87)
outline()
n(0.000000,0.447214,-0.894427)
C(-0.000000,-79.650000,92.925000)
p(4,0,29,146,3)
t(29,0,3)
t(3,146,29)
</p>

<p>
c(240,198,87)
outline()
n(0.000000,0.000000,1.000000)
C(0.000000,-88.500000,91.450000)
p(4,30,29,146,147)
t(29,30,147)
t(147,146,29)
</p>

<p>
c(240,198,87)
outline()
n(0.000000,1.000000,0.000000)
C(0.000000,-94.400000,46.216667)
p(6,141,24,28,30,147,145)
t(147,145,141)
t(141,24,28)
t(28,30,147)
t(147,141,28)
</p>

<p>
c(240,198,87)
outline()
n(0.000000,1.000000,0.000000)
C(0.000000,123.900000,32.450000)
p(5,47,48,50,165,164)
t(165,164,47)
t(47,48,50)
t(50,165,47)
</p>

<p>
c(240,198,87)
outline()
n(0.000000,0.000000,1.000000)
C(0.000000,88.795000,0.000000)
p(10,47,53,64,260,261,262,179,168,164,263)
t(263,47,53)
t(53,64,260)
t(262,179,168)
t(168,164,263)
t(263,53,260)
t(262,168,263)
t(263,260,261)
t(261,262,263)
</p>

<p>
c(240,198,87)
outline()
n(1.000000,0.000000,0.000000)
C(-37.966500,26.304167,-64.654167)
p(12,264,265,266,64,259,267,268,269,270,271,272,273)
t(272,273,264)
t(265,266,64)
t(64,259,267)
t(267,268,269)
t(271,272,264)
t(267,269,270)
t(271,264,265)
t(64,267,270)
t(271,265,64)
t(64,270,271)
</p>

<p>
c(240,198,87)
outline()
n(1.000000,0.000000,0.000000)
C(-37.966500,77.880000,-74.340000)
p(10,274,260,64,266,275,276,264,273,277,278)
t(277,278,274)
t(274,260,64)
t(64,266,275)
t(276,264,273)
t(274,64,275)
t(276,273,277)
t(274,275,276)
t(276,277,274)
</p>

<p>
c(70,70,70)
outline()
n(1.000000,0.000000,0.000000)
C(-37.966500,16.225000,-79.650000)
p(4,271,270,269,272)
t(269,272,271)
t(271,270,269)
</p>

<p>
c(240,198,87)
outline()
n(1.000000,0.000000,0.000000)
C(-37.966500,39.825000,-147.500000)
p(4,268,279,280,277)
t(280,277,268)
t(268,279,280)
</p>

<p>
c(240,198,87)
outline()
n(-0.863152,0.000000,0.504944)
C(-44.869500,95.875000,-138.650000)
p(4,277,278,281,282)
t(281,282,277)
t(277,278,281)
</p>

<p>
c(240,198,87)
outline()
n(1.000000,0.000000,0.000000)
C(-51.772500,95.875000,-172.575000)
p(4,283,284,281,282)
t(281,282,283)
t(283,284,281)
</p>

<p>
c(240,198,87)
outline()
n(1.000000,0.000000,0.000000)
C(37.966500,26.304167,-64.654167)
p(12,285,286,287,179,258,288,289,290,291,292,293,294)
t(293,294,285)
t(286,287,179)
t(179,258,288)
t(288,289,290)
t(292,293,285)
t(288,290,291)
t(292,285,286)
t(179,288,291)
t(292,286,179)
t(179,291,292)
</p>

<p>
c(240,198,87)
outline()
n(1.000000,0.000000,0.000000)
C(37.966500,77.880000,-74.340000)
p(10,295,262,179,287,296,297,285,294,298,299)
t(298,299,295)
t(295,262,179)
t(179,287,296)
t(297,285,294)
t(295,179,296)
t(297,294,298)
t(295,296,297)
t(297,298,295)
</p>

<p>
c(70,70,70)
outline()
n(1.000000,0.000000,0.000000)
C(37.966500,16.225000,-79.650000)
p(4,292,291,290,293)
t(290,293,292)
t(292,291,290)
</p>

<p>
c(240,198,87)
outline()
n(1.000000,0.000000,0.000000)
C(37.966500,39.825000,-147.500000)
p(4,289,300,301,298)
t(301,298,289)
t(289,300,301)
</p>

<p>
c(240,198,87)
outline()
n(-0.863152,0.000000,-0.504944)
C(44.869500,95.875000,-138.650000)
p(4,298,299,302,303)
t(302,303,298)
t(298,299,302)
</p>

<p>
c(240,198,87)
outline()
n(1.000000,0.000000,0.000000)
C(51.772500,95.875000,-172.575000)
p(4,304,305,302,303)
t(302,303,304)
t(304,305,302)
</p>

<p>
c(240,198,87)
outline()
n(0.000000,1.000000,0.000000)
C(0.000000,-5.900000,-55.066667)
p(6,267,259,258,288,289,268)
t(289,268,267)
t(267,259,258)
t(288,289,267)
t(267,258,288)
</p>

<p>
c(240,198,87)
outline()
n(0.000000,1.000000,0.000000)
C(0.000000,-5.900000,-144.550000)
p(4,279,268,289,300)
t(289,300,279)
t(279,268,289)
</p>

<p>
c(240,198,87)
outline()
n(0.000000,-0.135937,-0.990718)
C(-0.000000,54.083333,-170.116667)
p(12,279,280,306,307,308,309,310,311,307,306,301,300)
t(279,280,308)
t(307,308,280)
t(279,308,309)
t(311,307,280)
t(300,279,309)
t(311,280,306)
t(300,309,310)
t(311,306,301)
t(301,300,310)
t(310,311,301)
</p>

<p>
c(70,70,70)
outline()
n(0.000000,-0.146549,-0.989203)
C(0.000000,39.825000,-168.150000)
p(4,311,310,309,308)
t(309,308,311)
t(311,310,309)
</p>

<p>
c(240,198,87)
outline()
n(0.000000,1.000000,0.000000)
C(0.000000,85.550000,-161.512500)
p(8,282,283,304,303,298,301,280,277)
t(283,282,277)
t(301,298,303)
t(283,277,280)
t(301,303,304)
t(304,283,280)
t(280,301,304)
</p>

<p>
c(240,198,87)
outline()
n(0.000000,0.000000,1.000000)
C(0.000000,95.875000,-194.700000)
p(4,305,304,283,284)
t(304,305,284)
t(284,283,304)
</p>

<p>
c(240,198,87)
outline()
n(0.000000,0.924678,0.380750)
C(0.000000,95.875000,-25.075000)
p(4,295,274,260,262)
t(260,262,295)
t(295,274,260)
</p>

<p>
c(240,198,87)
outline()
n(0.000000,-1.000000,-0.000000)
C(-0.000000,106.200000,-130.537500)
p(8,305,284,281,278,274,295,299,302)
t(284,305,302)
t(299,295,274)
t(278,281,284)
t(284,302,299)
t(299,274,278)
t(278,284,299)
</p>

<p>
c(140,140,140)
outline()
n(1.000000,0.000000,0.000000)
C(20.709000,-39.825000,-78.175000)
p(4,312,313,314,315)
t(313,312,315)
t(315,314,313)
</p>

<p>
c(140,140,140)
outline()
n(1.000000,0.000000,0.000000)
C(10.354500,-39.825000,-78.175000)
p(4,316,317,318,319)
t(317,316,319)
t(319,318,317)
</p>

<p>
c(140,140,140)
outline()
n(0.000000,0.000000,1.000000)
C(15.531750,-38.350000,-82.600000)
p(4,313,317,318,314)
t(318,314,313)
t(313,317,318)
</p>

<p>
c(140,140,140)
outline()
n(0.000000,0.000000,1.000000)
C(15.531750,-41.300000,-73.750000)
p(4,312,316,319,315)
t(319,315,312)
t(312,316,319)
</p>

<p>
c(240,198,87)
outline()
n(1.000000,0.000000,0.000000)
C(-69.030000,70.800000,123.095455)
p(11,320,321,322,323,324,325,326,327,328,329,330)
t(329,330,320)
t(320,321,322)
t(322,323,324)
t(324,325,326)
t(326,327,328)
t(328,329,320)
t(322,324,326)
t(328,320,322)
t(322,326,328)
</p>

<p>
c(240,198,87)
outline()
n(0.000000,1.000000,0.000000)
C(-65.578500,-5.900000,125.375000)
p(4,320,321,331,332)
t(321,320,332)
t(332,331,321)
</p>

<p>
c(240,198,87)
outline()
n(0.007906,-0.422133,0.906499)
C(-64.888200,19.470000,147.500000)
p(5,320,330,333,334,332)
t(330,320,332)
t(332,334,333)
t(333,330,332)
</p>

<p>
c(240,198,87)
outline()
n(1.000000,0.000000,0.000000)
C(-62.127000,66.375000,228.993750)
p(8,335,336,337,338,332,334,339,340)
t(339,340,335)
t(335,336,337)
t(337,338,332)
t(332,334,339)
t(339,335,337)
t(337,332,339)
</p>

<p>
c(240,198,87)
outline()
n(1.000000,0.000000,0.000000)
C(-55.224000,66.375000,228.993750)
p(8,341,342,343,344,345,346,347,348)
t(347,348,341)
t(341,342,343)
t(343,344,345)
t(345,346,347)
t(347,341,343)
t(343,345,347)
</p>

<p>
c(240,198,87)
outline()
n(0.000000,0.922194,-0.386727)
C(-58.675500,13.275000,181.425000)
p(4,344,345,332,338)
t(332,338,344)
t(344,345,332)
</p>

<p>
c(240,198,87)
outline()
n(0.000000,0.588172,-0.808736)
C(-58.675500,64.900000,250.750000)
p(4,344,343,337,338)
t(343,344,338)
t(338,337,343)
</p>

<p>
c(240,198,87)
outline()
n(0.000000,1.000000,0.000000)
C(-58.675500,97.350000,277.300000)
p(4,342,343,337,336)
t(337,336,342)
t(342,343,337)
</p>

<p>
c(240,198,87)
outline()
n(-0.788502,-0.000000,-0.615032)
C(-55.224000,106.200000,76.700000)
p(4,323,324,349,350)
t(349,350,323)
t(323,324,349)
</p>

<p>
c(240,198,87)
outline()
n(0.000000,0.000000,1.000000)
C(-65.578500,32.450000,115.050000)
p(4,321,331,351,322)
t(351,322,321)
t(321,331,351)
</p>

<p>
c(240,198,87)
outline()
n(1.000000,0.000000,0.000000)
C(-106.996500,58.016667,152.416667)
p(6,352,353,354,355,356,357)
t(356,357,352)
t(353,354,355)
t(356,352,353)
t(353,355,356)
</p>

<p>
c(240,198,87)
outline()
n(0.000000,0.707107,-0.707107)
C(-84.561750,89.975000,128.325000)
p(4,354,355,358,359)
t(358,359,354)
t(354,355,358)
</p>

<p>
c(240,198,87)
outline()
n(0.000000,0.351123,0.936329)
C(-84.561750,64.900000,135.700000)
p(4,353,354,359,360)
t(354,353,360)
t(360,359,354)
</p>

<p>
c(240,198,87)
outline()
n(0.000000,0.996546,0.083045)
C(-84.561750,39.825000,162.250000)
p(4,352,353,360,361)
t(353,352,361)
t(361,360,353)
</p>

<p>
c(240,198,87)
outline()
n(0.000000,0.707107,-0.707107)
C(-84.561750,39.825000,181.425000)
p(4,352,361,362,357)
t(361,352,357)
t(357,362,361)
</p>

<p>
c(240,198,87)
outline()
n(1.000000,0.000000,0.000000)
C(-62.127000,39.333333,133.733333)
p(6,331,332,333,363,358,351)
t(332,331,351)
t(351,358,363)
t(363,333,332)
t(332,351,363)
</p>

<p>
c(240,198,87)
outline()
n(1.000000,0.000000,0.000000)
C(69.030000,70.800000,123.095455)
p(11,364,365,366,367,368,369,370,371,372,373,374)
t(373,374,364)
t(364,365,366)
t(366,367,368)
t(368,369,370)
t(370,371,372)
t(372,373,364)
t(366,368,370)
t(372,364,366)
t(366,370,372)
</p>

<p>
c(240,198,87)
outline()
n(0.000000,1.000000,0.000000)
C(65.578500,-5.900000,125.375000)
p(4,364,365,375,376)
t(375,376,364)
t(364,365,375)
</p>

<p>
c(240,198,87)
outline()
n(-0.007906,-0.422133,0.906499)
C(64.888200,19.470000,147.500000)
p(5,364,374,377,378,376)
t(378,376,364)
t(364,374,377)
t(377,378,364)
</p>

<p>
c(240,198,87)
outline()
n(1.000000,0.000000,0.000000)
C(62.127000,66.375000,228.993750)
p(8,379,380,381,382,376,378,383,384)
t(383,384,379)
t(379,380,381)
t(381,382,376)
t(376,378,383)
t(383,379,381)
t(381,376,383)
</p>

<p>
c(240,198,87)
outline()
n(1.000000,0.000000,0.000000)
C(55.224000,66.375000,228.993750)
p(8,385,386,387,388,389,390,391,392)
t(391,392,385)
t(385,386,387)
t(387,388,389)
t(389,390,391)
t(391,385,387)
t(387,389,391)
</p>

<p>
c(240,198,87)
outline()
n(0.000000,0.922194,-0.386727)
C(58.675500,13.275000,181.425000)
p(4,388,389,376,382)
t(389,388,382)
t(382,376,389)
</p>

<p>
c(240,198,87)
outline()
n(0.000000,0.588172,-0.808736)
C(58.675500,64.900000,250.750000)
p(4,388,387,381,382)
t(381,382,388)
t(388,387,381)
</p>

<p>
c(240,198,87)
outline()
n(0.000000,1.000000,0.000000)
C(58.675500,97.350000,277.300000)
p(4,386,387,381,380)
t(387,386,380)
t(380,381,387)
</p>

<p>
c(240,198,87)
outline()
n(-0.788502,0.000000,0.615032)
C(55.224000,106.200000,76.700000)
p(4,367,368,393,394)
t(393,394,367)
t(367,368,393)
</p>

<p>
c(240,198,87)
outline()
n(0.000000,0.000000,1.000000)
C(65.578500,32.450000,115.050000)
p(4,365,375,395,366)
t(375,365,366)
t(366,395,375)
</p>

<p>
c(240,198,87)
outline()
n(1.000000,0.000000,0.000000)
C(106.996500,58.016667,152.416667)
p(6,396,397,398,399,400,401)
t(400,401,396)
t(397,398,399)
t(400,396,397)
t(397,399,400)
</p>

<p>
c(240,198,87)
outline()
n(0.000000,0.707107,-0.707107)
C(84.561750,89.975000,128.325000)
p(4,398,399,402,403)
t(399,398,403)
t(403,402,399)
</p>

<p>
c(240,198,87)
outline()
n(-0.000000,0.351123,0.936329)
C(84.561750,64.900000,135.700000)
p(4,397,398,403,404)
t(403,404,397)
t(397,398,403)
</p>

<p>
c(240,198,87)
outline()
n(0.000000,-0.996546,-0.083045)
C(84.561750,39.825000,162.250000)
p(4,396,397,404,405)
t(397,396,405)
t(405,404,397)
</p>

<p>
c(240,198,87)
outline()
n(0.000000,0.707107,-0.707107)
C(84.561750,39.825000,181.425000)
p(4,396,405,406,401)
t(406,401,396)
t(396,405,406)
</p>

<p>
c(240,198,87)
outline()
n(1.000000,0.000000,0.000000)
C(62.127000,39.333333,133.733333)
p(6,375,376,377,407,402,395)
t(376,375,395)
t(395,402,407)
t(407,377,376)
t(376,395,407)
</p>

<p>
c(240,198,87)
outline()
n(0.000000,0.581238,-0.813733)
C(0.000000,81.125000,122.425000)
p(4,358,351,395,402)
t(351,358,402)
t(402,395,351)
</p>

<p>
c(240,198,87)
outline()
n(0.000000,0.953590,0.301109)
C(0.000000,81.757143,87.235714)
p(7,366,322,323,350,408,394,367)
t(322,366,367)
t(367,394,408)
t(408,350,323)
t(323,322,367)
t(367,408,323)
</p>

<p>
c(240,198,87)
outline()
n(0.000000,0.991876,-0.127212)
C(0.000000,127.271429,86.392857)
p(7,324,325,369,368,393,50,349)
t(50,349,324)
t(324,325,369)
t(369,368,393)
t(50,324,369)
t(369,393,50)
</p>

<p>
c(240,198,87)
outline()
n(0.000000,0.832050,0.554700)
C(0.000000,123.900000,120.950000)
p(4,326,325,369,370)
t(325,326,370)
t(370,369,325)
</p>

<p>
c(240,198,87)
outline()
n(0.000000,0.000000,1.000000)
C(0.000000,104.725000,129.800000)
p(4,326,327,371,370)
t(371,370,326)
t(326,327,371)
</p>

<p>
c(240,198,87)
outline()
n(0.000000,1.000000,0.000000)
C(0.000000,5.900000,129.800000)
p(4,409,410,411,412)
t(410,409,412)
t(412,411,410)
</p>

<p>
c(240,198,87)
outline()
n(0.000000,0.000000,1.000000)
C(0.000000,17.700000,135.700000)
p(4,409,413,414,412)
t(413,409,412)
t(412,414,413)
</p>

<p>
c(240,198,87)
outline()
n(1.000000,0.000000,0.000000)
C(10.354500,14.750000,166.675000)
p(4,415,416,417,418)
t(417,418,415)
t(415,416,417)
</p>

<p>
c(240,198,87)
outline()
n(1.000000,0.000000,0.000000)
C(-10.354500,14.750000,166.675000)
p(4,419,420,421,422)
t(421,422,419)
t(419,420,421)
</p>

<p>
c(240,198,87)
outline()
n(0.000000,1.000000,0.000000)
C(0.000000,23.600000,166.675000)
p(4,416,420,421,417)
t(421,417,416)
t(416,420,421)
</p>

<p>
c(240,198,87)
outline()
n(0.000000,1.000000,0.000000)
C(0.000000,5.900000,166.675000)
p(4,415,419,422,418)
t(422,418,415)
t(415,419,422)
</p>

<p>
c(240,198,87)
outline()
n(-0.959785,0.000000,0.280737)
C(12.080250,14.750000,203.550000)
p(4,418,417,423,424)
t(417,418,424)
t(424,423,417)
</p>

<p>
c(240,198,87)
outline()
n(-0.959785,0.000000,-0.280737)
C(-12.080250,14.750000,203.550000)
p(4,422,421,425,426)
t(421,422,426)
t(426,425,421)
</p>

<p>
c(240,198,87)
outline()
n(0.000000,0.970143,-0.242536)
C(0.000000,25.075000,203.550000)
p(4,417,421,425,423)
t(425,423,417)
t(417,421,425)
</p>

<p>
c(240,198,87)
outline()
n(0.000000,0.970143,0.242536)
C(0.000000,4.425000,203.550000)
p(4,418,422,426,424)
t(426,424,418)
t(418,422,426)
</p>

<p>
c(240,198,87)
outline()
n(0.000000,0.000000,1.000000)
C(0.000000,14.750000,209.450000)
p(4,423,425,426,424)
t(426,424,423)
t(423,425,426)
</p>

<p>
c(240,198,87)
outline()
n(0.000000,1.000000,0.000000)
C(-32.789250,56.050000,231.575000)
p(4,427,428,429,430)
t(429,430,427)
t(427,428,429)
</p>

<p>
c(240,198,87)
outline()
n(0.000000,1.000000,0.000000)
C(32.789250,56.050000,231.575000)
p(4,431,432,433,434)
t(432,431,434)
t(434,433,432)
</p>

<p>
c(240,198,87)
outline()
n(0.000000,-0.393919,0.919145)
C(-32.789250,45.725000,231.575000)
p(4,435,428,429,436)
t(428,435,436)
t(436,429,428)
</p>

<p>
c(240,198,87)
outline()
n(-0.000000,-0.393919,0.919145)
C(32.789250,45.725000,231.575000)
p(4,437,432,433,438)
t(433,438,437)
t(437,432,433)
</p>

<p>
c(240,198,87)
outline()
n(0.000000,0.000000,1.000000)
C(0.000000,45.725000,227.150000)
p(4,438,436,430,434)
t(436,438,434)
t(434,430,436)
</p>

<p>
c(240,198,87)
outline()
n(1.000000,0.000000,0.000000)
C(-10.354500,48.306250,242.268750)
p(8,429,436,439,440,441,442,443,444)
t(429,444,443)
t(443,442,441)
t(441,440,439)
t(439,436,429)
t(443,441,439)
t(439,429,443)
</p>

<p>
c(240,198,87)
outline()
n(1.000000,0.000000,0.000000)
C(10.354500,48.306250,242.268750)
p(8,433,438,445,446,447,448,449,450)
t(433,450,449)
t(449,448,447)
t(447,446,445)
t(445,438,433)
t(449,447,445)
t(445,433,449)
</p>

<p>
c(240,198,87)
outline()
n(0.000000,0.894427,-0.447214)
C(0.000000,10.325000,244.850000)
p(4,446,447,441,440)
t(447,446,440)
t(440,441,447)
</p>

<p>
c(240,198,87)
outline()
n(0.000000,0.000000,1.000000)
C(0.000000,25.075000,241.900000)
p(4,446,445,439,440)
t(439,440,446)
t(446,445,439)
</p>

<p>
c(240,198,87)
outline()
n(0.000000,0.928477,-0.371391)
C(0.000000,38.350000,234.525000)
p(4,438,445,439,436)
t(445,438,436)
t(436,439,445)
</p>

<p>
c(240,198,87)
outline()
n(0.000000,-0.006802,-0.999977)
C(0.000000,51.133333,249.766667)
p(6,448,449,443,442,441,447)
t(448,447,441)
t(442,443,449)
t(449,448,441)
t(441,442,449)
</p>

<p>
c(200,200,200)
outline()
n(1.000000,0.000000,0.000000)
C(0.000000,14.750000,225.675000)
p(4,451,452,453,454)
t(453,454,451)
t(451,452,453)
</p>

<p>
c(200,200,200)
outline()
n(0.000000,1.000000,0.000000)
C(0.000000,14.750000,225.675000)
p(4,455,456,457,458)
t(456,455,458)
t(458,457,456)
</p>

<p>
c(240,198,87)
outline()
n(1.000000,0.000000,0.000000)
C(-100.093500,90.607143,308.907143)
p(7,459,460,461,462,463,464,465)
t(465,459,460)
t(460,461,462)
t(462,463,464)
t(464,465,460)
t(460,462,464)
</p>

<p>
c(240,198,87)
outline()
n(1.000000,0.000000,0.000000)
C(100.093500,90.607143,308.907143)
p(7,466,467,468,469,470,471,472)
t(472,466,467)
t(467,468,469)
t(469,470,471)
t(471,472,467)
t(467,469,471)
</p>

<p>
c(240,198,87)
outline()
n(0.000000,0.993884,-0.110432)
C(0.000000,132.750000,327.450000)
p(4,464,463,470,471)
t(463,464,471)
t(471,470,463)
</p>

<p>
c(240,198,87)
outline()
n(0.000000,0.707107,-0.707107)
C(0.000000,119.475000,290.575000)
p(4,462,463,470,469)
t(470,469,462)
t(462,463,470)
</p>

<p>
c(240,198,87)
outline()
n(0.000000,-0.125684,-0.992070)
C(0.000000,88.500000,282.216667)
p(6,467,460,461,462,469,468)
t(468,467,460)
t(461,462,469)
t(469,468,460)
t(460,461,469)
</p>

<p>
c(240,198,87)
outline()
n(0.000000,0.913812,0.406138)
C(0.000000,47.200000,312.700000)
p(4,467,460,459,466)
t(459,466,467)
t(467,460,459)
</p>

<p>
c(200,200,200)
outline()
n(1.000000,0.000000,0.000000)
C(0.000000,81.125000,265.500000)
p(4,473,474,475,476)
t(475,476,473)
t(473,474,475)
</p>

<p>
c(200,200,200)
outline()
n(0.000000,0.970143,0.242536)
C(0.000000,81.125000,265.500000)
p(4,477,478,479,480)
t(478,477,480)
t(480,479,478)
</p>

<p>
c(100,100,100)
outline()
n(0.000000,0.905589,-0.424155)
C(0.000000,104.233333,188.800000)
p(6,481,482,483,484,485,486)
t(485,486,481)
t(481,482,483)
t(484,485,481)
t(481,483,484)
</p>

