v(-250.000000,-48.000000,216.000000)
v(-360.000000,0.000000,310.000000)
v(-366.000000,0.000000,-76.000000)
v(-294.000000,0.000000,-294.000000)
v(-226.000000,-52.000000,-206.000000)
v(-92.000000,-166.000000,-52.000000)
v(-140.000000,-158.000000,70.000000)
v(84.000000,0.000000,-362.000000)
v(342.000000,0.000000,-308.000000)
v(208.000000,-80.000000,-182.000000)
v(22.000000,-182.000000,-72.000000)
v(90.000000,-196.000000,30.000000)
v(200.000000,-128.000000,146.000000)
v(348.000000,0.000000,346.000000)
v(366.000000,0.000000,128.000000)
v(-100.000000,0.000000,416.000000)

<p>
c(217,188,128)
n(-0.571683,-0.819110,-0.047308)
p(7,0,1,2,3,4,5,6)
t(5,6,0)
t(0,1,2)
t(2,3,4)
t(4,5,0)
t(0,2,4)
</p>

<p>
c(213,180,113)
n(0.024574,0.833958,0.551281)
p(7,7,8,9,10,5,4,3)
t(8,7,3)
t(3,4,5)
t(5,10,9)
t(9,8,3)
t(3,5,9)
</p>

<p>
c(218,191,135) 
n(-0.542901,0.839084,0.034593)
p(7,10,11,12,13,14,8,9)
t(9,10,11)
t(12,13,14)
t(14,8,9)
t(9,11,12)
t(12,14,9)
</p>

<p>
c(214,183,120)
n(-0.034253,-0.873036,0.486451)
p(7,0,1,15,13,12,11,6)
t(0,6,11)
t(11,12,13)
t(13,15,1)
t(1,0,11)
t(11,13,1)
</p>

<p>
c(217,188,128)
n(0.160357,0.986984,0.012145)
p(4,11,10,5,6)
t(5,6,11)
t(11,10,5)
</p>

