v(630.000000,0.000000,-2240.000000)
v(630.000000,0.000000,-2280.000000)
v(670.000000,0.000000,-2280.000000)
v(670.000000,0.000000,-2240.000000)
v(700.000000,0.000000,-2240.000000)
v(700.000000,0.000000,-2800.000000)
v(0.000000,0.000000,-2800.000000)
v(0.000000,0.000000,-2520.000000)
v(20.000000,0.000000,-2520.000000)
v(20.000000,0.000000,-2240.000000)
v(-630.000000,0.000000,-2240.000000)
v(-630.000000,0.000000,-2280.000000)
v(-670.000000,0.000000,-2280.000000)
v(-670.000000,0.000000,-2240.000000)
v(-700.000000,0.000000,-2240.000000)
v(-700.000000,0.000000,-2800.000000)
v(-20.000000,0.000000,-2520.000000)
v(-20.000000,0.000000,-2240.000000)
v(20.000000,0.000000,-1960.000000)
v(0.000000,0.000000,-1960.000000)
v(0.000000,0.000000,-1680.000000)
v(700.000000,0.000000,-1680.000000)
v(670.000000,0.000000,-2200.000000)
v(630.000000,0.000000,-2200.000000)
v(-20.000000,0.000000,-1960.000000)
v(-700.000000,0.000000,-1680.000000)
v(-670.000000,0.000000,-2200.000000)
v(-630.000000,0.000000,-2200.000000)
v(20.000000,0.000000,-1120.000000)
v(20.000000,0.000000,-1400.000000)
v(0.000000,0.000000,-1400.000000)
v(700.000000,0.000000,-1120.000000)
v(670.000000,0.000000,-1120.000000)
v(670.000000,0.000000,-1160.000000)
v(630.000000,0.000000,-1160.000000)
v(630.000000,0.000000,-1120.000000)
v(-20.000000,0.000000,-1120.000000)
v(-20.000000,0.000000,-1400.000000)
v(-700.000000,0.000000,-1120.000000)
v(-670.000000,0.000000,-1120.000000)
v(-670.000000,0.000000,-1160.000000)
v(-630.000000,0.000000,-1160.000000)
v(-630.000000,0.000000,-1120.000000)
v(-700.000000,0.000000,-560.000000)
v(0.000000,0.000000,-560.000000)
v(0.000000,0.000000,-840.000000)
v(-20.000000,0.000000,-840.000000)
v(-630.000000,0.000000,-1080.000000)
v(-670.000000,0.000000,-1080.000000)
v(700.000000,0.000000,-560.000000)
v(20.000000,0.000000,-840.000000)
v(630.000000,0.000000,-1080.000000)
v(670.000000,0.000000,-1080.000000)
v(-700.000000,0.000000,0.000000)
v(0.000000,0.000000,-280.000000)
v(-20.000000,0.000000,-280.000000)
v(-20.000000,0.000000,0.000000)
v(-630.000000,0.000000,0.000000)
v(-630.000000,0.000000,-40.000000)
v(-670.000000,0.000000,-40.000000)
v(-670.000000,0.000000,0.000000)
v(700.000000,0.000000,0.000000)
v(20.000000,0.000000,-280.000000)
v(20.000000,0.000000,0.000000)
v(630.000000,0.000000,0.000000)
v(630.000000,0.000000,-40.000000)
v(670.000000,0.000000,-40.000000)
v(670.000000,0.000000,0.000000)
v(-700.000000,0.000000,560.000000)
v(0.000000,0.000000,560.000000)
v(0.000000,0.000000,280.000000)
v(-20.000000,0.000000,280.000000)
v(-630.000000,0.000000,40.000000)
v(-670.000000,0.000000,40.000000)
v(700.000000,0.000000,560.000000)
v(20.000000,0.000000,280.000000)
v(630.000000,0.000000,40.000000)
v(670.000000,0.000000,40.000000)
v(-700.000000,0.000000,1120.000000)
v(0.000000,0.000000,840.000000)
v(-20.000000,0.000000,840.000000)
v(-20.000000,0.000000,1120.000000)
v(-630.000000,0.000000,1120.000000)
v(-630.000000,0.000000,1080.000000)
v(-670.000000,0.000000,1080.000000)
v(-670.000000,0.000000,1120.000000)
v(700.000000,0.000000,1120.000000)
v(20.000000,0.000000,840.000000)
v(20.000000,0.000000,1120.000000)
v(630.000000,0.000000,1120.000000)
v(630.000000,0.000000,1080.000000)
v(670.000000,0.000000,1080.000000)
v(670.000000,0.000000,1120.000000)
v(-20.000000,0.000000,1400.000000)
v(0.000000,0.000000,1400.000000)
v(0.000000,0.000000,1680.000000)
v(-700.000000,0.000000,1680.000000)
v(-670.000000,0.000000,1160.000000)
v(-630.000000,0.000000,1160.000000)
v(20.000000,0.000000,1400.000000)
v(700.000000,0.000000,1680.000000)
v(670.000000,0.000000,1160.000000)
v(630.000000,0.000000,1160.000000)
v(-20.000000,0.000000,2240.000000)
v(-20.000000,0.000000,1960.000000)
v(0.000000,0.000000,1960.000000)
v(-700.000000,0.000000,2240.000000)
v(-670.000000,0.000000,2240.000000)
v(-670.000000,0.000000,2200.000000)
v(-630.000000,0.000000,2200.000000)
v(-630.000000,0.000000,2240.000000)
v(20.000000,0.000000,2240.000000)
v(20.000000,0.000000,1960.000000)
v(700.000000,0.000000,2240.000000)
v(670.000000,0.000000,2240.000000)
v(670.000000,0.000000,2200.000000)
v(630.000000,0.000000,2200.000000)
v(630.000000,0.000000,2240.000000)
v(-630.000000,0.000000,2280.000000)
v(-670.000000,0.000000,2280.000000)
v(-700.000000,0.000000,2800.000000)
v(0.000000,0.000000,2800.000000)
v(0.000000,0.000000,2520.000000)
v(-20.000000,0.000000,2520.000000)
v(630.000000,0.000000,2280.000000)
v(670.000000,0.000000,2280.000000)
v(700.000000,0.000000,2800.000000)
v(20.000000,0.000000,2520.000000)
v(12.000000,0.000000,-30.000000)
v(12.000000,0.000000,-40.000000)
v(10.000000,0.000000,-40.000000)
v(10.000000,0.000000,-30.000000)
v(12.000000,0.000000,-20.000000)
v(10.000000,0.000000,-20.000000)
v(12.000000,0.000000,-10.000000)
v(10.000000,0.000000,-10.000000)
v(12.000000,0.000000,0.000000)
v(10.000000,0.000000,0.000000)
v(12.000000,0.000000,30.000000)
v(12.000000,0.000000,40.000000)
v(10.000000,0.000000,40.000000)
v(10.000000,0.000000,30.000000)
v(12.000000,0.000000,20.000000)
v(10.000000,0.000000,20.000000)
v(12.000000,0.000000,10.000000)
v(10.000000,0.000000,10.000000)
v(-12.000000,0.000000,-30.000000)
v(-12.000000,0.000000,-40.000000)
v(-10.000000,0.000000,-40.000000)
v(-10.000000,0.000000,-30.000000)
v(-12.000000,0.000000,-20.000000)
v(-10.000000,0.000000,-20.000000)
v(-12.000000,0.000000,-10.000000)
v(-10.000000,0.000000,-10.000000)
v(-12.000000,0.000000,0.000000)
v(-10.000000,0.000000,0.000000)
v(-12.000000,0.000000,30.000000)
v(-12.000000,0.000000,40.000000)
v(-10.000000,0.000000,40.000000)
v(-10.000000,0.000000,30.000000)
v(-12.000000,0.000000,20.000000)
v(-10.000000,0.000000,20.000000)
v(-12.000000,0.000000,10.000000)
v(-10.000000,0.000000,10.000000)

<p>
c(167,160,146)
n(0.000000,1.000000,0.000000)
C(404.000000,0.000000,-2416.000000)
p(10,0,1,2,3,4,5,6,7,8,9)
t(8,9,0)
t(2,3,4)
t(5,6,7)
t(8,0,1)
t(2,4,5)
t(5,7,8)
t(8,1,2)
t(2,5,8)
</p>

<p>
c(163,158,147)
n(0.000000,1.000000,0.000000)
C(-404.000000,0.000000,-2416.000000)
p(10,10,11,12,13,14,15,6,7,16,17)
t(11,10,17)
t(16,7,6)
t(15,14,13)
t(11,17,16)
t(16,6,15)
t(15,13,12)
t(12,11,16)
t(16,15,12)
</p>

<p>
c(167,160,146)
n(0.000000,1.000000,0.000000)
C(404.000000,0.000000,-2064.000000)
p(10,9,18,19,20,21,4,3,22,23,0)
t(23,0,9)
t(18,19,20)
t(21,4,3)
t(23,9,18)
t(18,20,21)
t(21,3,22)
t(22,23,18)
t(18,21,22)
</p>

<p>
c(163,158,147)
n(0.000000,1.000000,0.000000)
C(-404.000000,0.000000,-2064.000000)
p(10,17,24,19,20,25,14,13,26,27,10)
t(24,17,10)
t(26,13,14)
t(25,20,19)
t(24,10,27)
t(26,14,25)
t(25,19,24)
t(24,27,26)
t(26,25,24)
</p>

<p>
c(167,160,146)
n(0.000000,1.000000,0.000000)
C(404.000000,0.000000,-1296.000000)
p(10,28,29,30,20,21,31,32,33,34,35)
t(29,28,35)
t(33,32,31)
t(21,20,30)
t(29,35,34)
t(33,31,21)
t(21,30,29)
t(29,34,33)
t(33,21,29)
</p>

<p>
c(167,160,146)
n(0.000000,1.000000,0.000000)
C(-404.000000,0.000000,-1296.000000)
p(10,36,37,30,20,25,38,39,40,41,42)
t(41,42,36)
t(37,30,20)
t(25,38,39)
t(41,36,37)
t(37,20,25)
t(25,39,40)
t(40,41,37)
t(37,25,40)
</p>

<p>
c(167,160,146)
n(0.000000,1.000000,0.000000)
C(-404.000000,0.000000,-944.000000)
p(10,38,43,44,45,46,36,42,47,48,39)
t(48,39,38)
t(43,44,45)
t(46,36,42)
t(48,38,43)
t(43,45,46)
t(46,42,47)
t(47,48,43)
t(43,46,47)
</p>

<p>
c(163,158,147)
n(0.000000,1.000000,0.000000)
C(404.000000,0.000000,-944.000000)
p(10,31,49,44,45,50,28,35,51,52,32)
t(49,31,32)
t(51,35,28)
t(50,45,44)
t(49,32,52)
t(51,28,50)
t(50,44,49)
t(49,52,51)
t(51,50,49)
</p>

<p>
c(163,158,147)
n(0.000000,1.000000,0.000000)
C(-404.000000,0.000000,-176.000000)
p(10,53,43,44,54,55,56,57,58,59,60)
t(43,53,60)
t(58,57,56)
t(55,54,44)
t(43,60,59)
t(58,56,55)
t(55,44,43)
t(43,59,58)
t(58,55,43)
</p>

<p>
c(163,158,147)
n(0.000000,1.000000,0.000000)
C(404.000000,0.000000,-176.000000)
p(10,61,49,44,54,62,63,64,65,66,67)
t(66,67,61)
t(49,44,54)
t(62,63,64)
t(66,61,49)
t(49,54,62)
t(62,64,65)
t(65,66,49)
t(49,62,65)
</p>

<p>
c(167,160,146)
n(0.000000,1.000000,0.000000)
C(-404.000000,0.000000,176.000000)
p(10,53,68,69,70,71,56,57,72,73,60)
t(73,60,53)
t(68,69,70)
t(71,56,57)
t(73,53,68)
t(68,70,71)
t(71,57,72)
t(72,73,68)
t(68,71,72)
</p>

<p>
c(163,158,147)
n(0.000000,1.000000,0.000000)
C(404.000000,0.000000,176.000000)
p(10,61,74,69,70,75,63,64,76,77,67)
t(74,61,67)
t(76,64,63)
t(75,70,69)
t(74,67,77)
t(76,63,75)
t(75,69,74)
t(74,77,76)
t(76,75,74)
</p>

<p>
c(167,160,146)
n(0.000000,1.000000,0.000000)
C(-404.000000,0.000000,944.000000)
p(10,78,68,69,79,80,81,82,83,84,85)
t(68,78,85)
t(83,82,81)
t(80,79,69)
t(68,85,84)
t(83,81,80)
t(80,69,68)
t(68,84,83)
t(83,80,68)
</p>

<p>
c(167,160,146)
n(0.000000,1.000000,0.000000)
C(404.000000,0.000000,944.000000)
p(10,86,74,69,79,87,88,89,90,91,92)
t(91,92,86)
t(74,69,79)
t(87,88,89)
t(91,86,74)
t(74,79,87)
t(87,89,90)
t(90,91,74)
t(74,87,90)
</p>

<p>
c(163,158,147)
n(0.000000,1.000000,0.000000)
C(-404.000000,0.000000,1296.000000)
p(10,81,93,94,95,96,78,85,97,98,82)
t(93,81,82)
t(97,85,78)
t(96,95,94)
t(93,82,98)
t(97,78,96)
t(96,94,93)
t(93,98,97)
t(97,96,93)
</p>

<p>
c(163,158,147)
n(0.000000,1.000000,0.000000)
C(404.000000,0.000000,1296.000000)
p(10,88,99,94,95,100,86,92,101,102,89)
t(102,89,88)
t(99,94,95)
t(100,86,92)
t(102,88,99)
t(99,95,100)
t(100,92,101)
t(101,102,99)
t(99,100,101)
</p>

<p>
c(167,160,146)
n(0.000000,1.000000,0.000000)
C(-404.000000,0.000000,2064.000000)
p(10,103,104,105,95,96,106,107,108,109,110)
t(109,110,103)
t(104,105,95)
t(96,106,107)
t(109,103,104)
t(104,95,96)
t(96,107,108)
t(108,109,104)
t(104,96,108)
</p>

<p>
c(163,158,147)
n(0.000000,1.000000,0.000000)
C(404.000000,0.000000,2064.000000)
p(10,111,112,105,95,100,113,114,115,116,117)
t(112,111,117)
t(115,114,113)
t(100,95,105)
t(112,117,116)
t(115,113,100)
t(100,105,112)
t(112,116,115)
t(115,100,112)
</p>

<p>
c(167,160,146)
n(0.000000,1.000000,0.000000)
C(-404.000000,0.000000,2416.000000)
p(10,110,118,119,107,106,120,121,122,123,103)
t(123,103,110)
t(119,107,106)
t(120,121,122)
t(123,110,118)
t(119,106,120)
t(120,122,123)
t(123,118,119)
t(119,120,123)
</p>

<p>
c(163,158,147)
n(0.000000,1.000000,0.000000)
C(404.000000,0.000000,2416.000000)
p(10,117,124,125,114,113,126,121,122,127,111)
t(124,117,111)
t(127,122,121)
t(126,113,114)
t(124,111,127)
t(127,121,126)
t(126,114,125)
t(125,124,127)
t(127,126,125)
</p>

<p>
c(182,176,165)
n(0.000000,1.000000,0.000000)
C(11.000000,0.000000,-35.000000)
p(4,128,129,130,131)
t(130,131,128)
t(128,129,130)
</p>

<p>
c(182,176,165)
n(0.000000,1.000000,0.000000)
C(11.000000,0.000000,-25.000000)
p(4,132,128,131,133)
t(131,133,132)
t(132,128,131)
</p>

<p>
c(182,176,165)
n(0.000000,1.000000,0.000000)
C(11.000000,0.000000,-15.000000)
p(4,132,134,135,133)
t(134,132,133)
t(133,135,134)
</p>

<p>
c(182,176,165)
n(0.000000,1.000000,0.000000)
C(11.000000,0.000000,-5.000000)
p(4,134,136,137,135)
t(136,134,135)
t(135,137,136)
</p>

<p>
c(182,176,165)
n(0.000000,1.000000,0.000000)
C(11.000000,0.000000,35.000000)
p(4,138,139,140,141)
t(139,138,141)
t(141,140,139)
</p>

<p>
c(182,176,165)
n(0.000000,1.000000,0.000000)
C(11.000000,0.000000,25.000000)
p(4,142,138,141,143)
t(138,142,143)
t(143,141,138)
</p>

<p>
c(182,176,165)
n(0.000000,1.000000,0.000000)
C(11.000000,0.000000,15.000000)
p(4,142,144,145,143)
t(145,143,142)
t(142,144,145)
</p>

<p>
c(182,176,165)
n(0.000000,1.000000,0.000000)
C(11.000000,0.000000,5.000000)
p(4,144,136,137,145)
t(137,145,144)
t(144,136,137)
</p>

<p>
c(182,176,165)
n(0.000000,1.000000,0.000000)
C(11.000000,0.000000,-35.000000)
p(4,128,129,130,131)
t(130,131,128)
t(128,129,130)
</p>

<p>
c(182,176,165)
n(0.000000,1.000000,0.000000)
C(11.000000,0.000000,-25.000000)
p(4,132,128,131,133)
t(131,133,132)
t(132,128,131)
</p>

<p>
c(182,176,165)
n(0.000000,1.000000,0.000000)
C(11.000000,0.000000,-15.000000)
p(4,132,134,135,133)
t(134,132,133)
t(133,135,134)
</p>

<p>
c(182,176,165)
n(0.000000,1.000000,0.000000)
C(11.000000,0.000000,-5.000000)
p(4,134,136,137,135)
t(136,134,135)
t(135,137,136)
</p>

<p>
c(182,176,165)
n(0.000000,1.000000,0.000000)
C(-11.000000,0.000000,-35.000000)
p(4,146,147,148,149)
t(147,146,149)
t(149,148,147)
</p>

<p>
c(182,176,165)
n(0.000000,1.000000,0.000000)
C(-11.000000,0.000000,-25.000000)
p(4,150,146,149,151)
t(146,150,151)
t(151,149,146)
</p>

<p>
c(182,176,165)
n(0.000000,1.000000,0.000000)
C(-11.000000,0.000000,-15.000000)
p(4,150,152,153,151)
t(153,151,150)
t(150,152,153)
</p>

<p>
c(182,176,165)
n(0.000000,1.000000,0.000000)
C(-11.000000,0.000000,-5.000000)
p(4,152,154,155,153)
t(155,153,152)
t(152,154,155)
</p>

<p>
c(182,176,165)
n(0.000000,1.000000,0.000000)
C(-11.000000,0.000000,35.000000)
p(4,156,157,158,159)
t(158,159,156)
t(156,157,158)
</p>

<p>
c(182,176,165)
n(0.000000,1.000000,0.000000)
C(-11.000000,0.000000,25.000000)
p(4,160,156,159,161)
t(159,161,160)
t(160,156,159)
</p>

<p>
c(182,176,165)
n(0.000000,1.000000,0.000000)
C(-11.000000,0.000000,15.000000)
p(4,160,162,163,161)
t(162,160,161)
t(161,163,162)
</p>

<p>
c(182,176,165)
n(0.000000,1.000000,0.000000)
C(-11.000000,0.000000,5.000000)
p(4,162,154,155,163)
t(154,162,163)
t(163,155,154)
</p>

<p>
c(186,183,177)
n(0.000000,1.000000,0.000000)
C(0.000000,0.000000,0.000000)
p(4,71,55,62,75)
t(55,71,75)
t(75,62,55)
</p>

<p>
c(186,183,177)
n(0.000000,1.000000,0.000000)
C(0.000000,0.000000,1120.000000)
p(4,93,80,87,99)
t(80,93,99)
t(99,87,80)
</p>

<p>
c(186,183,177)
n(0.000000,1.000000,0.000000)
C(0.000000,0.000000,-1120.000000)
p(4,37,46,50,29)
t(50,29,37)
t(37,46,50)
</p>

<p>
c(186,183,177)
n(0.000000,1.000000,0.000000)
C(0.000000,0.000000,2240.000000)
p(4,104,123,127,112)
t(127,112,104)
t(104,123,127)
</p>

<p>
c(186,183,177)
n(0.000000,1.000000,0.000000)
C(0.000000,0.000000,-2240.000000)
p(4,24,16,8,18)
t(16,24,18)
t(18,8,16)
</p>

<p>
c(206,140,19)
light()
n(0.000000,1.000000,0.000000)
C(-650.000000,0.000000,0.000000)
p(4,73,59,58,72)
t(59,73,72)
t(72,58,59)
</p>

<p>
c(206,140,19)
light()
n(0.000000,1.000000,0.000000)
C(650.000000,0.000000,0.000000)
p(4,77,66,65,76)
t(65,76,77)
t(77,66,65)
</p>

<p>
c(206,140,19)
light()
n(0.000000,1.000000,0.000000)
C(-650.000000,0.000000,1120.000000)
p(4,97,84,83,98)
t(84,97,98)
t(98,83,84)
</p>

<p>
c(206,140,19)
light()
n(0.000000,1.000000,0.000000)
C(650.000000,0.000000,1120.000000)
p(4,101,91,90,102)
t(90,102,101)
t(101,91,90)
</p>

<p>
c(206,140,19)
light()
n(0.000000,1.000000,0.000000)
C(-650.000000,0.000000,-1120.000000)
p(4,40,48,47,41)
t(47,41,40)
t(40,48,47)
</p>

<p>
c(206,140,19)
light()
n(0.000000,1.000000,0.000000)
C(650.000000,0.000000,-1120.000000)
p(4,33,52,51,34)
t(52,33,34)
t(34,51,52)
</p>

<p>
c(206,140,19)
light()
n(0.000000,1.000000,0.000000)
C(-650.000000,0.000000,2240.000000)
p(4,119,108,109,118)
t(108,119,118)
t(118,109,108)
</p>

<p>
c(206,140,19)
light()
n(0.000000,1.000000,0.000000)
C(650.000000,0.000000,2240.000000)
p(4,125,115,116,124)
t(116,124,125)
t(125,115,116)
</p>

<p>
c(206,140,19)
light()
n(0.000000,1.000000,0.000000)
C(-650.000000,0.000000,-2240.000000)
p(4,12,26,27,11)
t(27,11,12)
t(12,26,27)
</p>

<p>
c(206,140,19)
light()
n(0.000000,1.000000,0.000000)
C(650.000000,0.000000,-2240.000000)
p(4,2,22,23,1)
t(22,2,1)
t(1,23,22)
</p>

