v(-27.000000,-40.000000,40.000000)
v(-27.000000,-55.000000,14.000000)
v(-27.000000,-55.000000,-14.000000)
v(-27.000000,-40.000000,-40.000000)
v(-27.000000,-14.000000,-55.000000)
v(-27.000000,14.000000,-55.000000)
v(-27.000000,40.000000,-40.000000)
v(-27.000000,55.000000,-14.000000)
v(-27.000000,55.000000,14.000000)
v(-27.000000,40.000000,40.000000)
v(-27.000000,14.000000,55.000000)
v(-27.000000,-14.000000,55.000000)
v(-27.000000,0.000000,27.000000)
v(-27.000000,23.000000,13.000000)
v(-27.000000,23.000000,-13.000000)
v(-27.000000,0.000000,-27.000000)
v(-27.000000,-23.000000,-13.000000)
v(-27.000000,-23.000000,13.000000)
v(-20.000000,0.000000,0.000000)
v(27.000000,-55.000000,-14.000000)
v(27.000000,-55.000000,14.000000)
v(27.000000,-40.000000,-40.000000)
v(27.000000,-14.000000,-55.000000)
v(27.000000,14.000000,-55.000000)
v(27.000000,40.000000,-40.000000)
v(27.000000,55.000000,-14.000000)
v(27.000000,55.000000,14.000000)
v(27.000000,40.000000,40.000000)
v(27.000000,14.000000,55.000000)
v(27.000000,-14.000000,55.000000)
v(27.000000,-40.000000,40.000000)

<p>
c(45,45,45)
outline()
n(1.000000,0.000000,0.000000)
C(-27.000000,-0.700000,4.100000)
p(20,0,1,2,3,4,5,6,7,8,9,10,11,12,13,14,15,16,17,12,11)
t(11,12,13)
t(17,12,11)
t(11,0,1)
t(1,2,3)
t(3,4,5)
t(5,6,7)
t(7,8,9)
t(9,10,11)
t(17,11,1)
t(1,3,5)
t(5,7,9)
t(9,11,13)
t(16,17,1)
t(9,13,14)
t(16,1,5)
t(5,9,14)
t(15,16,5)
t(5,14,15)
</p>

<p>
c(176,145,64)
outline()
n(-0.956896,-0.151008,-0.248084)
C(-24.666667,7.666667,13.333333)
p(3,12,13,18)
t(13,18,12)
</p>

<p>
c(176,145,64)
outline()
n(-0.956674,-0.291162,0.000000)
C(-24.666667,15.333333,0.000000)
p(3,13,14,18)
t(14,18,13)
</p>

<p>
c(176,145,64)
outline()
n(-0.956896,-0.151008,0.248084)
C(-24.666667,7.666667,-13.333333)
p(3,14,15,18)
t(15,18,14)
</p>

<p>
c(176,145,64)
outline()
n(-0.956896,0.151008,0.248084)
C(-24.666667,-7.666667,-13.333333)
p(3,15,16,18)
t(16,18,15)
</p>

<p>
c(176,145,64)
outline()
n(-0.956674,0.291162,0.000000)
C(-24.666667,-15.333333,0.000000)
p(3,16,17,18)
t(17,18,16)
</p>

<p>
c(176,145,64)
outline()
n(-0.956896,0.151008,-0.248084)
C(-24.666667,-7.666667,13.333333)
p(3,17,12,18)
t(12,18,17)
</p>

<p>
c(45,45,45)
n(0.000000,1.000000,0.000000)
C(0.000000,-55.000000,0.000000)
p(4,1,2,19,20)
t(2,1,20)
t(20,19,2)
</p>

<p>
c(45,45,45)
n(0.000000,0.866186,0.499722)
C(0.000000,-47.500000,-27.000000)
p(4,3,2,19,21)
t(19,21,3)
t(3,2,19)
</p>

<p>
c(45,45,45)
n(0.000000,-0.499722,-0.866186)
C(0.000000,-27.000000,-47.500000)
p(4,3,4,22,21)
t(22,21,3)
t(3,4,22)
</p>

<p>
c(45,45,45)
n(0.000000,0.000000,1.000000)
C(0.000000,0.000000,-55.000000)
p(4,4,5,23,22)
t(5,4,22)
t(22,23,5)
</p>

<p>
c(45,45,45)
n(0.000000,0.499722,-0.866186)
C(0.000000,27.000000,-47.500000)
p(4,6,5,23,24)
t(5,6,24)
t(24,23,5)
</p>

<p>
c(45,45,45)
n(0.000000,0.866186,-0.499722)
C(0.000000,47.500000,-27.000000)
p(4,6,7,25,24)
t(25,24,6)
t(6,7,25)
</p>

<p>
c(45,45,45)
n(0.000000,1.000000,0.000000)
C(0.000000,55.000000,0.000000)
p(4,7,8,26,25)
t(26,25,7)
t(7,8,26)
</p>

<p>
c(45,45,45)
n(0.000000,0.866186,0.499722)
C(0.000000,47.500000,27.000000)
p(4,9,8,26,27)
t(8,9,27)
t(27,26,8)
</p>

<p>
c(45,45,45)
n(0.000000,-0.499722,-0.866186)
C(0.000000,27.000000,47.500000)
p(4,9,10,28,27)
t(10,9,27)
t(27,28,10)
</p>

<p>
c(45,45,45)
n(0.000000,0.000000,1.000000)
C(0.000000,0.000000,55.000000)
p(4,10,11,29,28)
t(29,28,10)
t(10,11,29)
</p>

<p>
c(45,45,45)
n(0.000000,0.499722,-0.866186)
C(0.000000,-27.000000,47.500000)
p(4,0,11,29,30)
t(29,30,0)
t(0,11,29)
</p>

<p>
c(45,45,45)
n(0.000000,0.866186,-0.499722)
C(0.000000,-47.500000,27.000000)
p(4,0,1,20,30)
t(1,0,30)
t(30,20,1)
</p>

