v(-34.100000,-334.800000,34.100000)
v(-31.000000,-334.800000,34.100000)
v(-24.800000,-266.600000,34.100000)
v(-24.800000,-266.600000,31.000000)
v(-27.900000,-266.600000,27.900000)
v(-31.000000,-266.600000,31.000000)
v(-27.900000,-266.600000,34.100000)
v(-21.700000,-210.800000,37.200000)
v(-18.600000,-210.800000,27.900000)
v(-27.900000,-210.800000,24.800000)
v(-34.100000,-210.800000,31.000000)
v(-27.900000,-210.800000,37.200000)
v(-15.500000,-195.300000,37.200000)
v(-12.400000,-195.300000,31.000000)
v(-18.600000,-195.300000,27.900000)
v(-24.800000,-195.300000,31.000000)
v(-21.700000,-195.300000,37.200000)
v(-15.500000,-179.800000,31.000000)
v(-12.400000,-179.800000,24.800000)
v(-21.700000,-179.800000,18.600000)
v(-27.900000,-179.800000,24.800000)
v(-24.800000,-179.800000,31.000000)
v(-6.200000,-133.300000,27.900000)
v(-3.100000,-133.300000,21.700000)
v(-9.300000,-133.300000,15.500000)
v(-15.500000,-133.300000,18.600000)
v(-12.400000,-133.300000,24.800000)
v(12.400000,0.000000,37.200000)
v(21.700000,0.000000,24.800000)
v(6.200000,0.000000,12.400000)
v(-6.200000,0.000000,18.600000)
v(0.000000,0.000000,34.100000)
v(-43.400000,-406.100000,65.100000)
v(-46.500000,-403.000000,71.300000)
v(-40.300000,-403.000000,71.300000)
v(6.200000,-356.500000,40.300000)
v(12.400000,-359.600000,43.400000)
v(9.300000,-359.600000,37.200000)
v(27.900000,-294.500000,-3.100000)
v(21.700000,-291.400000,3.100000)
v(27.900000,-294.500000,6.200000)
v(52.700000,-344.100000,0.000000)
v(55.800000,-344.100000,-6.200000)
v(6.200000,-254.200000,-9.300000)
v(-3.100000,-257.300000,0.000000)
v(6.200000,-254.200000,3.100000)
v(58.900000,-344.100000,0.000000)
v(-24.800000,-170.500000,-34.100000)
v(-37.200000,-173.600000,-24.800000)
v(-27.900000,-170.500000,-18.600000)
v(-80.600000,-316.200000,83.700000)
v(-117.800000,-328.600000,99.200000)
v(-120.900000,-328.600000,93.000000)
v(-86.800000,-316.200000,74.400000)
v(-124.000000,-325.500000,96.100000)
v(-96.100000,-316.200000,80.600000)
v(-74.400000,-235.600000,9.300000)
v(-65.100000,-235.600000,0.000000)
v(-43.400000,-170.500000,-21.700000)
v(-31.000000,-170.500000,-34.100000)
v(-65.100000,-235.600000,12.400000)
v(-31.000000,-173.600000,-15.500000)
v(-46.500000,-176.700000,-18.600000)
v(-37.200000,-176.700000,-6.200000)
v(-21.700000,-176.700000,-6.200000)
v(-18.600000,-176.700000,-21.700000)
v(-34.100000,-176.700000,-31.000000)
v(-15.500000,-108.500000,-24.800000)
v(3.100000,-108.500000,-24.800000)
v(-21.700000,-108.500000,-40.300000)
v(6.200000,-108.500000,-40.300000)
v(-6.200000,-108.500000,-49.600000)
v(31.000000,-24.800000,-18.600000)
v(37.200000,-24.800000,-55.800000)
v(-3.100000,-24.800000,-18.600000)
v(-12.400000,-24.800000,-49.600000)
v(12.400000,-24.800000,-68.200000)
v(58.900000,0.000000,-18.600000)
v(74.400000,0.000000,-52.700000)
v(-9.300000,0.000000,-18.600000)
v(-21.700000,0.000000,-52.700000)
v(9.300000,0.000000,-74.400000)

<p>
c(179,160,142)
n(0.000000,1.000000,0.000000)
C(-32.550000,-334.800000,34.100000)
p(2,0,1)
</p>

<p>
c(179,160,142)
n(0.000000,1.000000,0.000000)
C(-32.550000,-334.800000,34.100000)
p(2,1,0)
</p>

<p>
c(179,160,142)
n(0.000000,1.000000,0.000000)
C(-32.550000,-334.800000,34.100000)
p(2,1,0)
</p>

<p>
c(179,160,142)
n(0.995893,-0.090536,-0.000000)
C(-26.866667,-289.333333,33.066667)
p(3,1,2,3)
t(2,1,3)
</p>

<p>
c(179,160,142)
n(0.525056,0.034128,0.850383)
C(-31.000000,-300.700000,31.775000)
p(4,0,1,4,5)
t(4,5,0)
t(0,1,4)
</p>

<p>
c(179,160,142)
n(-0.703842,0.095979,0.703842)
C(-27.900000,-289.333333,31.000000)
p(3,3,4,1)
t(4,1,3)
</p>

<p>
c(179,160,142)
n(-0.525407,0.043212,0.849753)
C(-31.000000,-300.700000,33.325000)
p(4,0,1,6,5)
t(6,5,0)
t(0,1,6)
</p>

<p>
c(179,160,142)
n(0.000000,0.000000,1.000000)
C(-27.900000,-289.333333,34.100000)
p(3,1,6,2)
t(6,1,2)
</p>

<p>
c(179,160,142)
n(-0.954066,0.079517,-0.288851)
C(-22.475000,-238.700000,32.550000)
p(4,3,2,7,8)
t(7,8,3)
t(3,2,7)
</p>

<p>
c(179,160,142)
n(0.706562,0.039253,0.706562)
C(-30.225000,-238.700000,28.675000)
p(4,5,4,9,10)
t(9,10,5)
t(5,4,9)
</p>

<p>
c(179,160,142)
n(-0.381739,0.072436,0.921427)
C(-24.800000,-238.700000,27.900000)
p(4,8,9,4,3)
t(4,3,8)
t(8,9,4)
</p>

<p>
c(179,160,142)
n(0.706562,0.039253,-0.706562)
C(-30.225000,-238.700000,33.325000)
p(4,5,6,11,10)
t(6,5,10)
t(10,11,6)
</p>

<p>
c(179,160,142)
n(0.000000,-0.055470,0.998460)
C(-25.575000,-238.700000,35.650000)
p(4,2,6,11,7)
t(6,2,7)
t(7,11,6)
</p>

<p>
c(179,160,142)
n(-0.863144,0.379054,-0.333617)
C(-17.050000,-203.050000,33.325000)
p(4,8,7,12,13)
t(12,13,8)
t(8,7,12)
</p>

<p>
c(179,160,142)
n(0.563592,-0.411918,0.716023)
C(-26.350000,-203.050000,28.675000)
p(4,10,9,14,15)
t(14,15,10)
t(10,9,14)
</p>

<p>
c(179,160,142)
n(-0.360575,-0.006262,0.932709)
C(-19.375000,-203.050000,27.900000)
p(4,9,8,13,14)
t(13,14,9)
t(9,8,13)
</p>

<p>
c(179,160,142)
n(-0.734095,0.369060,0.569999)
C(-27.125000,-203.050000,34.100000)
p(4,10,11,16,15)
t(16,15,10)
t(10,11,16)
</p>

<p>
c(179,160,142)
n(0.000000,0.000000,1.000000)
C(-21.700000,-203.050000,37.200000)
p(4,7,11,16,12)
t(11,7,12)
t(12,16,11)
</p>

<p>
c(179,160,142)
n(-0.880451,-0.176090,-0.440225)
C(-13.950000,-187.550000,31.000000)
p(4,13,12,17,18)
t(17,18,13)
t(13,12,17)
</p>

<p>
c(179,160,142)
n(0.544912,0.461355,0.700159)
C(-23.250000,-187.550000,25.575000)
p(4,19,20,15,14)
t(15,14,19)
t(19,20,15)
</p>

<p>
c(179,160,142)
n(-0.492259,0.349678,0.797124)
C(-16.275000,-187.550000,25.575000)
p(4,14,13,18,19)
t(18,19,14)
t(14,13,18)
</p>

<p>
c(179,160,142)
n(0.894427,-0.000000,-0.447214)
C(-24.800000,-187.550000,31.000000)
p(4,15,16,21,20)
t(16,15,20)
t(20,21,16)
</p>

<p>
c(179,160,142)
n(0.000000,0.371391,0.928477)
C(-19.375000,-187.550000,34.100000)
p(4,21,17,12,16)
t(17,21,16)
t(16,12,17)
</p>

<p>
c(179,160,142)
n(-0.884652,0.147442,-0.442326)
C(-9.300000,-156.550000,26.350000)
p(4,18,17,22,23)
t(22,23,18)
t(18,17,22)
</p>

<p>
c(179,160,142)
n(0.613636,-0.085198,0.784979)
C(-18.600000,-156.550000,19.375000)
p(4,20,19,24,25)
t(24,25,20)
t(20,19,24)
</p>

<p>
c(179,160,142)
n(-0.857143,0.285714,0.428571)
C(-20.150000,-156.550000,24.800000)
p(4,20,21,26,25)
t(26,25,20)
t(20,21,26)
</p>

<p>
c(179,160,142)
n(-0.160207,0.135357,0.977759)
C(-14.725000,-156.550000,28.675000)
p(4,26,22,17,21)
t(22,26,21)
t(21,17,22)
</p>

<p>
c(179,160,142)
n(-0.807188,0.157864,-0.568794)
C(6.200000,-66.650000,27.900000)
p(4,23,22,27,28)
t(27,28,23)
t(23,22,27)
</p>

<p>
c(179,160,142)
n(0.446996,-0.031186,0.893992)
C(-6.200000,-66.650000,16.275000)
p(4,29,30,25,24)
t(25,24,29)
t(29,30,25)
</p>

<p>
c(179,160,142)
n(-0.922119,0.061733,0.381950)
C(-8.525000,-66.650000,24.025000)
p(4,31,30,25,26)
t(25,26,31)
t(31,30,25)
</p>

<p>
c(179,160,142)
n(-0.000000,-0.894427,0.447214)
C(-43.400000,-404.033333,69.233333)
p(3,32,33,34)
t(33,32,34)
</p>

<p>
c(179,160,142)
n(-0.063279,0.597917,0.799057)
C(-17.050000,-380.525000,56.575000)
p(4,34,33,35,36)
t(33,34,36)
t(36,35,33)
</p>

<p>
c(179,160,142)
n(-0.674188,0.353214,-0.648622)
C(-18.600000,-381.300000,53.475000)
p(4,32,37,35,33)
t(37,32,33)
t(33,35,37)
</p>

<p>
c(179,160,142)
n(-0.749011,-0.182861,-0.636824)
C(16.275000,-325.500000,19.375000)
p(4,38,39,35,37)
t(39,38,37)
t(37,35,39)
</p>

<p>
c(179,160,142)
n(-0.160843,0.518270,0.839956)
C(17.050000,-325.500000,23.250000)
p(4,35,39,40,36)
t(39,35,36)
t(36,40,39)
</p>

<p>
c(179,160,142)
n(0.639475,0.392970,0.660792)
C(27.900000,-299.925000,-3.875000)
p(4,41,42,43,44)
t(43,44,41)
t(41,42,43)
</p>

<p>
c(179,160,142)
n(-0.205113,-0.143081,0.968223)
C(28.675000,-299.925000,0.775000)
p(4,45,46,41,44)
t(46,45,44)
t(44,41,46)
</p>

<p>
c(179,160,142)
n(0.513957,0.421336,0.747211)
C(-14.725000,-213.900000,-17.050000)
p(4,43,47,48,44)
t(48,44,43)
t(43,47,48)
</p>

<p>
c(179,160,142)
n(-0.467767,0.054524,0.882168)
C(-15.500000,-213.900000,-10.075000)
p(4,45,44,48,49)
t(44,45,49)
t(49,48,44)
</p>

<p>
c(179,160,142)
n(-0.865621,-0.492684,0.089238)
C(31.775000,-299.150000,-3.100000)
p(4,45,43,42,46)
t(42,46,45)
t(45,43,42)
</p>

<p>
c(179,160,142)
n(-0.281718,0.957841,-0.056344)
C(-29.966667,-171.533333,-25.833333)
p(3,47,49,48)
t(49,47,48)
</p>

<p>
c(179,160,142)
n(-0.256027,0.953649,0.158125)
C(-101.525000,-322.400000,87.575000)
p(4,50,51,52,53)
t(51,50,53)
t(53,52,51)
</p>

<p>
c(179,160,142)
n(-0.534522,0.267261,-0.801784)
C(-106.950000,-321.625000,86.025000)
p(4,53,52,54,55)
t(54,55,53)
t(53,52,54)
</p>

<p>
c(179,160,142)
n(0.534522,0.801784,-0.267261)
C(-120.900000,-327.566667,96.100000)
p(3,52,51,54)
t(51,52,54)
</p>

<p>
c(179,160,142)
n(0.571798,0.460071,0.679251)
C(-80.600000,-275.900000,41.075000)
p(4,53,55,56,57)
t(55,53,57)
t(57,56,55)
</p>

<p>
c(179,160,142)
n(-0.044447,0.857488,0.512581)
C(-104.625000,-321.625000,89.900000)
p(4,50,55,54,51)
t(54,51,50)
t(50,55,54)
</p>

<p>
c(179,160,142)
n(-0.707107,0.000000,-0.707107)
C(-53.475000,-203.050000,-11.625000)
p(4,57,56,58,59)
t(58,59,57)
t(57,56,58)
</p>

<p>
c(179,160,142)
n(-0.274436,0.516468,0.811139)
C(-53.475000,-203.825000,-3.875000)
p(4,58,56,60,61)
t(60,61,58)
t(58,56,60)
</p>

<p>
c(179,160,142)
n(-0.169611,0.674659,0.718378)
C(-79.050000,-275.900000,46.500000)
p(4,60,56,55,50)
t(55,50,60)
t(60,56,55)
</p>

<p>
c(179,160,142)
n(-0.162221,-0.973329,-0.162221)
C(-35.133333,-171.533333,-23.766667)
p(3,58,61,59)
t(61,58,59)
</p>

<p>
c(179,160,142)
n(0.000000,1.000000,0.000000)
C(-35.133333,-176.700000,-10.333333)
p(3,62,63,64)
t(63,64,62)
</p>

<p>
c(179,160,142)
n(0.000000,1.000000,0.000000)
C(-28.933333,-176.700000,-15.500000)
p(3,64,65,62)
t(65,62,64)
</p>

<p>
c(179,160,142)
n(0.000000,1.000000,0.000000)
C(-33.066667,-176.700000,-23.766667)
p(3,62,65,66)
t(65,66,62)
</p>

<p>
c(179,160,142)
n(-0.000000,0.263117,0.964764)
C(-17.825000,-142.600000,-15.500000)
p(4,64,63,67,68)
t(63,64,68)
t(68,67,63)
</p>

<p>
c(179,160,142)
n(-0.801675,0.403834,0.440722)
C(-30.225000,-142.600000,-22.475000)
p(4,69,67,63,62)
t(67,69,62)
t(62,63,67)
</p>

<p>
c(179,160,142)
n(0.938424,-0.290058,0.187685)
C(-7.750000,-142.600000,-23.250000)
p(4,65,64,68,70)
t(64,65,70)
t(70,68,64)
</p>

<p>
c(179,160,142)
n(-0.504732,0.403239,0.763311)
C(-13.175000,-142.600000,-35.650000)
p(4,71,70,65,66)
t(70,71,66)
t(66,65,70)
</p>

<p>
c(179,160,142)
n(0.612437,-0.003066,0.790513)
C(-27.125000,-142.600000,-34.875000)
p(4,71,69,62,66)
t(62,66,71)
t(71,69,62)
</p>

<p>
c(179,160,142)
n(0.933871,-0.319685,0.160268)
C(19.375000,-66.650000,-34.875000)
p(4,70,68,72,73)
t(68,70,73)
t(73,72,68)
</p>

<p>
c(179,160,142)
n(0.000000,-0.073872,0.997268)
C(3.875000,-66.650000,-21.700000)
p(4,68,67,74,72)
t(67,68,72)
t(72,74,67)
</p>

<p>
c(179,160,142)
n(-0.944457,0.128050,0.302662)
C(-13.175000,-66.650000,-33.325000)
p(4,75,74,67,69)
t(74,75,69)
t(69,67,74)
</p>

<p>
c(179,160,142)
n(-0.461671,0.306476,0.832426)
C(12.400000,-66.650000,-53.475000)
p(4,70,71,76,73)
t(71,70,73)
t(73,76,71)
</p>

<p>
c(179,160,142)
n(0.578465,0.039389,0.814756)
C(-6.975000,-66.650000,-51.925000)
p(4,76,75,69,71)
t(69,71,76)
t(76,75,69)
</p>

<p>
c(179,160,142)
n(0.585576,-0.791242,0.176174)
C(50.375000,-12.400000,-36.425000)
p(4,73,72,77,78)
t(72,73,78)
t(78,77,72)
</p>

<p>
c(179,160,142)
n(0.000000,0.000000,1.000000)
C(19.375000,-12.400000,-18.600000)
p(4,72,74,79,77)
t(74,72,77)
t(77,79,74)
</p>

<p>
c(179,160,142)
n(-0.913805,-0.266811,0.306223)
C(-11.625000,-12.400000,-34.875000)
p(4,80,79,74,75)
t(79,80,75)
t(75,74,79)
</p>

<p>
c(179,160,142)
n(0.321822,-0.280557,-0.904278)
C(33.325000,-12.400000,-62.775000)
p(4,73,76,81,78)
t(81,78,73)
t(73,76,81)
</p>

<p>
c(179,160,142)
n(-0.559814,-0.285910,-0.777730)
C(-3.100000,-12.400000,-61.225000)
p(4,75,76,81,80)
t(76,75,80)
t(80,81,76)
</p>

