v(-846.000000,0.000000,0.000000)
v(-666.000000,0.000000,-60.300000)
v(-540.000000,-720.000000,-60.300000)
v(-675.000000,-720.000000,0.000000)
v(-630.000000,0.000000,-60.300000)
v(-504.000000,-720.000000,-60.300000)
v(846.000000,0.000000,0.000000)
v(666.000000,0.000000,-60.300000)
v(540.000000,-720.000000,-60.300000)
v(675.000000,-720.000000,0.000000)
v(630.000000,0.000000,-60.300000)
v(504.000000,-720.000000,-60.300000)
v(522.000000,-756.000000,-60.300000)
v(-522.000000,-756.000000,-60.300000)
v(-495.000000,-882.000000,0.000000)
v(-567.000000,-828.000000,0.000000)
v(495.000000,-882.000000,0.000000)
v(567.000000,-828.000000,0.000000)
v(-666.000000,0.000000,60.300000)
v(-540.000000,-720.000000,60.300000)
v(-630.000000,0.000000,60.300000)
v(-504.000000,-720.000000,60.300000)
v(666.000000,0.000000,60.300000)
v(540.000000,-720.000000,60.300000)
v(630.000000,0.000000,60.300000)
v(504.000000,-720.000000,60.300000)
v(522.000000,-756.000000,60.300000)
v(-522.000000,-756.000000,60.300000)
v(-666.000000,-90.000000,60.300000)
v(-666.000000,-90.000000,-60.300000)
v(666.000000,-90.000000,60.300000)
v(666.000000,-90.000000,-60.300000)
v(-846.000000,63.000000,0.000000)
v(-540.000000,90.000000,60.300000)
v(-387.000000,28.800000,0.000000)
v(846.000000,63.000000,0.000000)
v(540.000000,90.000000,60.300000)
v(387.000000,28.800000,0.000000)
v(-540.000000,90.000000,-60.300000)
v(540.000000,90.000000,-60.300000)
v(-365.850000,-816.300000,-54.000000)
v(-342.900000,-823.500000,-54.000000)
v(-368.550000,-835.200000,-54.000000)
v(-386.100000,-836.100000,-54.000000)
v(-411.750000,-828.900000,-54.000000)
v(-430.650000,-811.800000,-54.000000)
v(-433.350000,-799.200000,-54.000000)
v(-427.950000,-783.000000,-54.000000)
v(-407.700000,-772.200000,-54.000000)
v(-392.850000,-771.300000,-54.000000)
v(-376.650000,-774.000000,-54.000000)
v(-363.150000,-781.200000,-54.000000)
v(-376.650000,-788.400000,-54.000000)
v(-388.800000,-783.000000,-54.000000)
v(-405.000000,-784.800000,-54.000000)
v(-415.800000,-794.700000,-54.000000)
v(-411.750000,-811.800000,-54.000000)
v(-395.550000,-821.700000,-54.000000)
v(-378.000000,-822.600000,-54.000000)
v(-265.950000,-817.200000,-54.000000)
v(-252.450000,-835.200000,-54.000000)
v(-270.000000,-835.200000,-54.000000)
v(-278.100000,-825.300000,-54.000000)
v(-290.250000,-808.200000,-54.000000)
v(-298.350000,-810.000000,-54.000000)
v(-317.250000,-809.100000,-54.000000)
v(-297.000000,-835.200000,-54.000000)
v(-313.200000,-835.200000,-54.000000)
v(-333.450000,-810.000000,-54.000000)
v(-348.300000,-783.900000,-54.000000)
v(-352.350000,-771.300000,-54.000000)
v(-330.750000,-775.800000,-54.000000)
v(-322.650000,-795.600000,-54.000000)
v(-297.000000,-798.300000,-54.000000)
v(-309.150000,-774.000000,-54.000000)
v(-287.550000,-776.700000,-54.000000)
v(-278.100000,-795.600000,-54.000000)
v(-237.600000,-833.400000,-54.000000)
v(-171.450000,-836.100000,-54.000000)
v(-176.850000,-824.400000,-54.000000)
v(-214.650000,-824.400000,-54.000000)
v(-214.650000,-819.000000,-54.000000)
v(-220.050000,-810.000000,-54.000000)
v(-193.050000,-810.900000,-54.000000)
v(-198.450000,-800.100000,-54.000000)
v(-225.450000,-801.000000,-54.000000)
v(-232.200000,-784.800000,-54.000000)
v(-199.800000,-786.600000,-54.000000)
v(-205.200000,-774.900000,-54.000000)
v(-232.200000,-774.900000,-54.000000)
v(-256.500000,-772.200000,-54.000000)
v(-245.700000,-798.300000,-54.000000)
v(-230.850000,-821.700000,-54.000000)
v(-241.650000,-822.600000,-54.000000)
v(-101.250000,-816.300000,-54.000000)
v(-78.300000,-823.500000,-54.000000)
v(-103.950000,-835.200000,-54.000000)
v(-121.500000,-836.100000,-54.000000)
v(-147.150000,-828.900000,-54.000000)
v(-166.050000,-811.800000,-54.000000)
v(-168.750000,-799.200000,-54.000000)
v(-163.350000,-783.000000,-54.000000)
v(-143.100000,-772.200000,-54.000000)
v(-128.250000,-771.300000,-54.000000)
v(-112.050000,-774.000000,-54.000000)
v(-98.550000,-781.200000,-54.000000)
v(-112.050000,-788.400000,-54.000000)
v(-124.200000,-783.000000,-54.000000)
v(-140.400000,-784.800000,-54.000000)
v(-151.200000,-794.700000,-54.000000)
v(-147.150000,-811.800000,-54.000000)
v(-130.950000,-821.700000,-54.000000)
v(-113.400000,-822.600000,-54.000000)
v(-5.400000,-835.200000,-54.000000)
v(12.150000,-836.100000,-54.000000)
v(-1.350000,-821.700000,-54.000000)
v(-17.550000,-810.900000,-54.000000)
v(-41.850000,-801.000000,-54.000000)
v(-24.300000,-787.500000,-54.000000)
v(-21.600000,-776.700000,-54.000000)
v(-44.550000,-773.100000,-54.000000)
v(-47.250000,-789.300000,-54.000000)
v(-58.050000,-796.500000,-54.000000)
v(-67.500000,-774.900000,-54.000000)
v(-89.100000,-771.300000,-54.000000)
v(-78.300000,-794.700000,-54.000000)
v(-64.800000,-816.300000,-54.000000)
v(-49.950000,-835.200000,-54.000000)
v(-32.400000,-835.200000,-54.000000)
v(-51.300000,-808.200000,-54.000000)
v(-24.300000,-819.900000,-54.000000)
v(31.050000,-774.900000,-54.000000)
v(9.450000,-772.200000,-54.000000)
v(17.550000,-792.000000,-54.000000)
v(27.000000,-809.100000,-54.000000)
v(35.100000,-821.700000,-54.000000)
v(49.950000,-821.700000,-54.000000)
v(71.550000,-822.600000,-54.000000)
v(76.950000,-817.200000,-54.000000)
v(68.850000,-811.800000,-54.000000)
v(47.250000,-810.000000,-54.000000)
v(52.650000,-819.000000,-54.000000)
v(29.700000,-820.800000,-54.000000)
v(27.000000,-834.300000,-54.000000)
v(55.350000,-836.100000,-54.000000)
v(76.950000,-833.400000,-54.000000)
v(89.100000,-828.900000,-54.000000)
v(94.500000,-819.900000,-54.000000)
v(89.100000,-810.000000,-54.000000)
v(78.300000,-803.700000,-54.000000)
v(60.750000,-800.100000,-54.000000)
v(40.500000,-799.200000,-54.000000)
v(174.150000,-831.600000,-54.000000)
v(186.300000,-823.500000,-54.000000)
v(180.900000,-821.700000,-54.000000)
v(163.350000,-815.400000,-54.000000)
v(159.300000,-813.600000,-54.000000)
v(163.350000,-805.500000,-54.000000)
v(159.300000,-793.800000,-54.000000)
v(151.200000,-786.600000,-54.000000)
v(133.650000,-783.000000,-54.000000)
v(117.450000,-788.400000,-54.000000)
v(113.400000,-799.200000,-54.000000)
v(117.450000,-811.800000,-54.000000)
v(126.900000,-819.000000,-54.000000)
v(144.450000,-822.600000,-54.000000)
v(183.600000,-810.900000,-54.000000)
v(179.550000,-795.600000,-54.000000)
v(172.800000,-786.600000,-54.000000)
v(162.000000,-778.500000,-54.000000)
v(132.300000,-771.300000,-54.000000)
v(112.050000,-774.900000,-54.000000)
v(102.600000,-781.200000,-54.000000)
v(95.850000,-798.300000,-54.000000)
v(101.250000,-815.400000,-54.000000)
v(112.050000,-826.200000,-54.000000)
v(126.900000,-833.400000,-54.000000)
v(147.150000,-836.100000,-54.000000)
v(210.600000,-833.400000,-54.000000)
v(261.900000,-836.100000,-54.000000)
v(256.500000,-824.400000,-54.000000)
v(237.600000,-824.400000,-54.000000)
v(241.650000,-820.800000,-54.000000)
v(222.750000,-783.900000,-54.000000)
v(240.300000,-784.800000,-54.000000)
v(234.900000,-773.100000,-54.000000)
v(183.600000,-771.300000,-54.000000)
v(189.000000,-783.000000,-54.000000)
v(202.500000,-783.000000,-54.000000)
v(226.800000,-823.500000,-54.000000)
v(206.550000,-822.600000,-54.000000)
v(299.700000,-836.100000,-54.000000)
v(279.450000,-833.400000,-54.000000)
v(282.150000,-825.300000,-54.000000)
v(268.650000,-805.500000,-54.000000)
v(252.450000,-772.200000,-54.000000)
v(274.050000,-775.800000,-54.000000)
v(280.800000,-792.900000,-54.000000)
v(288.900000,-805.500000,-54.000000)
v(292.950000,-798.300000,-54.000000)
v(295.650000,-773.100000,-54.000000)
v(318.600000,-776.700000,-54.000000)
v(332.100000,-807.300000,-54.000000)
v(352.350000,-835.200000,-54.000000)
v(334.800000,-835.200000,-54.000000)
v(324.000000,-821.700000,-54.000000)
v(311.850000,-803.700000,-54.000000)
v(306.450000,-819.900000,-54.000000)
v(432.000000,-836.100000,-54.000000)
v(427.950000,-824.400000,-54.000000)
v(399.600000,-824.400000,-54.000000)
v(405.000000,-820.800000,-54.000000)
v(392.850000,-800.100000,-54.000000)
v(383.400000,-774.900000,-54.000000)
v(360.450000,-771.300000,-54.000000)
v(371.250000,-794.700000,-54.000000)
v(380.700000,-810.900000,-54.000000)
v(388.800000,-823.500000,-54.000000)
v(363.150000,-822.600000,-54.000000)
v(367.200000,-833.400000,-54.000000)
v(365.850000,-816.300000,54.000000)
v(342.900000,-823.500000,54.000000)
v(368.550000,-835.200000,54.000000)
v(386.100000,-836.100000,54.000000)
v(411.750000,-828.900000,54.000000)
v(430.650000,-811.800000,54.000000)
v(433.350000,-799.200000,54.000000)
v(427.950000,-783.000000,54.000000)
v(407.700000,-772.200000,54.000000)
v(392.850000,-771.300000,54.000000)
v(376.650000,-774.000000,54.000000)
v(363.150000,-781.200000,54.000000)
v(376.650000,-788.400000,54.000000)
v(388.800000,-783.000000,54.000000)
v(405.000000,-784.800000,54.000000)
v(415.800000,-794.700000,54.000000)
v(411.750000,-811.800000,54.000000)
v(395.550000,-821.700000,54.000000)
v(378.000000,-822.600000,54.000000)
v(265.950000,-817.200000,54.000000)
v(252.450000,-835.200000,54.000000)
v(270.000000,-835.200000,54.000000)
v(278.100000,-825.300000,54.000000)
v(290.250000,-808.200000,54.000000)
v(298.350000,-810.000000,54.000000)
v(317.250000,-809.100000,54.000000)
v(297.000000,-835.200000,54.000000)
v(313.200000,-835.200000,54.000000)
v(333.450000,-810.000000,54.000000)
v(348.300000,-783.900000,54.000000)
v(352.350000,-771.300000,54.000000)
v(330.750000,-775.800000,54.000000)
v(322.650000,-795.600000,54.000000)
v(297.000000,-798.300000,54.000000)
v(309.150000,-774.000000,54.000000)
v(287.550000,-776.700000,54.000000)
v(278.100000,-795.600000,54.000000)
v(237.600000,-833.400000,54.000000)
v(171.450000,-836.100000,54.000000)
v(176.850000,-824.400000,54.000000)
v(214.650000,-824.400000,54.000000)
v(214.650000,-819.000000,54.000000)
v(220.050000,-810.000000,54.000000)
v(193.050000,-810.900000,54.000000)
v(198.450000,-800.100000,54.000000)
v(225.450000,-801.000000,54.000000)
v(232.200000,-784.800000,54.000000)
v(199.800000,-786.600000,54.000000)
v(205.200000,-774.900000,54.000000)
v(232.200000,-774.900000,54.000000)
v(256.500000,-772.200000,54.000000)
v(245.700000,-798.300000,54.000000)
v(230.850000,-821.700000,54.000000)
v(241.650000,-822.600000,54.000000)
v(101.250000,-816.300000,54.000000)
v(78.300000,-823.500000,54.000000)
v(103.950000,-835.200000,54.000000)
v(121.500000,-836.100000,54.000000)
v(147.150000,-828.900000,54.000000)
v(166.050000,-811.800000,54.000000)
v(168.750000,-799.200000,54.000000)
v(163.350000,-783.000000,54.000000)
v(143.100000,-772.200000,54.000000)
v(128.250000,-771.300000,54.000000)
v(112.050000,-774.000000,54.000000)
v(98.550000,-781.200000,54.000000)
v(112.050000,-788.400000,54.000000)
v(124.200000,-783.000000,54.000000)
v(140.400000,-784.800000,54.000000)
v(151.200000,-794.700000,54.000000)
v(147.150000,-811.800000,54.000000)
v(130.950000,-821.700000,54.000000)
v(113.400000,-822.600000,54.000000)
v(5.400000,-835.200000,54.000000)
v(-12.150000,-836.100000,54.000000)
v(1.350000,-821.700000,54.000000)
v(17.550000,-810.900000,54.000000)
v(41.850000,-801.000000,54.000000)
v(24.300000,-787.500000,54.000000)
v(21.600000,-776.700000,54.000000)
v(44.550000,-773.100000,54.000000)
v(47.250000,-789.300000,54.000000)
v(58.050000,-796.500000,54.000000)
v(67.500000,-774.900000,54.000000)
v(89.100000,-771.300000,54.000000)
v(78.300000,-794.700000,54.000000)
v(64.800000,-816.300000,54.000000)
v(49.950000,-835.200000,54.000000)
v(32.400000,-835.200000,54.000000)
v(51.300000,-808.200000,54.000000)
v(24.300000,-819.900000,54.000000)
v(-31.050000,-774.900000,54.000000)
v(-9.450000,-772.200000,54.000000)
v(-17.550000,-792.000000,54.000000)
v(-27.000000,-809.100000,54.000000)
v(-35.100000,-821.700000,54.000000)
v(-49.950000,-821.700000,54.000000)
v(-71.550000,-822.600000,54.000000)
v(-76.950000,-817.200000,54.000000)
v(-68.850000,-811.800000,54.000000)
v(-47.250000,-810.000000,54.000000)
v(-52.650000,-819.000000,54.000000)
v(-29.700000,-820.800000,54.000000)
v(-27.000000,-834.300000,54.000000)
v(-55.350000,-836.100000,54.000000)
v(-76.950000,-833.400000,54.000000)
v(-89.100000,-828.900000,54.000000)
v(-94.500000,-819.900000,54.000000)
v(-89.100000,-810.000000,54.000000)
v(-78.300000,-803.700000,54.000000)
v(-60.750000,-800.100000,54.000000)
v(-40.500000,-799.200000,54.000000)
v(-174.150000,-831.600000,54.000000)
v(-186.300000,-823.500000,54.000000)
v(-180.900000,-821.700000,54.000000)
v(-163.350000,-815.400000,54.000000)
v(-159.300000,-813.600000,54.000000)
v(-163.350000,-805.500000,54.000000)
v(-159.300000,-793.800000,54.000000)
v(-151.200000,-786.600000,54.000000)
v(-133.650000,-783.000000,54.000000)
v(-117.450000,-788.400000,54.000000)
v(-113.400000,-799.200000,54.000000)
v(-117.450000,-811.800000,54.000000)
v(-126.900000,-819.000000,54.000000)
v(-144.450000,-822.600000,54.000000)
v(-183.600000,-810.900000,54.000000)
v(-179.550000,-795.600000,54.000000)
v(-172.800000,-786.600000,54.000000)
v(-162.000000,-778.500000,54.000000)
v(-132.300000,-771.300000,54.000000)
v(-112.050000,-774.900000,54.000000)
v(-102.600000,-781.200000,54.000000)
v(-95.850000,-798.300000,54.000000)
v(-101.250000,-815.400000,54.000000)
v(-112.050000,-826.200000,54.000000)
v(-126.900000,-833.400000,54.000000)
v(-147.150000,-836.100000,54.000000)
v(-210.600000,-833.400000,54.000000)
v(-261.900000,-836.100000,54.000000)
v(-256.500000,-824.400000,54.000000)
v(-237.600000,-824.400000,54.000000)
v(-241.650000,-820.800000,54.000000)
v(-222.750000,-783.900000,54.000000)
v(-240.300000,-784.800000,54.000000)
v(-234.900000,-773.100000,54.000000)
v(-183.600000,-771.300000,54.000000)
v(-189.000000,-783.000000,54.000000)
v(-202.500000,-783.000000,54.000000)
v(-226.800000,-823.500000,54.000000)
v(-206.550000,-822.600000,54.000000)
v(-299.700000,-836.100000,54.000000)
v(-279.450000,-833.400000,54.000000)
v(-282.150000,-825.300000,54.000000)
v(-268.650000,-805.500000,54.000000)
v(-252.450000,-772.200000,54.000000)
v(-274.050000,-775.800000,54.000000)
v(-280.800000,-792.900000,54.000000)
v(-288.900000,-805.500000,54.000000)
v(-292.950000,-798.300000,54.000000)
v(-295.650000,-773.100000,54.000000)
v(-318.600000,-776.700000,54.000000)
v(-332.100000,-807.300000,54.000000)
v(-352.350000,-835.200000,54.000000)
v(-334.800000,-835.200000,54.000000)
v(-324.000000,-821.700000,54.000000)
v(-311.850000,-803.700000,54.000000)
v(-306.450000,-819.900000,54.000000)
v(-432.000000,-836.100000,54.000000)
v(-427.950000,-824.400000,54.000000)
v(-399.600000,-824.400000,54.000000)
v(-405.000000,-820.800000,54.000000)
v(-392.850000,-800.100000,54.000000)
v(-383.400000,-774.900000,54.000000)
v(-360.450000,-771.300000,54.000000)
v(-371.250000,-794.700000,54.000000)
v(-380.700000,-810.900000,54.000000)
v(-388.800000,-823.500000,54.000000)
v(-363.150000,-822.600000,54.000000)
v(-367.200000,-833.400000,54.000000)
v(-487.800000,-535.500000,0.000000)
v(-499.500000,-501.300000,0.000000)
v(-460.800000,-505.800000,0.000000)
v(-450.000000,-540.000000,0.000000)
v(-427.500000,-532.800000,0.000000)
v(-436.500000,-501.300000,0.000000)
v(-400.500000,-505.800000,0.000000)
v(-391.500000,-540.000000,0.000000)
v(-504.000000,-469.800000,0.000000)
v(-513.000000,-433.800000,0.000000)
v(-477.000000,-438.300000,0.000000)
v(-469.800000,-474.300000,0.000000)
v(-442.800000,-469.800000,0.000000)
v(-450.000000,-433.800000,0.000000)
v(-415.800000,-441.000000,0.000000)
v(-406.800000,-472.500000,0.000000)
v(-339.300000,-562.500000,0.000000)
v(-360.000000,-562.500000,0.000000)
v(-351.000000,-589.500000,0.000000)
v(-240.300000,-595.800000,0.000000)
v(-249.300000,-567.000000,0.000000)
v(-315.000000,-567.000000,0.000000)
v(-310.500000,-559.800000,0.000000)
v(-321.300000,-531.000000,0.000000)
v(-276.300000,-532.800000,0.000000)
v(-285.300000,-505.800000,0.000000)
v(-330.300000,-504.000000,0.000000)
v(-346.500000,-438.300000,0.000000)
v(-384.300000,-433.800000,0.000000)
v(-364.500000,-501.300000,0.000000)
v(-117.000000,-595.800000,0.000000)
v(-202.500000,-589.500000,0.000000)
v(-211.500000,-559.800000,0.000000)
v(-175.500000,-564.300000,0.000000)
v(-195.300000,-519.300000,0.000000)
v(-216.000000,-463.500000,0.000000)
v(-238.500000,-463.500000,0.000000)
v(-247.500000,-433.800000,0.000000)
v(-162.000000,-438.300000,0.000000)
v(-153.000000,-468.000000,0.000000)
v(-181.800000,-465.300000,0.000000)
v(-148.500000,-559.800000,0.000000)
v(-157.500000,-567.000000,0.000000)
v(-126.000000,-567.000000,0.000000)
v(-54.000000,-598.500000,0.000000)
v(-90.000000,-589.500000,0.000000)
v(-82.800000,-567.000000,0.000000)
v(-114.300000,-496.800000,0.000000)
v(-132.300000,-436.500000,0.000000)
v(-96.300000,-445.500000,0.000000)
v(-69.300000,-522.000000,0.000000)
v(-60.300000,-438.300000,0.000000)
v(-22.500000,-447.300000,0.000000)
v(4.500000,-535.500000,0.000000)
v(33.300000,-595.800000,0.000000)
v(4.500000,-594.000000,0.000000)
v(-33.300000,-514.800000,0.000000)
v(154.800000,-595.800000,0.000000)
v(69.300000,-589.500000,0.000000)
v(60.300000,-559.800000,0.000000)
v(94.500000,-564.300000,0.000000)
v(76.500000,-522.000000,0.000000)
v(55.800000,-463.500000,0.000000)
v(33.300000,-463.500000,0.000000)
v(24.300000,-433.800000,0.000000)
v(109.800000,-438.300000,0.000000)
v(118.800000,-468.000000,0.000000)
v(90.000000,-465.300000,0.000000)
v(123.300000,-559.800000,0.000000)
v(114.300000,-567.000000,0.000000)
v(145.800000,-567.000000,0.000000)
v(240.300000,-567.000000,0.000000)
v(226.800000,-598.500000,0.000000)
v(204.300000,-591.300000,0.000000)
v(177.300000,-576.000000,0.000000)
v(168.300000,-558.000000,0.000000)
v(172.800000,-531.000000,0.000000)
v(184.500000,-510.300000,0.000000)
v(190.800000,-492.300000,0.000000)
v(175.500000,-474.300000,0.000000)
v(148.500000,-468.000000,0.000000)
v(154.800000,-429.300000,0.000000)
v(184.500000,-438.300000,0.000000)
v(204.300000,-450.000000,0.000000)
v(222.300000,-474.300000,0.000000)
v(225.000000,-496.800000,0.000000)
v(211.500000,-523.800000,0.000000)
v(202.500000,-544.500000,0.000000)
v(213.300000,-559.800000,0.000000)
v(289.800000,-526.500000,0.000000)
v(321.300000,-595.800000,0.000000)
v(292.500000,-594.000000,0.000000)
v(267.300000,-546.300000,0.000000)
v(249.300000,-505.800000,0.000000)
v(226.800000,-433.800000,0.000000)
v(265.500000,-442.800000,0.000000)
v(279.000000,-496.800000,0.000000)
v(321.300000,-501.300000,0.000000)
v(301.500000,-438.300000,0.000000)
v(339.300000,-447.300000,0.000000)
v(357.300000,-508.500000,0.000000)
v(378.000000,-558.000000,0.000000)
v(396.000000,-595.800000,0.000000)
v(366.300000,-594.000000,0.000000)
v(330.300000,-523.800000,0.000000)
v(321.300000,-531.000000,0.000000)
v(414.000000,-535.500000,0.000000)
v(405.000000,-501.300000,0.000000)
v(441.000000,-505.800000,0.000000)
v(451.800000,-540.000000,0.000000)
v(474.300000,-532.800000,0.000000)
v(465.300000,-504.000000,0.000000)
v(501.300000,-504.000000,0.000000)
v(510.300000,-540.000000,0.000000)
v(397.800000,-469.800000,0.000000)
v(388.800000,-433.800000,0.000000)
v(424.800000,-438.300000,0.000000)
v(436.500000,-472.500000,0.000000)
v(456.300000,-469.800000,0.000000)
v(450.000000,-433.800000,0.000000)
v(486.000000,-438.300000,0.000000)
v(495.000000,-472.500000,0.000000)
v(-801.000000,0.000000,-15.300000)
v(-760.500000,-180.000000,-15.300000)
v(-802.800000,-180.000000,0.000000)
v(-756.000000,0.000000,-29.700000)
v(-718.200000,-180.000000,-29.700000)
v(-711.000000,0.000000,-45.000000)
v(-676.800000,-180.000000,-45.000000)
v(-634.500000,-180.000000,-60.300000)
v(801.000000,0.000000,-15.300000)
v(760.500000,-180.000000,-15.300000)
v(802.800000,-180.000000,0.000000)
v(756.000000,0.000000,-29.700000)
v(718.200000,-180.000000,-29.700000)
v(711.000000,0.000000,-45.000000)
v(676.800000,-180.000000,-45.000000)
v(634.500000,-180.000000,-60.300000)

<p>
c(37,37,218)
n(0.351168,0.072437,0.933506)
C(-681.750000,-360.000000,-30.150000)
p(4,0,1,2,3)
t(1,0,3)
t(3,2,1)
</p>

<p>
c(31,107,184)
n(0.000000,0.000000,1.000000)
C(-585.000000,-360.000000,-60.300000)
p(4,1,4,5,2)
t(4,1,2)
t(2,5,4)
</p>

<p>
c(37,37,218)
n(-0.351168,0.072437,0.933506)
C(681.750000,-360.000000,-30.150000)
p(4,6,7,8,9)
t(8,9,6)
t(6,7,8)
</p>

<p>
c(31,107,184)
n(0.000000,0.000000,1.000000)
C(585.000000,-360.000000,-60.300000)
p(4,7,10,11,8)
t(11,8,7)
t(7,10,11)
</p>

<p>
c(31,107,184)
n(0.000000,0.000000,1.000000)
C(0.000000,-732.000000,-60.300000)
p(6,12,13,2,5,11,8)
t(13,12,8)
t(5,2,13)
t(13,8,11)
t(11,5,13)
</p>

<p>
c(37,37,218)
n(0.388818,0.420019,0.820003)
C(-559.800000,-781.200000,-24.120000)
p(5,14,13,2,3,15)
t(3,15,14)
t(14,13,2)
t(2,3,14)
</p>

<p>
c(37,37,218)
n(-0.388818,0.420019,0.820003)
C(559.800000,-781.200000,-24.120000)
p(5,16,12,8,9,17)
t(12,16,17)
t(17,9,8)
t(8,12,17)
</p>

<p>
c(37,37,218)
n(-0.351168,-0.072437,0.933506)
C(-681.750000,-360.000000,30.150000)
p(4,0,18,19,3)
t(18,0,3)
t(3,19,18)
</p>

<p>
c(31,107,184)
n(0.000000,0.000000,1.000000)
C(-585.000000,-360.000000,60.300000)
p(4,18,20,21,19)
t(20,18,19)
t(19,21,20)
</p>

<p>
c(37,37,218)
n(0.351168,-0.072437,0.933506)
C(681.750000,-360.000000,30.150000)
p(4,6,22,23,9)
t(23,9,6)
t(6,22,23)
</p>

<p>
c(31,107,184)
n(0.000000,0.000000,1.000000)
C(585.000000,-360.000000,60.300000)
p(4,22,24,25,23)
t(25,23,22)
t(22,24,25)
</p>

<p>
c(31,107,184)
n(0.000000,0.000000,1.000000)
C(0.000000,-732.000000,60.300000)
p(6,26,27,19,21,25,23)
t(27,26,23)
t(21,19,27)
t(27,23,25)
t(25,21,27)
</p>

<p>
c(37,37,218)
n(-0.388818,-0.420019,0.820003)
C(-559.800000,-781.200000,24.120000)
p(5,14,27,19,3,15)
t(3,15,14)
t(14,27,19)
t(19,3,14)
</p>

<p>
c(37,37,218)
n(0.388818,-0.420019,0.820003)
C(559.800000,-781.200000,24.120000)
p(5,16,26,23,9,17)
t(26,16,17)
t(17,9,23)
t(23,26,17)
</p>

<p>
c(37,37,218)
n(1.000000,0.000000,0.000000)
C(-666.000000,-45.000000,0.000000)
p(4,1,18,28,29)
t(28,29,1)
t(1,18,28)
</p>

<p>
c(37,37,218)
n(1.000000,0.000000,0.000000)
C(666.000000,-45.000000,0.000000)
p(4,7,22,30,31)
t(30,31,7)
t(7,22,30)
</p>

<p>
c(176,176,176)
n(0.234476,-0.210696,-0.949014)
C(-705.600000,30.600000,36.180000)
p(5,32,0,18,20,33)
t(0,32,33)
t(33,20,18)
t(18,0,33)
</p>

<p>
c(56,56,56)
n(0.261547,-0.261547,0.929078)
C(-519.000000,39.600000,40.200000)
p(3,20,33,34)
t(33,20,34)
</p>

<p>
c(176,176,176)
n(-0.234476,-0.210696,-0.949014)
C(705.600000,30.600000,36.180000)
p(5,35,6,22,24,36)
t(24,36,35)
t(35,6,22)
t(22,24,35)
</p>

<p>
c(56,56,56)
n(-0.261547,-0.261547,0.929078)
C(519.000000,39.600000,40.200000)
p(3,24,36,37)
t(36,37,24)
</p>

<p>
c(176,176,176)
n(0.234476,-0.210696,0.949014)
C(-705.600000,30.600000,-36.180000)
p(5,32,0,1,4,38)
t(4,38,32)
t(32,0,1)
t(1,4,32)
</p>

<p>
c(56,56,56)
n(0.261547,-0.261547,-0.929078)
C(-519.000000,39.600000,-40.200000)
p(3,4,38,34)
t(38,34,4)
</p>

<p>
c(176,176,176)
n(-0.234476,-0.210696,0.949014)
C(705.600000,30.600000,-36.180000)
p(5,35,6,7,10,39)
t(6,35,39)
t(39,10,7)
t(7,6,39)
</p>

<p>
c(56,56,56)
n(-0.261547,-0.261547,-0.929078)
C(519.000000,39.600000,-40.200000)
p(3,10,39,37)
t(39,10,37)
</p>

<p>
c(145,145,145)
n(0.117695,0.993050,0.000000)
C(549.000000,9.600000,0.000000)
p(3,10,37,24)
t(37,24,10)
</p>

<p>
c(145,145,145)
n(-0.117695,0.993050,0.000000)
C(-549.000000,9.600000,0.000000)
p(3,4,34,20)
t(34,4,20)
</p>

<p>
c(37,37,218)
n(0.000000,0.431683,-0.902025)
C(0.000000,-819.000000,30.150000)
p(4,27,26,16,14)
t(16,14,27)
t(27,26,16)
</p>

<p>
c(37,37,218)
n(0.000000,-0.431683,-0.902025)
C(0.000000,-819.000000,-30.150000)
p(4,13,12,16,14)
t(16,14,13)
t(13,12,16)
</p>

<p>
c(255,255,255)
n(0.000000,0.000000,1.000000)
C(-393.631579,-802.089474,-54.000000)
p(19,40,41,42,43,44,45,46,47,48,49,50,51,52,53,54,55,56,57,58)
t(41,40,58)
t(53,52,51)
t(51,50,49)
t(49,48,47)
t(47,46,45)
t(45,44,43)
t(43,42,41)
t(53,51,49)
t(43,41,58)
t(54,53,49)
t(43,58,57)
t(55,54,49)
t(45,43,57)
t(55,49,47)
t(45,57,56)
t(56,55,47)
t(47,45,56)
</p>

<p>
c(255,255,255)
n(0.000000,0.000000,1.000000)
C(-302.325000,-805.100000,-54.000000)
p(18,59,60,61,62,63,64,65,66,67,68,69,70,71,72,73,74,75,76)
t(76,75,74)
t(72,71,70)
t(70,69,68)
t(68,67,66)
t(65,64,63)
t(63,62,61)
t(61,60,59)
t(59,76,74)
t(72,70,68)
t(68,66,65)
t(63,61,59)
t(59,74,73)
t(73,72,68)
t(63,59,73)
t(73,68,65)
t(65,63,73)
</p>

<p>
c(255,255,255)
n(0.000000,0.000000,1.000000)
C(-217.429412,-805.605882,-54.000000)
p(17,77,78,79,80,81,82,83,84,85,86,87,88,89,90,91,92,93)
t(92,93,77)
t(77,78,79)
t(80,81,82)
t(82,83,84)
t(86,87,88)
t(89,90,91)
t(77,79,80)
t(82,84,85)
t(86,88,89)
t(92,77,80)
t(80,82,85)
t(86,89,91)
t(91,92,80)
t(85,86,91)
t(91,80,85)
</p>

<p>
c(255,255,255)
n(0.000000,0.000000,1.000000)
C(-129.031579,-802.089474,-54.000000)
p(19,94,95,96,97,98,99,100,101,102,103,104,105,106,107,108,109,110,111,112)
t(95,94,112)
t(107,106,105)
t(105,104,103)
t(103,102,101)
t(101,100,99)
t(99,98,97)
t(97,96,95)
t(107,105,103)
t(97,95,112)
t(108,107,103)
t(97,112,111)
t(109,108,103)
t(99,97,111)
t(109,103,101)
t(99,111,110)
t(110,109,101)
t(101,99,110)
</p>

<p>
c(255,255,255)
n(0.000000,0.000000,1.000000)
C(-39.300000,-804.650000,-54.000000)
p(18,113,114,115,116,117,118,119,120,121,122,123,124,125,126,127,128,129,130)
t(130,113,114)
t(114,115,116)
t(117,118,119)
t(119,120,121)
t(122,123,124)
t(124,125,126)
t(126,127,128)
t(130,114,116)
t(117,119,121)
t(122,124,126)
t(126,128,129)
t(129,130,116)
t(117,121,122)
t(122,126,129)
t(129,116,117)
t(117,122,129)
</p>

<p>
c(255,255,255)
n(0.000000,0.000000,1.000000)
C(52.767391,-813.130435,-54.000000)
p(23,131,132,133,134,135,136,137,138,139,140,141,136,135,142,143,144,145,146,147,148,149,150,151)
t(151,131,132)
t(132,133,134)
t(135,142,143)
t(143,144,145)
t(145,146,147)
t(147,148,149)
t(149,150,151)
t(151,132,134)
t(135,143,145)
t(145,147,149)
t(149,151,134)
t(149,134,140)
t(136,141,140)
t(140,134,135)
t(149,140,139)
t(136,140,135)
t(149,139,138)
t(137,136,135)
t(145,149,138)
t(137,135,145)
t(145,138,137)
</p>

<p>
c(255,255,255)
n(0.000000,0.000000,1.000000)
C(145.125000,-805.757143,-54.000000)
p(28,152,153,154,155,156,157,158,159,160,161,162,163,164,165,155,154,166,167,168,169,170,171,172,173,174,175,176,177)
t(177,152,153)
t(154,166,167)
t(167,168,169)
t(169,170,171)
t(171,172,173)
t(173,162,161)
t(157,156,155)
t(163,162,173)
t(173,174,175)
t(175,176,177)
t(177,153,154)
t(154,167,169)
t(171,173,161)
t(164,163,173)
t(173,175,177)
t(171,161,160)
t(164,173,177)
t(169,171,160)
t(165,164,177)
t(169,160,159)
t(155,165,177)
t(169,159,158)
t(155,177,154)
t(154,169,158)
t(157,155,154)
t(154,158,157)
</p>

<p>
c(255,255,255)
n(0.000000,0.000000,1.000000)
C(224.203846,-804.946154,-54.000000)
p(13,178,179,180,181,182,183,184,185,186,187,188,189,190)
t(189,190,178)
t(178,179,180)
t(181,182,183)
t(183,184,185)
t(185,186,187)
t(178,180,181)
t(185,187,188)
t(189,178,181)
t(183,185,188)
t(188,189,181)
t(181,183,188)
</p>

<p>
c(255,255,255)
n(0.000000,0.000000,1.000000)
C(299.700000,-806.929412,-54.000000)
p(17,191,192,193,194,195,196,197,198,199,200,201,202,203,204,205,206,207)
t(192,191,207)
t(206,205,204)
t(204,203,202)
t(202,201,200)
t(197,196,195)
t(195,194,193)
t(193,192,207)
t(206,204,202)
t(202,200,199)
t(198,197,195)
t(193,207,206)
t(206,202,199)
t(198,195,193)
t(193,206,199)
t(199,198,193)
</p>

<p>
c(255,255,255)
n(0.000000,0.000000,1.000000)
C(389.362500,-811.425000,-54.000000)
p(12,208,209,210,211,212,213,214,215,216,217,218,219)
t(218,219,208)
t(208,209,210)
t(210,211,212)
t(212,213,214)
t(214,215,216)
t(217,218,208)
t(210,212,214)
t(214,216,217)
t(217,208,210)
t(210,214,217)
</p>

<p>
c(255,255,255)
n(0.000000,0.000000,1.000000)
C(393.631579,-802.089474,54.000000)
p(19,220,221,222,223,224,225,226,227,228,229,230,231,232,233,234,235,236,237,238)
t(238,220,221)
t(221,222,223)
t(223,224,225)
t(225,226,227)
t(227,228,229)
t(229,230,231)
t(231,232,233)
t(238,221,223)
t(227,229,231)
t(237,238,223)
t(227,231,233)
t(236,237,223)
t(227,233,234)
t(236,223,225)
t(227,234,235)
t(235,236,225)
t(225,227,235)
</p>

<p>
c(255,255,255)
n(0.000000,0.000000,1.000000)
C(302.325000,-805.100000,54.000000)
p(18,239,240,241,242,243,244,245,246,247,248,249,250,251,252,253,254,255,256)
t(239,240,241)
t(241,242,243)
t(243,244,245)
t(245,246,247)
t(247,248,249)
t(249,250,251)
t(253,254,255)
t(256,239,241)
t(245,247,249)
t(249,251,252)
t(253,255,256)
t(256,241,243)
t(245,249,252)
t(253,256,243)
t(243,245,252)
t(252,253,243)
</p>

<p>
c(255,255,255)
n(0.000000,0.000000,1.000000)
C(217.429412,-805.605882,54.000000)
p(17,257,258,259,260,261,262,263,264,265,266,267,268,269,270,271,272,273)
t(258,257,273)
t(272,271,270)
t(269,268,267)
t(265,264,263)
t(262,261,260)
t(260,259,258)
t(258,273,272)
t(270,269,267)
t(265,263,262)
t(260,258,272)
t(270,267,266)
t(265,262,260)
t(260,272,270)
t(270,266,265)
t(265,260,270)
</p>

<p>
c(255,255,255)
n(0.000000,0.000000,1.000000)
C(129.031579,-802.089474,54.000000)
p(19,274,275,276,277,278,279,280,281,282,283,284,285,286,287,288,289,290,291,292)
t(292,274,275)
t(275,276,277)
t(277,278,279)
t(279,280,281)
t(281,282,283)
t(283,284,285)
t(285,286,287)
t(292,275,277)
t(281,283,285)
t(291,292,277)
t(281,285,287)
t(290,291,277)
t(281,287,288)
t(290,277,279)
t(281,288,289)
t(289,290,279)
t(279,281,289)
</p>

<p>
c(255,255,255)
n(0.000000,0.000000,1.000000)
C(39.300000,-804.650000,54.000000)
p(18,293,294,295,296,297,298,299,300,301,302,303,304,305,306,307,308,309,310)
t(294,293,310)
t(309,308,307)
t(307,306,305)
t(305,304,303)
t(301,300,299)
t(299,298,297)
t(297,296,295)
t(295,294,310)
t(309,307,305)
t(305,303,302)
t(302,301,299)
t(297,295,310)
t(310,309,305)
t(302,299,297)
t(297,310,305)
t(305,302,297)
</p>

<p>
c(255,255,255)
n(0.000000,0.000000,1.000000)
C(-52.767391,-813.130435,54.000000)
p(23,311,312,313,314,315,316,317,318,319,320,321,316,315,322,323,324,325,326,327,328,329,330,331)
t(331,330,329)
t(329,328,327)
t(327,318,319)
t(320,321,316)
t(317,318,327)
t(327,326,325)
t(325,324,323)
t(323,322,315)
t(315,314,313)
t(313,312,311)
t(331,329,327)
t(317,327,325)
t(325,323,315)
t(315,313,311)
t(331,327,319)
t(316,317,325)
t(315,311,331)
t(331,319,320)
t(316,325,315)
t(315,331,320)
t(320,316,315)
</p>

<p>
c(255,255,255)
n(0.000000,0.000000,1.000000)
C(-145.125000,-805.757143,54.000000)
p(28,332,333,334,335,336,337,338,339,340,341,342,343,344,345,335,334,346,347,348,349,350,351,352,353,354,355,356,357)
t(332,357,356)
t(356,355,354)
t(354,353,352)
t(352,351,350)
t(350,349,348)
t(348,347,346)
t(346,335,336)
t(345,335,346)
t(334,333,332)
t(332,356,354)
t(350,348,346)
t(346,336,337)
t(345,346,334)
t(346,337,338)
t(345,334,332)
t(346,338,339)
t(344,345,332)
t(350,346,339)
t(344,332,354)
t(350,339,340)
t(343,344,354)
t(352,350,340)
t(342,343,354)
t(352,340,341)
t(341,342,354)
t(354,352,341)
</p>

<p>
c(255,255,255)
n(0.000000,0.000000,1.000000)
C(-224.203846,-804.946154,54.000000)
p(13,358,359,360,361,362,363,364,365,366,367,368,369,370)
t(359,358,370)
t(368,367,366)
t(366,365,364)
t(363,362,361)
t(361,360,359)
t(359,370,369)
t(366,364,363)
t(361,359,369)
t(368,366,363)
t(363,361,369)
t(369,368,363)
</p>

<p>
c(255,255,255)
n(0.000000,0.000000,1.000000)
C(-299.700000,-806.929412,54.000000)
p(17,371,372,373,374,375,376,377,378,379,380,381,382,383,384,385,386,387)
t(386,387,371)
t(371,372,373)
t(373,374,375)
t(375,376,377)
t(379,380,381)
t(382,383,384)
t(384,385,386)
t(386,371,373)
t(373,375,377)
t(378,379,381)
t(381,382,384)
t(373,377,378)
t(381,384,386)
t(386,373,378)
t(378,381,386)
</p>

<p>
c(255,255,255)
n(0.000000,0.000000,1.000000)
C(-389.362500,-811.425000,54.000000)
p(12,388,389,390,391,392,393,394,395,396,397,398,399)
t(389,388,399)
t(399,398,397)
t(397,396,395)
t(395,394,393)
t(392,391,390)
t(390,389,399)
t(397,395,393)
t(393,392,390)
t(390,399,397)
t(397,393,390)
</p>

<p>
c(31,107,184)
finish()
n(0.000000,0.000000,1.000000)
C(-474.525000,-520.650000,0.000000)
p(4,400,401,402,403)
t(401,400,403)
t(403,402,401)
</p>

<p>
c(31,107,184)
finish()
n(0.000000,0.000000,1.000000)
C(-414.000000,-519.975000,0.000000)
p(4,404,405,406,407)
t(405,404,407)
t(407,406,405)
</p>

<p>
c(31,107,184)
finish()
n(0.000000,0.000000,1.000000)
C(-490.950000,-454.050000,0.000000)
p(4,408,409,410,411)
t(409,408,411)
t(411,410,409)
</p>

<p>
c(31,107,184)
finish()
n(0.000000,0.000000,1.000000)
C(-428.850000,-454.275000,0.000000)
p(4,412,413,414,415)
t(413,412,415)
t(415,414,413)
</p>

<p>
c(31,107,184)
finish()
n(0.000000,0.000000,1.000000)
C(-319.564286,-532.221429,0.000000)
p(14,416,417,418,419,420,421,422,423,424,425,426,427,428,429)
t(428,429,416)
t(416,417,418)
t(418,419,420)
t(421,422,423)
t(423,424,425)
t(426,427,428)
t(418,420,421)
t(423,425,426)
t(426,428,416)
t(416,418,421)
t(421,423,426)
t(426,416,421)
</p>

<p>
c(31,107,184)
finish()
n(0.000000,0.000000,1.000000)
C(-180.900000,-518.207143,0.000000)
p(14,430,431,432,433,434,435,436,437,438,439,440,441,442,443)
t(431,430,443)
t(442,441,440)
t(440,439,438)
t(438,437,436)
t(435,434,433)
t(433,432,431)
t(431,443,442)
t(438,436,435)
t(433,431,442)
t(440,438,435)
t(435,433,442)
t(442,440,435)
</p>

<p>
c(31,107,184)
finish()
n(0.000000,0.000000,1.000000)
C(-54.830769,-521.653846,0.000000)
p(13,444,445,446,447,448,449,450,451,452,453,454,455,456)
t(445,444,456)
t(456,455,454)
t(453,452,451)
t(450,449,448)
t(448,447,446)
t(446,445,456)
t(456,454,453)
t(450,448,446)
t(456,453,451)
t(450,446,456)
t(456,451,450)
</p>

<p>
c(31,107,184)
finish()
n(0.000000,0.000000,1.000000)
C(90.771429,-518.400000,0.000000)
p(14,457,458,459,460,461,462,463,464,465,466,467,468,469,470)
t(458,457,470)
t(469,468,467)
t(467,466,465)
t(465,464,463)
t(462,461,460)
t(460,459,458)
t(458,470,469)
t(465,463,462)
t(460,458,469)
t(467,465,462)
t(462,460,469)
t(469,467,462)
</p>

<p>
c(31,107,184)
finish()
n(0.000000,0.000000,1.000000)
C(194.850000,-515.750000,0.000000)
p(18,471,472,473,474,475,476,477,478,479,480,481,482,483,484,485,486,487,488)
t(472,471,488)
t(486,485,484)
t(484,483,482)
t(482,481,480)
t(477,476,475)
t(475,474,473)
t(473,472,488)
t(487,486,484)
t(484,482,480)
t(478,477,475)
t(475,473,488)
t(484,480,479)
t(475,488,487)
t(484,479,478)
t(478,475,487)
t(487,484,478)
</p>

<p>
c(31,107,184)
finish()
n(0.000000,0.000000,1.000000)
C(311.929412,-519.988235,0.000000)
p(17,489,490,491,492,493,494,495,496,497,498,499,500,501,502,503,504,505)
t(489,505,504)
t(504,503,502)
t(500,499,498)
t(496,495,494)
t(494,493,492)
t(492,491,490)
t(504,502,501)
t(501,500,498)
t(496,494,492)
t(492,490,489)
t(504,501,498)
t(496,492,489)
t(504,498,497)
t(497,496,489)
t(489,504,497)
</p>

<p>
c(31,107,184)
finish()
n(0.000000,0.000000,1.000000)
C(427.950000,-520.650000,0.000000)
p(4,506,507,508,509)
t(507,506,509)
t(509,508,507)
</p>

<p>
c(31,107,184)
finish()
n(0.000000,0.000000,1.000000)
C(487.800000,-520.200000,0.000000)
p(4,510,511,512,513)
t(511,510,513)
t(513,512,511)
</p>

<p>
c(31,107,184)
finish()
n(0.000000,0.000000,1.000000)
C(411.975000,-453.600000,0.000000)
p(4,514,515,516,517)
t(515,514,517)
t(517,516,515)
</p>

<p>
c(31,107,184)
finish()
n(0.000000,0.000000,1.000000)
C(471.825000,-453.600000,0.000000)
p(4,518,519,520,521)
t(519,518,521)
t(521,520,519)
</p>

<p>
c(237,137,8)
n(0.329563,0.076624,0.941019)
C(-802.575000,-90.000000,-7.650000)
p(4,0,522,523,524)
t(522,0,524)
t(524,523,522)
</p>

<p>
c(40,40,40)
n(0.312324,0.067931,0.947544)
C(-758.925000,-90.000000,-22.500000)
p(4,525,522,523,526)
t(523,526,525)
t(525,522,523)
</p>

<p>
c(237,137,8)
n(0.332653,0.066531,0.940699)
C(-715.500000,-90.000000,-37.350000)
p(4,525,527,528,526)
t(527,525,526)
t(526,528,527)
</p>

<p>
c(40,40,40)
n(0.329934,0.060213,0.942082)
C(-672.075000,-90.000000,-52.650000)
p(4,1,527,528,529)
t(528,529,1)
t(1,527,528)
</p>

<p>
c(237,137,8)
n(-0.329563,0.076624,0.941019)
C(802.575000,-90.000000,-7.650000)
p(4,6,530,531,532)
t(531,532,6)
t(6,530,531)
</p>

<p>
c(40,40,40)
n(-0.312324,0.067931,0.947544)
C(758.925000,-90.000000,-22.500000)
p(4,533,530,531,534)
t(530,533,534)
t(534,531,530)
</p>

<p>
c(237,137,8)
n(-0.332653,0.066531,0.940699)
C(715.500000,-90.000000,-37.350000)
p(4,533,535,536,534)
t(536,534,533)
t(533,535,536)
</p>

<p>
c(40,40,40)
n(-0.329934,0.060213,0.942082)
C(672.075000,-90.000000,-52.650000)
p(4,7,535,536,537)
t(535,7,537)
t(537,536,535)
</p>

