v(-72.800000,-98.280000,32.760000)
v(-63.700000,-89.180000,121.940000)
v(-72.800000,-69.160000,114.660000)
v(-63.700000,-80.080000,138.320000)
v(-63.700000,-63.700000,138.320000)
v(-63.700000,-49.140000,140.140000)
v(-72.800000,-49.140000,131.040000)
v(-72.800000,-65.520000,-63.700000)
v(-72.800000,-98.280000,-63.700000)
v(-72.800000,-98.280000,27.300000)
v(-72.800000,-63.700000,0.000000)
v(-63.700000,-125.580000,-5.460000)
v(-63.700000,-125.580000,0.000000)
v(-72.800000,-56.420000,5.460000)
v(-72.800000,-58.240000,-63.700000)
v(-72.800000,-49.140000,-63.700000)
v(-72.800000,-49.140000,50.960000)
v(-72.800000,-69.160000,67.340000)
v(-72.800000,-69.160000,107.380000)
v(-72.800000,-89.180000,32.760000)
v(-72.800000,-98.280000,-187.460000)
v(-72.800000,-49.140000,-187.460000)
v(-72.800000,-49.140000,-169.260000)
v(-72.800000,-69.160000,-152.880000)
v(-72.800000,-85.540000,-105.560000)
v(-72.800000,-63.700000,-76.440000)
v(-72.800000,-69.160000,-145.600000)
v(-72.800000,-78.260000,-107.380000)
v(-72.800000,-56.420000,-80.080000)
v(-72.800000,-49.140000,-89.180000)
v(-72.800000,-69.160000,-105.560000)
v(-63.700000,-125.580000,-63.700000)
v(-72.800000,-98.280000,-58.240000)
v(-63.700000,-125.580000,-58.240000)
v(-54.600000,-123.760000,-63.700000)
v(-54.600000,-118.300000,-63.700000)
v(-72.800000,-98.280000,-101.920000)
v(-72.800000,-98.280000,-111.020000)
v(-49.140000,-121.940000,-63.700000)
v(-67.340000,-98.280000,-105.560000)
v(-67.340000,-98.280000,-63.700000)
v(-72.800000,-98.280000,-105.560000)
v(-67.340000,-98.280000,-187.460000)
v(72.800000,-98.280000,32.760000)
v(63.700000,-89.180000,121.940000)
v(72.800000,-69.160000,114.660000)
v(63.700000,-80.080000,138.320000)
v(63.700000,-63.700000,138.320000)
v(63.700000,-49.140000,140.140000)
v(72.800000,-49.140000,131.040000)
v(72.800000,-65.520000,-63.700000)
v(72.800000,-98.280000,-63.700000)
v(72.800000,-98.280000,27.300000)
v(72.800000,-63.700000,0.000000)
v(63.700000,-125.580000,-5.460000)
v(63.700000,-125.580000,0.000000)
v(72.800000,-56.420000,5.460000)
v(72.800000,-58.240000,-63.700000)
v(72.800000,-49.140000,-63.700000)
v(72.800000,-49.140000,50.960000)
v(72.800000,-69.160000,67.340000)
v(72.800000,-69.160000,107.380000)
v(72.800000,-89.180000,32.760000)
v(72.800000,-98.280000,-187.460000)
v(72.800000,-49.140000,-187.460000)
v(72.800000,-49.140000,-169.260000)
v(72.800000,-69.160000,-152.880000)
v(72.800000,-85.540000,-105.560000)
v(72.800000,-63.700000,-76.440000)
v(72.800000,-69.160000,-145.600000)
v(72.800000,-78.260000,-107.380000)
v(72.800000,-56.420000,-80.080000)
v(72.800000,-49.140000,-89.180000)
v(72.800000,-69.160000,-105.560000)
v(63.700000,-125.580000,-63.700000)
v(72.800000,-98.280000,-58.240000)
v(63.700000,-125.580000,-58.240000)
v(54.600000,-123.760000,-63.700000)
v(54.600000,-118.300000,-63.700000)
v(72.800000,-98.280000,-101.920000)
v(72.800000,-98.280000,-111.020000)
v(49.140000,-121.940000,-63.700000)
v(67.340000,-98.280000,-105.560000)
v(67.340000,-98.280000,-63.700000)
v(72.800000,-98.280000,-105.560000)
v(67.340000,-98.280000,-187.460000)
v(-49.140000,-83.720000,129.220000)
v(49.140000,-83.720000,129.220000)
v(-61.880000,-98.280000,34.580000)
v(-38.220000,-83.720000,129.220000)
v(-40.040000,-98.280000,40.040000)
v(-16.380000,-83.720000,129.220000)
v(61.880000,-98.280000,34.580000)
v(38.220000,-83.720000,129.220000)
v(40.040000,-98.280000,40.040000)
v(16.380000,-83.720000,129.220000)
v(-27.300000,-125.580000,7.280000)
v(-58.240000,-125.580000,1.820000)
v(-67.340000,-98.280000,34.580000)
v(67.340000,-98.280000,32.760000)
v(58.240000,-125.580000,0.000000)
v(27.300000,-125.580000,7.280000)
v(58.240000,-125.580000,1.820000)
v(67.340000,-98.280000,34.580000)
v(-60.060000,-129.220000,-3.640000)
v(60.060000,-129.220000,-3.640000)
v(25.480000,-129.220000,3.640000)
v(-25.480000,-129.220000,3.640000)
v(-60.060000,-129.220000,-63.700000)
v(60.060000,-129.220000,-63.700000)
v(30.940000,-72.800000,141.960000)
v(-30.940000,-72.800000,141.960000)
v(-52.780000,-78.260000,138.320000)
v(52.780000,-78.260000,138.320000)
v(-30.940000,-60.060000,141.960000)
v(-45.500000,-76.440000,138.320000)
v(-43.680000,-70.980000,138.320000)
v(-43.680000,-69.160000,138.320000)
v(-41.860000,-72.800000,138.320000)
v(-38.220000,-74.620000,138.320000)
v(-34.580000,-72.800000,138.320000)
v(-32.760000,-69.160000,138.320000)
v(-34.580000,-65.520000,138.320000)
v(-38.220000,-63.700000,138.320000)
v(-41.860000,-65.520000,138.320000)
v(-45.500000,-65.520000,138.320000)
v(-52.780000,-63.700000,138.320000)
v(-60.060000,-65.520000,138.320000)
v(-61.880000,-70.980000,138.320000)
v(-60.060000,-76.440000,138.320000)
v(30.940000,-60.060000,141.960000)
v(45.500000,-76.440000,138.320000)
v(43.680000,-70.980000,138.320000)
v(43.680000,-69.160000,138.320000)
v(41.860000,-72.800000,138.320000)
v(38.220000,-74.620000,138.320000)
v(34.580000,-72.800000,138.320000)
v(32.760000,-69.160000,138.320000)
v(34.580000,-65.520000,138.320000)
v(38.220000,-63.700000,138.320000)
v(41.860000,-65.520000,138.320000)
v(45.500000,-65.520000,138.320000)
v(52.780000,-63.700000,138.320000)
v(60.060000,-65.520000,138.320000)
v(61.880000,-70.980000,138.320000)
v(60.060000,-76.440000,138.320000)
v(29.120000,-70.980000,141.960000)
v(-29.120000,-70.980000,141.960000)
v(-29.120000,-63.700000,141.960000)
v(29.120000,-63.700000,141.960000)
v(0.000000,-98.280000,-187.460000)
v(0.000000,-89.180000,-187.460000)
v(-30.940000,-83.720000,-187.460000)
v(0.000000,-81.900000,-187.460000)
v(-34.580000,-78.260000,-187.460000)
v(30.940000,-83.720000,-187.460000)
v(34.580000,-78.260000,-187.460000)
v(69.160000,-78.260000,-187.460000)
v(60.060000,-76.440000,-189.280000)
v(60.060000,-61.880000,-189.280000)
v(69.160000,-60.060000,-187.460000)
v(-69.160000,-78.260000,-187.460000)
v(-60.060000,-76.440000,-189.280000)
v(-60.060000,-61.880000,-189.280000)
v(-69.160000,-60.060000,-187.460000)
v(72.800000,-98.280000,-182.000000)
v(-72.800000,-98.280000,-182.000000)
v(-45.500000,-69.160000,-105.560000)
v(-45.500000,-69.160000,-152.880000)
v(-45.500000,-49.140000,-169.260000)
v(-45.500000,-49.140000,-89.180000)
v(-45.500000,-69.160000,-160.160000)
v(45.500000,-69.160000,-105.560000)
v(45.500000,-69.160000,-152.880000)
v(45.500000,-49.140000,-169.260000)
v(45.500000,-49.140000,-89.180000)
v(45.500000,-69.160000,-160.160000)
v(-45.500000,-69.160000,114.660000)
v(-45.500000,-69.160000,67.340000)
v(-45.500000,-49.140000,50.960000)
v(-45.500000,-49.140000,131.040000)
v(45.500000,-69.160000,114.660000)
v(45.500000,-69.160000,67.340000)
v(45.500000,-49.140000,50.960000)
v(45.500000,-49.140000,131.040000)
v(-49.140000,-69.160000,67.340000)
v(-49.140000,-69.160000,74.620000)
v(-49.140000,0.000000,94.640000)
v(-49.140000,0.000000,87.360000)
v(-41.860000,-69.160000,67.340000)
v(-41.860000,0.000000,87.360000)
v(-49.140000,-69.160000,107.380000)
v(-49.140000,-69.160000,114.660000)
v(-41.860000,-69.160000,114.660000)
v(-41.860000,0.000000,94.640000)
v(-49.140000,-69.160000,-152.880000)
v(-49.140000,-69.160000,-145.600000)
v(-49.140000,0.000000,-125.580000)
v(-49.140000,0.000000,-132.860000)
v(-41.860000,-69.160000,-152.880000)
v(-41.860000,0.000000,-132.860000)
v(-49.140000,-69.160000,-112.840000)
v(-49.140000,-69.160000,-105.560000)
v(-41.860000,-69.160000,-105.560000)
v(-41.860000,0.000000,-125.580000)
v(49.140000,-69.160000,67.340000)
v(49.140000,-69.160000,74.620000)
v(49.140000,0.000000,94.640000)
v(49.140000,0.000000,87.360000)
v(41.860000,-69.160000,67.340000)
v(41.860000,0.000000,87.360000)
v(49.140000,-69.160000,107.380000)
v(49.140000,-69.160000,114.660000)
v(41.860000,-69.160000,114.660000)
v(41.860000,0.000000,94.640000)
v(49.140000,-69.160000,-152.880000)
v(49.140000,-69.160000,-145.600000)
v(49.140000,0.000000,-125.580000)
v(49.140000,0.000000,-132.860000)
v(41.860000,-69.160000,-152.880000)
v(41.860000,0.000000,-132.860000)
v(49.140000,-69.160000,-112.840000)
v(49.140000,-69.160000,-105.560000)
v(41.860000,-69.160000,-105.560000)
v(41.860000,0.000000,-125.580000)
v(-49.140000,-7.280000,94.640000)
v(-49.140000,-25.480000,0.000000)
v(-49.140000,-7.280000,-132.860000)
v(-49.140000,-18.200000,0.000000)
v(49.140000,-7.280000,94.640000)
v(49.140000,-25.480000,0.000000)
v(49.140000,-7.280000,-132.860000)
v(49.140000,-18.200000,0.000000)
v(-49.140000,-18.200000,100.100000)
v(-49.140000,-25.480000,101.920000)
v(-49.140000,-36.400000,29.120000)
v(-49.140000,-29.120000,21.840000)
v(-49.140000,-18.200000,-138.320000)
v(-49.140000,-25.480000,-140.140000)
v(-49.140000,-36.400000,-38.220000)
v(-49.140000,-29.120000,-29.120000)
v(49.140000,-18.200000,100.100000)
v(49.140000,-25.480000,101.920000)
v(49.140000,-36.400000,29.120000)
v(49.140000,-29.120000,21.840000)
v(49.140000,-18.200000,-138.320000)
v(49.140000,-25.480000,-140.140000)
v(49.140000,-36.400000,-38.220000)
v(49.140000,-29.120000,-29.120000)
v(-49.140000,-49.140000,-54.600000)
v(-49.140000,-49.140000,36.400000)
v(-49.140000,-21.840000,18.200000)
v(-49.140000,-21.840000,-18.200000)
v(49.140000,-49.140000,-54.600000)
v(49.140000,-49.140000,36.400000)
v(49.140000,-21.840000,18.200000)
v(49.140000,-21.840000,-18.200000)
v(-49.140000,-49.140000,0.000000)
v(49.140000,-49.140000,0.000000)
v(49.140000,-21.840000,0.000000)
v(-49.140000,-21.840000,0.000000)
v(-25.480000,-21.840000,18.200000)
v(-25.480000,0.000000,94.640000)
v(25.480000,-21.840000,18.200000)
v(25.480000,0.000000,94.640000)
v(-25.480000,-21.840000,-18.200000)
v(-25.480000,0.000000,-132.860000)
v(25.480000,-21.840000,-18.200000)
v(25.480000,0.000000,-132.860000)

<p>
c(162,171,29)
outline()
n(0.919604,0.370145,-0.131607)
p(3,0,1,2)
t(1,0,2)
</p>

<p>
c(162,171,29)
outline()
n(-0.907438,-0.191840,0.373836)
p(6,2,1,3,4,5,6)
t(5,6,2)
t(2,1,3)
t(4,5,2)
t(2,3,4)
</p>

<p>
c(162,171,29)
outline()
n(1.000000,0.000000,0.000000)
p(4,7,8,9,10)
t(8,7,10)
t(10,9,8)
</p>

<p>
c(255,255,31)
outline()
n(0.948683,0.316228,0.000000)
p(4,0,9,11,12)
t(9,0,12)
t(12,11,9)
</p>

<p>
c(217,200,50)
outline()
n(1.000000,0.000000,0.000000)
p(7,13,14,15,16,17,18,19)
t(13,14,15)
t(17,18,19)
t(13,15,16)
t(16,17,19)
t(19,13,16)
</p>

<p>
c(255,255,31)
outline()
n(1.000000,0.000000,0.000000)
p(9,14,7,10,9,0,2,18,19,13)
t(7,14,13)
t(19,18,2)
t(2,0,9)
t(10,7,13)
t(19,2,9)
t(9,10,13)
t(13,19,9)
</p>

<p>
c(162,171,29)
outline()
n(1.000000,0.000000,0.000000)
p(8,8,20,21,22,23,24,25,7)
t(25,7,8)
t(20,21,22)
t(24,25,8)
t(20,22,23)
t(24,8,20)
t(20,23,24)
</p>

<p>
c(255,255,31)
outline()
n(1.000000,0.000000,0.000000)
p(8,14,7,25,24,23,26,27,28)
t(28,14,7)
t(24,23,26)
t(28,7,25)
t(24,26,27)
t(27,28,25)
t(25,24,27)
</p>

<p>
c(217,200,50)
outline()
n(1.000000,0.000000,0.000000)
p(7,28,14,15,29,30,23,27)
t(27,23,30)
t(29,15,14)
t(28,27,30)
t(29,14,28)
t(28,30,29)
</p>

<p>
c(162,171,29)
outline()
n(-0.948683,-0.316228,0.000000)
p(4,31,8,32,33)
t(8,31,33)
t(33,32,8)
</p>

<p>
glass()
outline()
n(-0.948683,-0.316228,-0.000000)
p(4,11,9,32,33)
t(32,33,11)
t(11,9,32)
</p>

<p>
c(80,80,80)
outline()
n(0.915073,0.351015,-0.198568)
p(4,34,35,36,37)
t(35,34,37)
t(37,36,35)
</p>

<p>
c(80,80,80)
outline()
n(-0.381556,0.735490,0.559883)
p(4,34,38,39,37)
t(39,37,34)
t(34,38,39)
</p>

<p>
c(162,171,29)
outline()
n(0.000000,1.000000,0.000000)
p(4,40,8,41,39)
t(8,40,39)
t(39,41,8)
</p>

<p>
c(162,171,29)
outline()
n(0.000000,1.000000,0.000000)
p(4,42,20,41,39)
t(41,39,42)
t(42,20,41)
</p>

<p>
c(162,171,29)
outline()
n(-0.919604,0.370145,-0.131607)
p(3,43,44,45)
t(44,45,43)
</p>

<p>
c(162,171,29)
outline()
n(-0.907438,0.191840,-0.373836)
p(6,45,44,46,47,48,49)
t(48,49,45)
t(45,44,46)
t(47,48,45)
t(45,46,47)
</p>

<p>
c(162,171,29)
outline()
n(1.000000,0.000000,0.000000)
p(4,50,51,52,53)
t(51,50,53)
t(53,52,51)
</p>

<p>
c(255,255,31)
outline()
n(-0.948683,0.316228,0.000000)
p(4,43,52,54,55)
t(54,55,43)
t(43,52,54)
</p>

<p>
c(217,200,50)
outline()
n(1.000000,0.000000,0.000000)
p(7,56,57,58,59,60,61,62)
t(56,57,58)
t(60,61,62)
t(56,58,59)
t(59,60,62)
t(62,56,59)
</p>

<p>
c(255,255,31)
outline()
n(1.000000,0.000000,0.000000)
p(9,57,50,53,52,43,45,61,62,56)
t(50,57,56)
t(62,61,45)
t(45,43,52)
t(53,50,56)
t(62,45,52)
t(52,53,56)
t(56,62,52)
</p>

<p>
c(162,171,29)
outline()
n(1.000000,0.000000,0.000000)
p(8,51,63,64,65,66,67,68,50)
t(68,50,51)
t(63,64,65)
t(67,68,51)
t(63,65,66)
t(67,51,63)
t(63,66,67)
</p>

<p>
c(255,255,31)
outline()
n(1.000000,0.000000,0.000000)
p(8,57,50,68,67,66,69,70,71)
t(71,57,50)
t(67,66,69)
t(71,50,68)
t(67,69,70)
t(70,71,68)
t(68,67,70)
</p>

<p>
c(217,200,50)
outline()
n(1.000000,0.000000,0.000000)
p(7,71,57,58,72,73,66,70)
t(70,66,73)
t(72,58,57)
t(71,70,73)
t(72,57,71)
t(71,73,72)
</p>

<p>
c(162,171,29)
outline()
n(-0.948683,0.316228,0.000000)
p(4,74,51,75,76)
t(51,74,76)
t(76,75,51)
</p>

<p>
glass()
outline()
n(-0.948683,0.316228,0.000000)
p(4,54,52,75,76)
t(75,76,54)
t(54,52,75)
</p>

<p>
c(80,80,80)
outline()
n(-0.915073,0.351015,-0.198568)
p(4,77,78,79,80)
t(79,80,77)
t(77,78,79)
</p>

<p>
c(80,80,80)
outline()
n(0.381556,0.735490,0.559883)
p(4,77,81,82,80)
t(81,77,80)
t(80,82,81)
</p>

<p>
c(162,171,29)
outline()
n(0.000000,1.000000,0.000000)
p(4,83,51,84,82)
t(84,82,83)
t(83,51,84)
</p>

<p>
c(162,171,29)
outline()
n(0.000000,1.000000,0.000000)
p(4,85,63,84,82)
t(63,85,82)
t(82,84,63)
</p>

<p>
c(255,255,31)
outline()
n(0.322437,-0.944461,0.063472)
p(3,0,86,1)
t(86,1,0)
</p>

<p>
c(255,255,31)
outline()
n(-0.322437,-0.944461,0.063472)
p(3,43,87,44)
t(87,43,44)
</p>

<p>
c(255,255,31)
outline()
n(-0.084682,-0.871017,0.483899)
p(3,87,44,46)
t(44,46,87)
</p>

<p>
c(255,255,31)
outline()
n(-0.084682,0.871017,-0.483899)
p(3,86,1,3)
t(1,3,86)
</p>

<p>
c(162,171,29)
outline()
n(-0.012543,-0.988046,0.153651)
p(4,88,0,86,89)
t(0,88,89)
t(89,86,0)
</p>

<p>
c(217,200,50)
outline()
n(-0.019505,-0.986730,0.161192)
p(4,90,88,89,91)
t(88,90,91)
t(91,89,88)
</p>

<p>
c(162,171,29)
outline()
n(0.012543,-0.988046,0.153651)
p(4,92,43,87,93)
t(87,93,92)
t(92,43,87)
</p>

<p>
c(217,200,50)
outline()
n(0.019505,-0.986730,0.161192)
p(4,94,92,93,95)
t(93,95,94)
t(94,92,93)
</p>

<p>
c(162,171,29)
outline()
n(-0.000000,-0.986933,0.161132)
p(4,94,95,91,90)
t(91,90,94)
t(94,95,91)
</p>

<p>
glass()
outline()
n(0.005201,-0.767462,0.641074)
p(10,96,97,98,88,90,94,92,99,100,101)
t(101,100,99)
t(99,92,94)
t(94,90,88)
t(88,98,97)
t(96,101,99)
t(99,94,88)
t(88,97,96)
t(96,99,88)
</p>

<p>
c(162,171,29)
outline()
n(-0.198142,-0.779358,0.594425)
p(4,12,97,98,0)
t(98,0,12)
t(12,97,98)
</p>

<p>
c(162,171,29)
outline()
n(0.198142,-0.779358,0.594425)
p(4,55,102,103,43)
t(102,55,43)
t(43,103,102)
</p>

<p>
c(162,171,29)
outline()
n(0.000000,0.970803,-0.239877)
p(10,104,12,97,96,101,102,55,105,106,107)
t(107,104,12)
t(12,97,96)
t(96,101,102)
t(102,55,105)
t(107,12,96)
t(102,105,106)
t(106,107,96)
t(96,102,106)
</p>

<p>
c(162,171,29)
outline()
n(-0.707107,-0.707107,0.000000)
p(6,108,31,33,11,12,104)
t(31,108,104)
t(104,12,11)
t(11,33,31)
t(31,104,11)
</p>

<p>
c(162,171,29)
outline()
n(-0.707107,0.707107,-0.000000)
p(6,109,74,76,54,55,105)
t(74,109,105)
t(105,55,54)
t(76,74,105)
t(105,54,76)
</p>

<p>
c(162,171,29)
outline()
n(0.000000,0.000000,1.000000)
p(4,109,74,31,108)
t(31,108,109)
t(109,74,31)
</p>

<p>
c(162,171,29)
outline()
n(0.000000,1.000000,0.000000)
p(6,108,104,107,106,105,109)
t(105,109,108)
t(108,104,107)
t(107,106,105)
t(105,108,107)
</p>

<p>
c(162,171,29)
outline()
n(0.000000,0.759257,-0.650791)
p(4,95,110,111,91)
t(110,95,91)
t(91,111,110)
</p>

<p>
c(162,171,29)
outline()
n(0.074392,-0.837378,0.541539)
p(4,112,89,86,3)
t(89,112,3)
t(3,86,89)
</p>

<p>
c(217,200,50)
outline()
n(0.046511,-0.759914,0.648358)
p(4,89,112,111,91)
t(112,89,91)
t(91,111,112)
</p>

<p>
c(162,171,29)
outline()
n(-0.074392,-0.837378,0.541539)
p(4,113,93,87,46)
t(87,46,113)
t(113,93,87)
</p>

<p>
c(217,200,50)
outline()
n(-0.046511,-0.759914,0.648358)
p(4,93,113,110,95)
t(110,95,93)
t(93,113,110)
</p>

<p>
c(100,100,100)
outline()
n(-0.041501,-0.021558,0.998906)
p(23,3,4,114,111,112,115,116,117,118,119,120,121,122,123,124,117,116,125,126,127,128,129,112)
t(125,117,124)
t(118,117,125)
t(128,4,3)
t(4,128,127)
t(126,125,124)
t(118,125,116)
t(129,128,3)
t(4,127,126)
t(126,124,123)
t(118,116,115)
t(112,129,3)
t(114,4,126)
t(119,118,115)
t(114,126,123)
t(114,123,122)
t(111,114,122)
t(111,122,121)
t(111,121,120)
t(111,120,119)
</p>

<p>
c(255,255,255)
light()
outline()
n(0.000000,0.000000,1.000000)
p(8,112,129,128,127,126,125,116,115)
t(129,112,115)
t(115,116,125)
t(125,126,127)
t(127,128,129)
t(129,115,125)
t(125,127,129)
</p>

<p>
c(255,255,255)
light()
outline()
n(0.000000,0.000000,1.000000)
p(8,119,120,121,122,123,124,117,118)
t(117,118,119)
t(119,120,121)
t(121,122,123)
t(123,124,117)
t(117,119,121)
t(121,123,117)
</p>

<p>
c(100,100,100)
outline()
n(0.041501,-0.021558,0.998906)
p(23,46,47,130,110,113,131,132,133,134,135,136,137,138,139,140,133,132,141,142,143,144,145,113)
t(130,110,137)
t(131,132,134)
t(136,137,110)
t(130,137,138)
t(133,134,132)
t(131,134,135)
t(135,136,110)
t(130,138,139)
t(133,132,141)
t(130,139,140)
t(140,133,141)
t(130,140,141)
t(130,141,142)
t(47,130,142)
t(47,142,143)
t(47,143,144)
t(46,47,144)
t(46,144,145)
t(46,145,113)
</p>

<p>
c(255,255,255)
light()
outline()
n(0.000000,0.000000,1.000000)
p(8,113,145,144,143,142,141,132,131)
t(132,131,113)
t(113,145,144)
t(144,143,142)
t(142,141,132)
t(132,113,144)
t(144,142,132)
</p>

<p>
c(255,255,255)
light()
outline()
n(0.000000,0.000000,1.000000)
p(8,135,136,137,138,139,140,133,134)
t(136,135,134)
t(134,133,140)
t(140,139,138)
t(138,137,136)
t(136,134,140)
t(140,138,136)
</p>

<p>
c(170,170,170)
outline()
n(0.000000,0.000000,1.000000)
p(10,111,114,130,110,146,147,148,149,146,110)
t(111,147,148)
t(146,147,111)
t(114,111,148)
t(146,111,110)
t(130,114,148)
t(149,146,110)
t(130,148,149)
t(149,110,130)
</p>

<p>
c(70,70,70)
outline()
n(0.000000,0.000000,1.000000)
p(4,146,147,148,149)
t(147,146,149)
t(149,148,147)
</p>

<p>
c(162,171,29)
outline()
n(0.000000,0.060884,-0.998145)
p(6,5,4,114,130,47,48)
t(48,47,130)
t(114,4,5)
t(5,48,130)
t(130,114,5)
</p>

<p>
c(162,171,29)
outline()
n(0.000000,-0.000000,1.000000)
p(6,74,31,8,7,50,51)
t(31,74,51)
t(51,50,7)
t(7,8,31)
t(31,51,7)
</p>

<p>
c(217,200,50)
outline()
n(0.000000,0.000000,1.000000)
p(4,150,151,152,20)
t(152,20,150)
t(150,151,152)
</p>

<p>
c(255,255,31)
outline()
n(0.000000,0.000000,1.000000)
p(5,151,153,154,20,152)
t(152,151,153)
t(154,20,152)
t(152,153,154)
</p>

<p>
c(217,200,50)
outline()
n(0.000000,0.000000,1.000000)
p(4,150,151,155,63)
t(151,150,63)
t(63,155,151)
</p>

<p>
c(255,255,31)
outline()
n(0.000000,0.000000,1.000000)
p(5,151,153,156,63,155)
t(153,151,155)
t(155,63,156)
t(156,153,155)
</p>

<p>
c(162,171,29)
outline()
n(-0.000000,0.010959,0.999940)
p(19,20,21,64,63,157,158,159,160,157,63,156,153,154,20,161,162,163,164,161)
t(163,162,158)
t(157,158,162)
t(162,161,20)
t(154,153,156)
t(21,20,161)
t(164,163,158)
t(162,20,154)
t(21,161,164)
t(164,158,159)
t(162,154,156)
t(64,21,164)
t(164,159,160)
t(157,162,156)
t(64,164,160)
t(157,156,63)
t(63,64,160)
t(160,157,63)
</p>

<p>
c(200,60,60)
light()
outline()
n(-0.196116,-0.000000,-0.980581)
p(4,161,162,163,164)
t(162,161,164)
t(164,163,162)
</p>

<p>
c(200,60,60)
light()
outline()
n(0.196116,-0.000000,-0.980581)
p(4,157,158,159,160)
t(159,160,157)
t(157,158,159)
</p>

<p>
c(162,171,29)
outline()
n(0.000000,1.000000,0.000000)
p(4,63,165,166,20)
t(165,63,20)
t(20,166,165)
</p>

<p>
c(150,150,150)
outline()
n(0.000000,1.000000,0.000000)
p(4,23,30,167,168)
t(167,168,23)
t(23,30,167)
</p>

<p>
c(150,150,150)
outline()
n(0.000000,-0.633238,-0.773957)
p(4,23,22,169,168)
t(169,168,23)
t(23,22,169)
</p>

<p>
c(150,150,150)
outline()
n(0.000000,0.633238,-0.773957)
p(4,30,29,170,167)
t(170,167,30)
t(30,29,170)
</p>

<p>
c(150,150,150)
outline()
n(1.000000,0.000000,0.000000)
p(4,171,169,170,167)
t(170,167,171)
t(171,169,170)
</p>

<p>
c(150,150,150)
outline()
n(0.000000,1.000000,0.000000)
p(4,66,73,172,173)
t(73,66,173)
t(173,172,73)
</p>

<p>
c(150,150,150)
outline()
n(0.000000,-0.633238,-0.773957)
p(4,66,65,174,173)
t(65,66,173)
t(173,174,65)
</p>

<p>
c(150,150,150)
outline()
n(0.000000,0.633238,-0.773957)
p(4,73,72,175,172)
t(72,73,172)
t(172,175,72)
</p>

<p>
c(150,150,150)
outline()
n(1.000000,0.000000,0.000000)
p(4,176,174,175,172)
t(175,172,176)
t(176,174,175)
</p>

<p>
c(150,150,150)
outline()
n(0.000000,1.000000,0.000000)
p(4,174,175,170,169)
t(175,174,169)
t(169,170,175)
</p>

<p>
c(150,150,150)
outline()
n(0.000000,1.000000,0.000000)
p(4,58,72,29,15)
t(29,15,58)
t(58,72,29)
</p>

<p>
c(150,150,150)
outline()
n(0.000000,1.000000,0.000000)
p(4,65,64,21,22)
t(21,22,65)
t(65,64,21)
</p>

<p>
c(150,150,150)
outline()
n(0.000000,1.000000,0.000000)
p(4,17,2,177,178)
t(177,178,17)
t(17,2,177)
</p>

<p>
c(150,150,150)
outline()
n(0.000000,-0.633238,-0.773957)
p(4,17,16,179,178)
t(179,178,17)
t(17,16,179)
</p>

<p>
c(150,150,150)
outline()
n(0.000000,0.633238,-0.773957)
p(4,2,6,180,177)
t(180,177,2)
t(2,6,180)
</p>

<p>
c(150,150,150)
outline()
n(1.000000,0.000000,0.000000)
p(4,178,179,180,177)
t(180,177,178)
t(178,179,180)
</p>

<p>
c(150,150,150)
outline()
n(0.000000,1.000000,0.000000)
p(4,60,45,181,182)
t(45,60,182)
t(182,181,45)
</p>

<p>
c(150,150,150)
outline()
n(0.000000,-0.633238,-0.773957)
p(4,60,59,183,182)
t(59,60,182)
t(182,183,59)
</p>

<p>
c(150,150,150)
outline()
n(0.000000,0.633238,-0.773957)
p(4,45,49,184,181)
t(49,45,181)
t(181,184,49)
</p>

<p>
c(150,150,150)
outline()
n(1.000000,0.000000,0.000000)
p(4,182,183,184,181)
t(184,181,182)
t(182,183,184)
</p>

<p>
c(150,150,150)
outline()
n(0.000000,1.000000,0.000000)
p(4,59,16,15,58)
t(16,59,58)
t(58,15,16)
</p>

<p>
c(150,150,150)
outline()
n(0.000000,1.000000,0.000000)
p(4,49,48,5,6)
t(48,49,6)
t(6,5,48)
</p>

<p>
c(150,150,150)
outline()
c(150,150,150)
n(0.000000,1.000000,0.000000)
p(8,184,183,179,180,184,183,179,180)
t(179,180,184)
t(184,183,179)
</p>

<p>
c(150,150,150)
outline()
n(1.000000,0.000000,0.000000)
p(4,185,186,187,188)
t(186,185,188)
t(188,187,186)
</p>

<p>
c(150,150,150)
outline()
n(0.000000,0.278058,-0.960564)
p(4,185,189,190,188)
t(189,185,188)
t(188,190,189)
</p>

<p>
c(150,150,150)
outline()
n(1.000000,0.000000,0.000000)
p(4,191,192,187,188)
t(192,191,188)
t(188,187,192)
</p>

<p>
c(150,150,150)
outline()
n(0.000000,-0.278058,-0.960564)
p(4,192,193,194,187)
t(193,192,187)
t(187,194,193)
</p>

<p>
c(150,150,150)
outline()
n(1.000000,0.000000,0.000000)
p(4,195,196,197,198)
t(196,195,198)
t(198,197,196)
</p>

<p>
c(150,150,150)
outline()
n(0.000000,0.278058,-0.960564)
p(4,195,199,200,198)
t(199,195,198)
t(198,200,199)
</p>

<p>
c(150,150,150)
outline()
n(1.000000,0.000000,0.000000)
p(4,201,202,197,198)
t(202,201,198)
t(198,197,202)
</p>

<p>
c(150,150,150)
outline()
n(0.000000,-0.278058,-0.960564)
p(4,202,203,204,197)
t(203,202,197)
t(197,204,203)
</p>

<p>
c(150,150,150)
outline()
n(1.000000,0.000000,0.000000)
p(4,205,206,207,208)
t(206,205,208)
t(208,207,206)
</p>

<p>
c(150,150,150)
outline()
n(0.000000,0.278058,-0.960564)
p(4,205,209,210,208)
t(210,208,205)
t(205,209,210)
</p>

<p>
c(150,150,150)
outline()
n(1.000000,0.000000,0.000000)
p(4,211,212,207,208)
t(212,211,208)
t(208,207,212)
</p>

<p>
c(150,150,150)
outline()
n(0.000000,-0.278058,-0.960564)
p(4,212,213,214,207)
t(214,207,212)
t(212,213,214)
</p>

<p>
c(150,150,150)
outline()
n(1.000000,0.000000,0.000000)
p(4,215,216,217,218)
t(216,215,218)
t(218,217,216)
</p>

<p>
c(150,150,150)
outline()
n(0.000000,0.278058,-0.960564)
p(4,215,219,220,218)
t(220,218,215)
t(215,219,220)
</p>

<p>
c(150,150,150)
outline()
n(1.000000,0.000000,0.000000)
p(4,221,222,217,218)
t(222,221,218)
t(218,217,222)
</p>

<p>
c(150,150,150)
outline()
n(0.000000,-0.278058,-0.960564)
p(4,222,223,224,217)
t(224,217,222)
t(222,223,224)
</p>

<p>
c(150,150,150)
outline()
n(1.000000,0.000000,0.000000)
p(6,187,225,226,227,198,228)
t(228,187,225)
t(226,227,198)
t(228,225,226)
t(226,198,228)
</p>

<p>
c(150,150,150)
outline()
n(1.000000,0.000000,0.000000)
p(6,207,229,230,231,218,232)
t(232,207,229)
t(230,231,218)
t(232,229,230)
t(230,218,232)
</p>

<p>
c(150,150,150)
outline()
n(1.000000,0.000000,0.000000)
p(4,233,234,235,236)
t(235,236,233)
t(233,234,235)
</p>

<p>
c(150,150,150)
outline()
n(1.000000,0.000000,0.000000)
p(4,237,238,239,240)
t(238,237,240)
t(240,239,238)
</p>

<p>
c(150,150,150)
outline()
n(1.000000,0.000000,0.000000)
p(4,241,242,243,244)
t(243,244,241)
t(241,242,243)
</p>

<p>
c(150,150,150)
outline()
n(1.000000,0.000000,0.000000)
p(4,245,246,247,248)
t(246,245,248)
t(248,247,246)
</p>

<p>
c(150,150,150)
outline()
n(0.000000,-0.242536,-0.970143)
p(4,233,234,242,241)
t(234,233,241)
t(241,242,234)
</p>

<p>
c(150,150,150)
outline()
n(0.000000,0.242536,-0.970143)
p(4,237,238,246,245)
t(238,237,245)
t(245,246,238)
</p>

<p>
c(150,150,150)
outline()
n(1.000000,0.000000,0.000000)
p(4,249,250,251,252)
t(250,249,252)
t(252,251,250)
</p>

<p>
c(150,150,150)
outline()
n(1.000000,0.000000,0.000000)
p(4,253,254,255,256)
t(254,253,256)
t(256,255,254)
</p>

<p>
c(150,150,150)
outline()
n(0.000000,0.000000,1.000000)
p(4,257,258,259,260)
t(259,260,257)
t(257,258,259)
</p>

<p>
c(150,150,150)
outline()
n(0.000000,1.000000,0.000000)
p(4,251,252,256,255)
t(252,251,255)
t(255,256,252)
</p>

<p>
c(150,150,150)
outline()
n(0.000000,0.961524,-0.274721)
p(4,187,251,261,262)
t(251,187,262)
t(262,261,251)
</p>

<p>
c(150,150,150)
outline()
n(0.000000,0.961524,-0.274721)
p(4,207,255,263,264)
t(263,264,207)
t(207,255,263)
</p>

<p>
c(150,150,150)
outline()
n(0.000000,0.982339,0.187112)
p(4,198,252,265,266)
t(265,266,198)
t(198,252,265)
</p>

<p>
c(150,150,150)
outline()
n(0.000000,0.982339,0.187112)
p(4,218,256,267,268)
t(256,218,268)
t(268,267,256)
</p>

<p>
c(150,150,150)
outline()
n(0.000000,0.000000,1.000000)
p(4,207,229,225,187)
t(229,207,187)
t(187,225,229)
</p>

<p>
c(150,150,150)
outline()
n(0.000000,0.000000,1.000000)
p(4,218,231,227,198)
t(231,218,198)
t(198,227,231)
</p>

