v(-210.000000,0.000000,-363.300000)
v(210.000000,0.000000,-363.300000)
v(210.000000,-147.000000,0.000000)
v(-210.000000,-147.000000,0.000000)
v(-210.000000,-293.300000,363.300000)
v(210.000000,-293.300000,363.300000)
v(-245.000000,0.000000,0.000000)
v(-245.000000,0.000000,-105.000000)
v(-245.000000,0.000000,363.300000)
v(245.000000,0.000000,0.000000)
v(245.000000,0.000000,-105.000000)
v(245.000000,0.000000,363.300000)

<p>
c(135,135,135)
n(0.000000,0.926991,0.375083)
p(4,0,1,2,3)
t(1,0,3)
t(3,2,1)
</p>

<p>
c(135,135,135)
n(0.000000,0.927611,0.373547)
p(4,4,5,2,3)
t(2,3,4)
t(4,5,2)
</p>

<p>
c(150,150,150)
n(-0.972806,-0.231621,0.000000)
p(3,6,3,7)
t(3,6,7)
</p>

<p>
c(150,150,150)
n(-0.940510,-0.314960,-0.127440)
p(3,3,0,7)
t(0,3,7)
</p>

<p>
c(150,150,150)
n(-0.989454,-0.141993,-0.028616)
p(4,8,4,3,6)
t(4,8,6)
t(6,3,4)
</p>

<p>
c(150,150,150)
n(0.972806,-0.231621,0.000000)
p(3,9,2,10)
t(2,10,9)
</p>

<p>
c(150,150,150)
n(-0.940510,0.314960,0.127440)
p(3,2,1,10)
t(1,2,10)
</p>

<p>
c(150,150,150)
n(-0.989454,0.141993,0.028616)
p(4,11,5,2,9)
t(5,11,9)
t(9,2,5)
</p>

<p>
c(150,150,150)
n(0.000000,0.000000,1.000000)
p(4,8,11,5,4)
t(11,8,4)
t(4,5,11)
</p>

