v(-500.000000,0.000000,-200.000000)
v(-500.000000,-100.000000,-200.000000)
v(0.000000,-100.000000,-200.000000)
v(500.000000,-100.000000,-200.000000)
v(500.000000,0.000000,-200.000000)
v(-500.000000,0.000000,200.000000)
v(-500.000000,-100.000000,200.000000)
v(0.000000,-100.000000,200.000000)
v(500.000000,-100.000000,200.000000)
v(500.000000,0.000000,200.000000)
v(0.000000,-270.000000,-50.000000)
v(-125.000000,-270.000000,-50.000000)
v(125.000000,-270.000000,-50.000000)
v(0.000000,-270.000000,50.000000)
v(-125.000000,-270.000000,50.000000)
v(125.000000,-270.000000,50.000000)
v(125.000000,-860.000000,-50.000000)
v(-125.000000,-860.000000,-50.000000)
v(125.000000,-860.000000,50.000000)
v(-125.000000,-860.000000,50.000000)
v(-25.000000,-860.000000,-25.000000)
v(-25.000000,-860.000000,25.000000)
v(25.000000,-860.000000,25.000000)
v(25.000000,-860.000000,-25.000000)
v(25.000000,-1560.000000,-25.000000)
v(-25.000000,-1560.000000,-25.000000)
v(25.000000,-1560.000000,25.000000)
v(-25.000000,-1560.000000,25.000000)
v(25.000000,-2260.000000,-25.000000)
v(-25.000000,-2260.000000,-25.000000)
v(25.000000,-2260.000000,25.000000)
v(-25.000000,-2260.000000,25.000000)
v(25.000000,-2960.000000,-25.000000)
v(-25.000000,-2960.000000,-25.000000)
v(25.000000,-2960.000000,25.000000)
v(-25.000000,-2960.000000,25.000000)
v(-725.000000,-860.000000,-25.000000)
v(-725.000000,-910.000000,-25.000000)
v(-25.000000,-910.000000,-25.000000)
v(-725.000000,-860.000000,25.000000)
v(-725.000000,-910.000000,25.000000)
v(-25.000000,-910.000000,25.000000)
v(-725.000000,-1560.000000,-25.000000)
v(-725.000000,-1610.000000,-25.000000)
v(-25.000000,-1610.000000,-25.000000)
v(-725.000000,-1560.000000,25.000000)
v(-725.000000,-1610.000000,25.000000)
v(-25.000000,-1610.000000,25.000000)
v(-725.000000,-2260.000000,-25.000000)
v(-725.000000,-2310.000000,-25.000000)
v(-25.000000,-2310.000000,-25.000000)
v(-725.000000,-2260.000000,25.000000)
v(-725.000000,-2310.000000,25.000000)
v(-25.000000,-2310.000000,25.000000)
v(-675.000000,-860.000000,-25.000000)
v(-675.000000,-1560.000000,-25.000000)
v(-675.000000,-860.000000,25.000000)
v(-675.000000,-1560.000000,25.000000)
v(-675.000000,-2260.000000,-25.000000)
v(-675.000000,-2260.000000,25.000000)
v(-675.000000,-2960.000000,-25.000000)
v(-725.000000,-2960.000000,-25.000000)
v(-675.000000,-2960.000000,25.000000)
v(-725.000000,-2960.000000,25.000000)
v(-1425.000000,-860.000000,-25.000000)
v(-1425.000000,-910.000000,-25.000000)
v(-1425.000000,-860.000000,25.000000)
v(-1425.000000,-910.000000,25.000000)
v(-1425.000000,-1560.000000,-25.000000)
v(-1425.000000,-1610.000000,-25.000000)
v(-1425.000000,-1560.000000,25.000000)
v(-1425.000000,-1610.000000,25.000000)
v(-1425.000000,-2260.000000,-25.000000)
v(-1425.000000,-2310.000000,-25.000000)
v(-1425.000000,-2260.000000,25.000000)
v(-1425.000000,-2310.000000,25.000000)
v(-1475.000000,-860.000000,-25.000000)
v(-1475.000000,-1560.000000,-25.000000)
v(-1475.000000,-860.000000,25.000000)
v(-1475.000000,-1560.000000,25.000000)
v(-1475.000000,-2260.000000,-25.000000)
v(-1475.000000,-2260.000000,25.000000)
v(-1425.000000,-2960.000000,-25.000000)
v(-1475.000000,-2960.000000,-25.000000)
v(-1425.000000,-2960.000000,25.000000)
v(-1475.000000,-2960.000000,25.000000)
v(-2175.000000,-860.000000,-25.000000)
v(-2175.000000,-910.000000,-25.000000)
v(-1475.000000,-910.000000,-25.000000)
v(-2175.000000,-860.000000,25.000000)
v(-2175.000000,-910.000000,25.000000)
v(-1475.000000,-910.000000,25.000000)
v(-2175.000000,-1560.000000,-25.000000)
v(-2175.000000,-1610.000000,-25.000000)
v(-1475.000000,-1610.000000,-25.000000)
v(-2175.000000,-1560.000000,25.000000)
v(-2175.000000,-1610.000000,25.000000)
v(-1475.000000,-1610.000000,25.000000)
v(-2175.000000,-2260.000000,-25.000000)
v(-2175.000000,-2310.000000,-25.000000)
v(-1475.000000,-2310.000000,-25.000000)
v(-2175.000000,-2260.000000,25.000000)
v(-2175.000000,-2310.000000,25.000000)
v(-1475.000000,-2310.000000,25.000000)
v(725.000000,-860.000000,-25.000000)
v(725.000000,-910.000000,-25.000000)
v(25.000000,-910.000000,-25.000000)
v(725.000000,-860.000000,25.000000)
v(725.000000,-910.000000,25.000000)
v(25.000000,-910.000000,25.000000)
v(725.000000,-1560.000000,-25.000000)
v(725.000000,-1610.000000,-25.000000)
v(25.000000,-1610.000000,-25.000000)
v(725.000000,-1560.000000,25.000000)
v(725.000000,-1610.000000,25.000000)
v(25.000000,-1610.000000,25.000000)
v(725.000000,-2260.000000,-25.000000)
v(725.000000,-2310.000000,-25.000000)
v(25.000000,-2310.000000,-25.000000)
v(725.000000,-2260.000000,25.000000)
v(725.000000,-2310.000000,25.000000)
v(25.000000,-2310.000000,25.000000)
v(675.000000,-860.000000,-25.000000)
v(675.000000,-1560.000000,-25.000000)
v(675.000000,-860.000000,25.000000)
v(675.000000,-1560.000000,25.000000)
v(675.000000,-2260.000000,-25.000000)
v(675.000000,-2260.000000,25.000000)
v(675.000000,-2960.000000,-25.000000)
v(725.000000,-2960.000000,-25.000000)
v(675.000000,-2960.000000,25.000000)
v(725.000000,-2960.000000,25.000000)
v(1425.000000,-860.000000,-25.000000)
v(1425.000000,-910.000000,-25.000000)
v(1425.000000,-860.000000,25.000000)
v(1425.000000,-910.000000,25.000000)
v(1425.000000,-1560.000000,-25.000000)
v(1425.000000,-1610.000000,-25.000000)
v(1425.000000,-1560.000000,25.000000)
v(1425.000000,-1610.000000,25.000000)
v(1425.000000,-2260.000000,-25.000000)
v(1425.000000,-2310.000000,-25.000000)
v(1425.000000,-2260.000000,25.000000)
v(1425.000000,-2310.000000,25.000000)
v(1475.000000,-860.000000,-25.000000)
v(1475.000000,-1560.000000,-25.000000)
v(1475.000000,-860.000000,25.000000)
v(1475.000000,-1560.000000,25.000000)
v(1475.000000,-2260.000000,-25.000000)
v(1475.000000,-2260.000000,25.000000)
v(1425.000000,-2960.000000,-25.000000)
v(1475.000000,-2960.000000,-25.000000)
v(1425.000000,-2960.000000,25.000000)
v(1475.000000,-2960.000000,25.000000)
v(2175.000000,-860.000000,-25.000000)
v(2175.000000,-910.000000,-25.000000)
v(1475.000000,-910.000000,-25.000000)
v(2175.000000,-860.000000,25.000000)
v(2175.000000,-910.000000,25.000000)
v(1475.000000,-910.000000,25.000000)
v(2175.000000,-1560.000000,-25.000000)
v(2175.000000,-1610.000000,-25.000000)
v(1475.000000,-1610.000000,-25.000000)
v(2175.000000,-1560.000000,25.000000)
v(2175.000000,-1610.000000,25.000000)
v(1475.000000,-1610.000000,25.000000)
v(2175.000000,-2260.000000,-25.000000)
v(2175.000000,-2310.000000,-25.000000)
v(1475.000000,-2310.000000,-25.000000)
v(2175.000000,-2260.000000,25.000000)
v(2175.000000,-2310.000000,25.000000)
v(1475.000000,-2310.000000,25.000000)

<p>
c(160,160,160)
n(0.000000,0.000000,1.000000)
C(0.000000,-60.000000,-200.000000)
p(5,0,1,2,3,4)
t(3,4,0)
t(0,1,2)
t(2,3,0)
</p>

<p>
c(160,160,160)
n(0.000000,0.000000,1.000000)
C(0.000000,-60.000000,200.000000)
p(5,5,6,7,8,9)
t(8,9,5)
t(5,6,7)
t(7,8,5)
</p>

<p>
c(160,160,160)
n(1.000000,0.000000,0.000000)
C(-500.000000,-50.000000,0.000000)
p(4,5,6,1,0)
t(1,0,5)
t(5,6,1)
</p>

<p>
c(160,160,160)
n(1.000000,0.000000,0.000000)
C(500.000000,-50.000000,0.000000)
p(4,9,8,3,4)
t(3,4,9)
t(9,8,3)
</p>

<p>
c(160,160,160)
n(0.000000,0.661622,0.749838)
C(-156.250000,-185.000000,-125.000000)
p(4,2,10,11,1)
t(10,2,1)
t(1,11,10)
</p>

<p>
c(160,160,160)
n(-0.000000,0.661622,0.749838)
C(156.250000,-185.000000,-125.000000)
p(4,2,10,12,3)
t(12,3,2)
t(2,10,12)
</p>

<p>
c(160,160,160)
n(-0.000000,-0.661622,0.749838)
C(-156.250000,-185.000000,125.000000)
p(4,7,13,14,6)
t(13,7,6)
t(6,14,13)
</p>

<p>
c(160,160,160)
n(0.000000,-0.661622,0.749838)
C(156.250000,-185.000000,125.000000)
p(4,7,13,15,8)
t(15,8,7)
t(7,13,15)
</p>

<p>
c(130,130,130)
n(-0.412888,0.910782,0.000000)
C(312.500000,-185.000000,0.000000)
p(4,15,12,3,8)
t(12,15,8)
t(8,3,12)
</p>

<p>
c(130,130,130)
n(0.412888,0.910782,0.000000)
C(-312.500000,-185.000000,0.000000)
p(4,14,11,1,6)
t(1,6,14)
t(14,11,1)
</p>

<p>
c(180,180,180)
n(0.000000,0.000000,1.000000)
C(0.000000,-506.000000,-50.000000)
p(5,16,17,11,10,12)
t(17,16,12)
t(10,11,17)
t(17,12,10)
</p>

<p>
c(180,180,180)
n(0.000000,0.000000,1.000000)
C(0.000000,-506.000000,50.000000)
p(5,18,19,14,13,15)
t(19,18,15)
t(13,14,19)
t(19,15,13)
</p>

<p>
c(220,220,220)
n(1.000000,0.000000,0.000000)
C(-125.000000,-565.000000,0.000000)
p(4,17,19,14,11)
t(19,17,11)
t(11,14,19)
</p>

<p>
c(220,220,220)
n(1.000000,0.000000,0.000000)
C(125.000000,-565.000000,0.000000)
p(4,16,18,15,12)
t(18,16,12)
t(12,15,18)
</p>

<p>
c(140,140,140)
n(0.000000,1.000000,0.000000)
C(-15.000000,-860.000000,-7.500000)
p(10,16,18,19,17,20,21,22,23,20,17)
t(17,19,21)
t(22,21,19)
t(17,21,20)
t(22,19,18)
t(16,17,20)
t(23,22,18)
t(16,20,23)
t(23,18,16)
</p>

<p>
c(250,250,250)
n(0.000000,0.000000,1.000000)
C(0.000000,-1210.000000,-25.000000)
p(4,20,23,24,25)
t(23,20,25)
t(25,24,23)
</p>

<p>
c(250,250,250)
n(0.000000,0.000000,1.000000)
C(0.000000,-1210.000000,25.000000)
p(4,21,22,26,27)
t(22,21,27)
t(27,26,22)
</p>

<p>
c(250,250,250)
n(1.000000,0.000000,0.000000)
C(25.000000,-1210.000000,0.000000)
p(4,22,23,24,26)
t(23,22,26)
t(26,24,23)
</p>

<p>
c(250,250,250)
n(1.000000,0.000000,0.000000)
C(-25.000000,-1210.000000,0.000000)
p(4,21,20,25,27)
t(20,21,27)
t(27,25,20)
</p>

<p>
c(250,250,250)
n(0.000000,0.000000,1.000000)
C(0.000000,-1910.000000,-25.000000)
p(4,25,24,28,29)
t(24,25,29)
t(29,28,24)
</p>

<p>
c(250,250,250)
n(0.000000,0.000000,1.000000)
C(0.000000,-1910.000000,25.000000)
p(4,27,26,30,31)
t(26,27,31)
t(31,30,26)
</p>

<p>
c(250,250,250)
n(1.000000,0.000000,0.000000)
C(25.000000,-1910.000000,0.000000)
p(4,26,24,28,30)
t(24,26,30)
t(30,28,24)
</p>

<p>
c(250,250,250)
n(1.000000,0.000000,0.000000)
C(-25.000000,-1910.000000,0.000000)
p(4,27,25,29,31)
t(25,27,31)
t(31,29,25)
</p>

<p>
c(250,250,250)
n(0.000000,0.000000,1.000000)
C(0.000000,-2610.000000,-25.000000)
p(4,29,28,32,33)
t(28,29,33)
t(33,32,28)
</p>

<p>
c(250,250,250)
n(0.000000,0.000000,1.000000)
C(0.000000,-2610.000000,25.000000)
p(4,31,30,34,35)
t(30,31,35)
t(35,34,30)
</p>

<p>
c(250,250,250)
n(1.000000,0.000000,0.000000)
C(25.000000,-2610.000000,0.000000)
p(4,30,28,32,34)
t(28,30,34)
t(34,32,28)
</p>

<p>
c(250,250,250)
n(1.000000,0.000000,0.000000)
C(-25.000000,-2610.000000,0.000000)
p(4,31,29,33,35)
t(29,31,35)
t(35,33,29)
</p>

<p>
c(250,250,250)
n(0.000000,0.000000,1.000000)
C(-375.000000,-885.000000,-25.000000)
p(4,20,36,37,38)
t(37,38,20)
t(20,36,37)
</p>

<p>
c(250,250,250)
n(0.000000,0.000000,1.000000)
C(-375.000000,-885.000000,25.000000)
p(4,21,39,40,41)
t(40,41,21)
t(21,39,40)
</p>

<p>
c(200,200,200)
n(0.000000,1.000000,0.000000)
C(-375.000000,-910.000000,0.000000)
p(4,38,37,40,41)
t(40,41,38)
t(38,37,40)
</p>

<p>
c(200,200,200)
n(0.000000,1.000000,0.000000)
C(-375.000000,-860.000000,0.000000)
p(4,20,36,39,21)
t(39,21,20)
t(20,36,39)
</p>

<p>
c(250,250,250)
n(0.000000,0.000000,1.000000)
C(-375.000000,-1585.000000,-25.000000)
p(4,25,42,43,44)
t(43,44,25)
t(25,42,43)
</p>

<p>
c(250,250,250)
n(0.000000,0.000000,1.000000)
C(-375.000000,-1585.000000,25.000000)
p(4,27,45,46,47)
t(46,47,27)
t(27,45,46)
</p>

<p>
c(200,200,200)
n(0.000000,1.000000,0.000000)
C(-375.000000,-1610.000000,0.000000)
p(4,44,43,46,47)
t(46,47,44)
t(44,43,46)
</p>

<p>
c(200,200,200)
n(0.000000,1.000000,0.000000)
C(-375.000000,-1560.000000,0.000000)
p(4,25,42,45,27)
t(45,27,25)
t(25,42,45)
</p>

<p>
c(250,250,250)
n(0.000000,0.000000,1.000000)
C(-375.000000,-2285.000000,-25.000000)
p(4,29,48,49,50)
t(49,50,29)
t(29,48,49)
</p>

<p>
c(250,250,250)
n(0.000000,0.000000,1.000000)
C(-375.000000,-2285.000000,25.000000)
p(4,31,51,52,53)
t(52,53,31)
t(31,51,52)
</p>

<p>
c(200,200,200)
n(0.000000,1.000000,0.000000)
C(-375.000000,-2310.000000,0.000000)
p(4,50,49,52,53)
t(52,53,50)
t(50,49,52)
</p>

<p>
c(200,200,200)
n(0.000000,1.000000,0.000000)
C(-375.000000,-2260.000000,0.000000)
p(4,29,48,51,31)
t(51,31,29)
t(29,48,51)
</p>

<p>
c(250,250,250)
n(0.000000,0.000000,1.000000)
C(-700.000000,-1210.000000,-25.000000)
p(4,36,54,55,42)
t(54,36,42)
t(42,55,54)
</p>

<p>
c(250,250,250)
n(0.000000,0.000000,1.000000)
C(-700.000000,-1210.000000,25.000000)
p(4,39,56,57,45)
t(56,39,45)
t(45,57,56)
</p>

<p>
c(250,250,250)
n(1.000000,0.000000,0.000000)
C(-675.000000,-1210.000000,0.000000)
p(4,56,54,55,57)
t(54,56,57)
t(57,55,54)
</p>

<p>
c(250,250,250)
n(1.000000,0.000000,0.000000)
C(-725.000000,-1210.000000,0.000000)
p(4,39,36,42,45)
t(36,39,45)
t(45,42,36)
</p>

<p>
c(250,250,250)
n(0.000000,0.000000,1.000000)
C(-700.000000,-1910.000000,-25.000000)
p(4,42,55,58,48)
t(55,42,48)
t(48,58,55)
</p>

<p>
c(250,250,250)
n(0.000000,0.000000,1.000000)
C(-700.000000,-1910.000000,25.000000)
p(4,45,57,59,51)
t(57,45,51)
t(51,59,57)
</p>

<p>
c(250,250,250)
n(1.000000,0.000000,0.000000)
C(-675.000000,-1910.000000,0.000000)
p(4,57,55,58,59)
t(55,57,59)
t(59,58,55)
</p>

<p>
c(250,250,250)
n(1.000000,0.000000,0.000000)
C(-725.000000,-1910.000000,0.000000)
p(4,45,42,48,51)
t(42,45,51)
t(51,48,42)
</p>

<p>
c(250,250,250)
n(0.000000,0.000000,1.000000)
C(-700.000000,-2610.000000,-25.000000)
p(4,48,58,60,61)
t(58,48,61)
t(61,60,58)
</p>

<p>
c(250,250,250)
n(0.000000,0.000000,1.000000)
C(-700.000000,-2610.000000,25.000000)
p(4,51,59,62,63)
t(59,51,63)
t(63,62,59)
</p>

<p>
c(250,250,250)
n(1.000000,0.000000,0.000000)
C(-675.000000,-2610.000000,0.000000)
p(4,59,58,60,62)
t(58,59,62)
t(62,60,58)
</p>

<p>
c(250,250,250)
n(1.000000,0.000000,0.000000)
C(-725.000000,-2610.000000,0.000000)
p(4,51,48,61,63)
t(48,51,63)
t(63,61,48)
</p>

<p>
c(250,250,250)
n(0.000000,0.000000,1.000000)
C(-1075.000000,-885.000000,-25.000000)
p(4,36,64,65,37)
t(65,37,36)
t(36,64,65)
</p>

<p>
c(250,250,250)
n(0.000000,0.000000,1.000000)
C(-1075.000000,-885.000000,25.000000)
p(4,39,66,67,40)
t(67,40,39)
t(39,66,67)
</p>

<p>
c(200,200,200)
n(0.000000,1.000000,0.000000)
C(-1075.000000,-910.000000,0.000000)
p(4,37,65,67,40)
t(67,40,37)
t(37,65,67)
</p>

<p>
c(200,200,200)
n(0.000000,1.000000,0.000000)
C(-1075.000000,-860.000000,0.000000)
p(4,36,64,66,39)
t(66,39,36)
t(36,64,66)
</p>

<p>
c(250,250,250)
n(0.000000,0.000000,1.000000)
C(-1075.000000,-1585.000000,-25.000000)
p(4,42,68,69,43)
t(69,43,42)
t(42,68,69)
</p>

<p>
c(250,250,250)
n(0.000000,0.000000,1.000000)
C(-1075.000000,-1585.000000,25.000000)
p(4,45,70,71,46)
t(71,46,45)
t(45,70,71)
</p>

<p>
c(200,200,200)
n(0.000000,1.000000,0.000000)
C(-1075.000000,-1610.000000,0.000000)
p(4,43,69,71,46)
t(71,46,43)
t(43,69,71)
</p>

<p>
c(200,200,200)
n(0.000000,1.000000,0.000000)
C(-1075.000000,-1560.000000,0.000000)
p(4,42,68,70,45)
t(70,45,42)
t(42,68,70)
</p>

<p>
c(250,250,250)
n(0.000000,0.000000,1.000000)
C(-1075.000000,-2285.000000,-25.000000)
p(4,48,72,73,49)
t(73,49,48)
t(48,72,73)
</p>

<p>
c(250,250,250)
n(0.000000,0.000000,1.000000)
C(-1075.000000,-2285.000000,25.000000)
p(4,51,74,75,52)
t(75,52,51)
t(51,74,75)
</p>

<p>
c(200,200,200)
n(0.000000,1.000000,0.000000)
C(-1075.000000,-2310.000000,0.000000)
p(4,49,73,75,52)
t(75,52,49)
t(49,73,75)
</p>

<p>
c(200,200,200)
n(0.000000,1.000000,0.000000)
C(-1075.000000,-2260.000000,0.000000)
p(4,48,72,74,51)
t(74,51,48)
t(48,72,74)
</p>

<p>
c(250,250,250)
n(0.000000,0.000000,1.000000)
C(-1450.000000,-1210.000000,-25.000000)
p(4,76,64,68,77)
t(64,76,77)
t(77,68,64)
</p>

<p>
c(250,250,250)
n(0.000000,0.000000,1.000000)
C(-1450.000000,-1210.000000,25.000000)
p(4,78,66,70,79)
t(66,78,79)
t(79,70,66)
</p>

<p>
c(250,250,250)
n(1.000000,0.000000,0.000000)
C(-1425.000000,-1210.000000,0.000000)
p(4,66,64,68,70)
t(64,66,70)
t(70,68,64)
</p>

<p>
c(250,250,250)
n(1.000000,0.000000,0.000000)
C(-1475.000000,-1210.000000,0.000000)
p(4,78,76,77,79)
t(76,78,79)
t(79,77,76)
</p>

<p>
c(250,250,250)
n(0.000000,0.000000,1.000000)
C(-1450.000000,-1910.000000,-25.000000)
p(4,77,68,72,80)
t(68,77,80)
t(80,72,68)
</p>

<p>
c(250,250,250)
n(0.000000,0.000000,1.000000)
C(-1450.000000,-1910.000000,25.000000)
p(4,79,70,74,81)
t(70,79,81)
t(81,74,70)
</p>

<p>
c(250,250,250)
n(1.000000,0.000000,0.000000)
C(-1425.000000,-1910.000000,0.000000)
p(4,70,68,72,74)
t(68,70,74)
t(74,72,68)
</p>

<p>
c(250,250,250)
n(1.000000,0.000000,0.000000)
C(-1475.000000,-1910.000000,0.000000)
p(4,79,77,80,81)
t(77,79,81)
t(81,80,77)
</p>

<p>
c(250,250,250)
n(0.000000,0.000000,1.000000)
C(-1450.000000,-2610.000000,-25.000000)
p(4,80,72,82,83)
t(72,80,83)
t(83,82,72)
</p>

<p>
c(250,250,250)
n(0.000000,0.000000,1.000000)
C(-1450.000000,-2610.000000,25.000000)
p(4,81,74,84,85)
t(74,81,85)
t(85,84,74)
</p>

<p>
c(250,250,250)
n(1.000000,0.000000,0.000000)
C(-1425.000000,-2610.000000,0.000000)
p(4,74,72,82,84)
t(72,74,84)
t(84,82,72)
</p>

<p>
c(250,250,250)
n(1.000000,0.000000,0.000000)
C(-1475.000000,-2610.000000,0.000000)
p(4,81,80,83,85)
t(80,81,85)
t(85,83,80)
</p>

<p>
c(250,250,250)
n(0.000000,0.000000,1.000000)
C(-1825.000000,-885.000000,-25.000000)
p(4,76,86,87,88)
t(87,88,76)
t(76,86,87)
</p>

<p>
c(250,250,250)
n(0.000000,0.000000,1.000000)
C(-1825.000000,-885.000000,25.000000)
p(4,78,89,90,91)
t(90,91,78)
t(78,89,90)
</p>

<p>
c(200,200,200)
n(0.000000,1.000000,0.000000)
C(-1825.000000,-910.000000,0.000000)
p(4,88,87,90,91)
t(90,91,88)
t(88,87,90)
</p>

<p>
c(200,200,200)
n(0.000000,1.000000,0.000000)
C(-1825.000000,-860.000000,0.000000)
p(4,76,86,89,78)
t(89,78,76)
t(76,86,89)
</p>

<p>
c(250,250,250)
n(0.000000,0.000000,1.000000)
C(-1825.000000,-1585.000000,-25.000000)
p(4,77,92,93,94)
t(93,94,77)
t(77,92,93)
</p>

<p>
c(250,250,250)
n(0.000000,0.000000,1.000000)
C(-1825.000000,-1585.000000,25.000000)
p(4,79,95,96,97)
t(96,97,79)
t(79,95,96)
</p>

<p>
c(200,200,200)
n(0.000000,1.000000,0.000000)
C(-1825.000000,-1610.000000,0.000000)
p(4,94,93,96,97)
t(96,97,94)
t(94,93,96)
</p>

<p>
c(200,200,200)
n(0.000000,1.000000,0.000000)
C(-1825.000000,-1560.000000,0.000000)
p(4,77,92,95,79)
t(95,79,77)
t(77,92,95)
</p>

<p>
c(250,250,250)
n(0.000000,0.000000,1.000000)
C(-1825.000000,-2285.000000,-25.000000)
p(4,80,98,99,100)
t(99,100,80)
t(80,98,99)
</p>

<p>
c(250,250,250)
n(0.000000,0.000000,1.000000)
C(-1825.000000,-2285.000000,25.000000)
p(4,81,101,102,103)
t(102,103,81)
t(81,101,102)
</p>

<p>
c(200,200,200)
n(0.000000,1.000000,0.000000)
C(-1825.000000,-2310.000000,0.000000)
p(4,100,99,102,103)
t(102,103,100)
t(100,99,102)
</p>

<p>
c(200,200,200)
n(0.000000,1.000000,0.000000)
C(-1825.000000,-2260.000000,0.000000)
p(4,80,98,101,81)
t(101,81,80)
t(80,98,101)
</p>

<p>
c(250,250,250)
n(0.000000,0.000000,1.000000)
C(375.000000,-885.000000,-25.000000)
p(4,23,104,105,106)
t(104,23,106)
t(106,105,104)
</p>

<p>
c(250,250,250)
n(0.000000,0.000000,1.000000)
C(375.000000,-885.000000,25.000000)
p(4,22,107,108,109)
t(107,22,109)
t(109,108,107)
</p>

<p>
c(200,200,200)
n(0.000000,1.000000,0.000000)
C(375.000000,-910.000000,0.000000)
p(4,106,105,108,109)
t(105,106,109)
t(109,108,105)
</p>

<p>
c(200,200,200)
n(0.000000,1.000000,0.000000)
C(375.000000,-860.000000,0.000000)
p(4,23,104,107,22)
t(104,23,22)
t(22,107,104)
</p>

<p>
c(250,250,250)
n(0.000000,0.000000,1.000000)
C(375.000000,-1585.000000,-25.000000)
p(4,24,110,111,112)
t(110,24,112)
t(112,111,110)
</p>

<p>
c(250,250,250)
n(0.000000,0.000000,1.000000)
C(375.000000,-1585.000000,25.000000)
p(4,26,113,114,115)
t(113,26,115)
t(115,114,113)
</p>

<p>
c(200,200,200)
n(0.000000,1.000000,0.000000)
C(375.000000,-1610.000000,0.000000)
p(4,112,111,114,115)
t(111,112,115)
t(115,114,111)
</p>

<p>
c(200,200,200)
n(0.000000,1.000000,0.000000)
C(375.000000,-1560.000000,0.000000)
p(4,24,110,113,26)
t(110,24,26)
t(26,113,110)
</p>

<p>
c(250,250,250)
n(0.000000,0.000000,1.000000)
C(375.000000,-2285.000000,-25.000000)
p(4,28,116,117,118)
t(116,28,118)
t(118,117,116)
</p>

<p>
c(250,250,250)
n(0.000000,0.000000,1.000000)
C(375.000000,-2285.000000,25.000000)
p(4,30,119,120,121)
t(119,30,121)
t(121,120,119)
</p>

<p>
c(200,200,200)
n(0.000000,1.000000,0.000000)
C(375.000000,-2310.000000,0.000000)
p(4,118,117,120,121)
t(117,118,121)
t(121,120,117)
</p>

<p>
c(200,200,200)
n(0.000000,1.000000,0.000000)
C(375.000000,-2260.000000,0.000000)
p(4,28,116,119,30)
t(116,28,30)
t(30,119,116)
</p>

<p>
c(250,250,250)
n(0.000000,0.000000,1.000000)
C(700.000000,-1210.000000,-25.000000)
p(4,104,122,123,110)
t(123,110,104)
t(104,122,123)
</p>

<p>
c(250,250,250)
n(0.000000,0.000000,1.000000)
C(700.000000,-1210.000000,25.000000)
p(4,107,124,125,113)
t(125,113,107)
t(107,124,125)
</p>

<p>
c(250,250,250)
n(1.000000,0.000000,0.000000)
C(675.000000,-1210.000000,0.000000)
p(4,124,122,123,125)
t(122,124,125)
t(125,123,122)
</p>

<p>
c(250,250,250)
n(1.000000,0.000000,0.000000)
C(725.000000,-1210.000000,0.000000)
p(4,107,104,110,113)
t(104,107,113)
t(113,110,104)
</p>

<p>
c(250,250,250)
n(0.000000,0.000000,1.000000)
C(700.000000,-1910.000000,-25.000000)
p(4,110,123,126,116)
t(126,116,110)
t(110,123,126)
</p>

<p>
c(250,250,250)
n(0.000000,0.000000,1.000000)
C(700.000000,-1910.000000,25.000000)
p(4,113,125,127,119)
t(127,119,113)
t(113,125,127)
</p>

<p>
c(250,250,250)
n(1.000000,0.000000,0.000000)
C(675.000000,-1910.000000,0.000000)
p(4,125,123,126,127)
t(123,125,127)
t(127,126,123)
</p>

<p>
c(250,250,250)
n(1.000000,0.000000,0.000000)
C(725.000000,-1910.000000,0.000000)
p(4,113,110,116,119)
t(110,113,119)
t(119,116,110)
</p>

<p>
c(250,250,250)
n(0.000000,0.000000,1.000000)
C(700.000000,-2610.000000,-25.000000)
p(4,116,126,128,129)
t(128,129,116)
t(116,126,128)
</p>

<p>
c(250,250,250)
n(0.000000,0.000000,1.000000)
C(700.000000,-2610.000000,25.000000)
p(4,119,127,130,131)
t(130,131,119)
t(119,127,130)
</p>

<p>
c(250,250,250)
n(1.000000,0.000000,0.000000)
C(675.000000,-2610.000000,0.000000)
p(4,127,126,128,130)
t(126,127,130)
t(130,128,126)
</p>

<p>
c(250,250,250)
n(1.000000,0.000000,0.000000)
C(725.000000,-2610.000000,0.000000)
p(4,119,116,129,131)
t(116,119,131)
t(131,129,116)
</p>

<p>
c(250,250,250)
n(0.000000,0.000000,1.000000)
C(1075.000000,-885.000000,-25.000000)
p(4,104,132,133,105)
t(132,104,105)
t(105,133,132)
</p>

<p>
c(250,250,250)
n(0.000000,0.000000,1.000000)
C(1075.000000,-885.000000,25.000000)
p(4,107,134,135,108)
t(134,107,108)
t(108,135,134)
</p>

<p>
c(200,200,200)
n(0.000000,1.000000,0.000000)
C(1075.000000,-910.000000,0.000000)
p(4,105,133,135,108)
t(133,105,108)
t(108,135,133)
</p>

<p>
c(200,200,200)
n(0.000000,1.000000,0.000000)
C(1075.000000,-860.000000,0.000000)
p(4,104,132,134,107)
t(132,104,107)
t(107,134,132)
</p>

<p>
c(250,250,250)
n(0.000000,0.000000,1.000000)
C(1075.000000,-1585.000000,-25.000000)
p(4,110,136,137,111)
t(136,110,111)
t(111,137,136)
</p>

<p>
c(250,250,250)
n(0.000000,0.000000,1.000000)
C(1075.000000,-1585.000000,25.000000)
p(4,113,138,139,114)
t(138,113,114)
t(114,139,138)
</p>

<p>
c(200,200,200)
n(0.000000,1.000000,0.000000)
C(1075.000000,-1610.000000,0.000000)
p(4,111,137,139,114)
t(137,111,114)
t(114,139,137)
</p>

<p>
c(200,200,200)
n(0.000000,1.000000,0.000000)
C(1075.000000,-1560.000000,0.000000)
p(4,110,136,138,113)
t(136,110,113)
t(113,138,136)
</p>

<p>
c(250,250,250)
n(0.000000,0.000000,1.000000)
C(1075.000000,-2285.000000,-25.000000)
p(4,116,140,141,117)
t(140,116,117)
t(117,141,140)
</p>

<p>
c(250,250,250)
n(0.000000,0.000000,1.000000)
C(1075.000000,-2285.000000,25.000000)
p(4,119,142,143,120)
t(142,119,120)
t(120,143,142)
</p>

<p>
c(200,200,200)
n(0.000000,1.000000,0.000000)
C(1075.000000,-2310.000000,0.000000)
p(4,117,141,143,120)
t(141,117,120)
t(120,143,141)
</p>

<p>
c(200,200,200)
n(0.000000,1.000000,0.000000)
C(1075.000000,-2260.000000,0.000000)
p(4,116,140,142,119)
t(140,116,119)
t(119,142,140)
</p>

<p>
c(250,250,250)
n(0.000000,0.000000,1.000000)
C(1450.000000,-1210.000000,-25.000000)
p(4,144,132,136,145)
t(136,145,144)
t(144,132,136)
</p>

<p>
c(250,250,250)
n(0.000000,0.000000,1.000000)
C(1450.000000,-1210.000000,25.000000)
p(4,146,134,138,147)
t(138,147,146)
t(146,134,138)
</p>

<p>
c(250,250,250)
n(1.000000,0.000000,0.000000)
C(1425.000000,-1210.000000,0.000000)
p(4,134,132,136,138)
t(132,134,138)
t(138,136,132)
</p>

<p>
c(250,250,250)
n(1.000000,0.000000,0.000000)
C(1475.000000,-1210.000000,0.000000)
p(4,146,144,145,147)
t(144,146,147)
t(147,145,144)
</p>

<p>
c(250,250,250)
n(0.000000,0.000000,1.000000)
C(1450.000000,-1910.000000,-25.000000)
p(4,145,136,140,148)
t(140,148,145)
t(145,136,140)
</p>

<p>
c(250,250,250)
n(0.000000,0.000000,1.000000)
C(1450.000000,-1910.000000,25.000000)
p(4,147,138,142,149)
t(142,149,147)
t(147,138,142)
</p>

<p>
c(250,250,250)
n(1.000000,0.000000,0.000000)
C(1425.000000,-1910.000000,0.000000)
p(4,138,136,140,142)
t(136,138,142)
t(142,140,136)
</p>

<p>
c(250,250,250)
n(1.000000,0.000000,0.000000)
C(1475.000000,-1910.000000,0.000000)
p(4,147,145,148,149)
t(145,147,149)
t(149,148,145)
</p>

<p>
c(250,250,250)
n(0.000000,0.000000,1.000000)
C(1450.000000,-2610.000000,-25.000000)
p(4,148,140,150,151)
t(150,151,148)
t(148,140,150)
</p>

<p>
c(250,250,250)
n(0.000000,0.000000,1.000000)
C(1450.000000,-2610.000000,25.000000)
p(4,149,142,152,153)
t(152,153,149)
t(149,142,152)
</p>

<p>
c(250,250,250)
n(1.000000,0.000000,0.000000)
C(1425.000000,-2610.000000,0.000000)
p(4,142,140,150,152)
t(140,142,152)
t(152,150,140)
</p>

<p>
c(250,250,250)
n(1.000000,0.000000,0.000000)
C(1475.000000,-2610.000000,0.000000)
p(4,149,148,151,153)
t(148,149,153)
t(153,151,148)
</p>

<p>
c(250,250,250)
n(0.000000,0.000000,1.000000)
C(1825.000000,-885.000000,-25.000000)
p(4,144,154,155,156)
t(154,144,156)
t(156,155,154)
</p>

<p>
c(250,250,250)
n(0.000000,0.000000,1.000000)
C(1825.000000,-885.000000,25.000000)
p(4,146,157,158,159)
t(157,146,159)
t(159,158,157)
</p>

<p>
c(200,200,200)
n(0.000000,1.000000,0.000000)
C(1825.000000,-910.000000,0.000000)
p(4,156,155,158,159)
t(155,156,159)
t(159,158,155)
</p>

<p>
c(200,200,200)
n(0.000000,1.000000,0.000000)
C(1825.000000,-860.000000,0.000000)
p(4,144,154,157,146)
t(154,144,146)
t(146,157,154)
</p>

<p>
c(250,250,250)
n(0.000000,0.000000,1.000000)
C(1825.000000,-1585.000000,-25.000000)
p(4,145,160,161,162)
t(160,145,162)
t(162,161,160)
</p>

<p>
c(250,250,250)
n(0.000000,0.000000,1.000000)
C(1825.000000,-1585.000000,25.000000)
p(4,147,163,164,165)
t(163,147,165)
t(165,164,163)
</p>

<p>
c(200,200,200)
n(0.000000,1.000000,0.000000)
C(1825.000000,-1610.000000,0.000000)
p(4,162,161,164,165)
t(161,162,165)
t(165,164,161)
</p>

<p>
c(200,200,200)
n(0.000000,1.000000,0.000000)
C(1825.000000,-1560.000000,0.000000)
p(4,145,160,163,147)
t(160,145,147)
t(147,163,160)
</p>

<p>
c(250,250,250)
n(0.000000,0.000000,1.000000)
C(1825.000000,-2285.000000,-25.000000)
p(4,148,166,167,168)
t(166,148,168)
t(168,167,166)
</p>

<p>
c(250,250,250)
n(0.000000,0.000000,1.000000)
C(1825.000000,-2285.000000,25.000000)
p(4,149,169,170,171)
t(169,149,171)
t(171,170,169)
</p>

<p>
c(200,200,200)
n(0.000000,1.000000,0.000000)
C(1825.000000,-2310.000000,0.000000)
p(4,168,167,170,171)
t(167,168,171)
t(171,170,167)
</p>

<p>
c(200,200,200)
n(0.000000,1.000000,0.000000)
C(1825.000000,-2260.000000,0.000000)
p(4,148,166,169,149)
t(166,148,149)
t(149,169,166)
</p>

