v(-400.000000,-3424.000000,280.000000)
v(0.000000,-3424.000000,280.000000)
v(0.000000,-3424.000000,-280.000000)
v(-400.000000,-3424.000000,-280.000000)
v(-400.000000,-3424.000000,1400.000000)
v(0.000000,-3424.000000,1400.000000)
v(0.000000,-3424.000000,840.000000)
v(-400.000000,-3424.000000,840.000000)
v(-400.000000,-3424.000000,-1400.000000)
v(0.000000,-3424.000000,-1400.000000)
v(0.000000,-3424.000000,-840.000000)
v(-400.000000,-3424.000000,-840.000000)
v(400.000000,-3424.000000,280.000000)
v(400.000000,-3424.000000,-280.000000)
v(400.000000,-3424.000000,840.000000)
v(400.000000,-3424.000000,1400.000000)
v(400.000000,-3424.000000,-840.000000)
v(400.000000,-3424.000000,-1400.000000)
v(-400.000000,-3324.000000,280.000000)
v(-400.000000,-3324.000000,-280.000000)
v(400.000000,-3324.000000,280.000000)
v(400.000000,-3324.000000,-280.000000)
v(-400.000000,-3324.000000,840.000000)
v(400.000000,-3324.000000,840.000000)
v(-400.000000,-3324.000000,1400.000000)
v(400.000000,-3324.000000,1400.000000)
v(-400.000000,-3324.000000,-840.000000)
v(400.000000,-3324.000000,-840.000000)
v(-400.000000,-3324.000000,-1400.000000)
v(400.000000,-3324.000000,-1400.000000)
v(-147.000000,-3000.000000,61.000000)
v(-147.000000,-3000.000000,-61.000000)
v(147.000000,-3000.000000,61.000000)
v(147.000000,-3000.000000,-61.000000)
v(61.000000,-3000.000000,147.000000)
v(-61.000000,-3000.000000,147.000000)
v(61.000000,-3000.000000,-147.000000)
v(-61.000000,-3000.000000,-147.000000)
v(-147.000000,-350.000000,-61.000000)
v(-147.000000,-350.000000,61.000000)
v(147.000000,-350.000000,-61.000000)
v(147.000000,-350.000000,61.000000)
v(-61.000000,-350.000000,147.000000)
v(61.000000,-350.000000,147.000000)
v(-61.000000,-350.000000,-147.000000)
v(61.000000,-350.000000,-147.000000)
v(-250.000000,0.000000,-250.000000)
v(-250.000000,0.000000,250.000000)
v(250.000000,0.000000,-250.000000)
v(250.000000,0.000000,250.000000)

<p>
c(150,150,150)
n(0.000000,1.000000,0.000000)
C(-200.000000,-3424.000000,0.000000)
p(4,0,1,2,3)
t(2,3,0)
t(0,1,2)
</p>

<p>
c(145,145,145)
n(0.000000,1.000000,0.000000)
C(-200.000000,-3424.000000,1120.000000)
p(4,4,5,6,7)
t(6,7,4)
t(4,5,6)
</p>

<p>
c(150,150,150)
n(0.000000,1.000000,0.000000)
C(-200.000000,-3424.000000,-1120.000000)
p(4,8,9,10,11)
t(9,8,11)
t(11,10,9)
</p>

<p>
c(145,145,145)
n(0.000000,1.000000,0.000000)
C(200.000000,-3424.000000,0.000000)
p(4,12,1,2,13)
t(1,12,13)
t(13,2,1)
</p>

<p>
c(145,145,145)
n(0.000000,1.000000,0.000000)
C(-200.000000,-3424.000000,560.000000)
p(4,0,1,6,7)
t(1,0,7)
t(7,6,1)
</p>

<p>
c(145,145,145)
n(0.000000,1.000000,0.000000)
C(200.000000,-3424.000000,560.000000)
p(4,12,1,6,14)
t(6,14,12)
t(12,1,6)
</p>

<p>
c(150,150,150)
n(0.000000,1.000000,0.000000)
C(200.000000,-3424.000000,1120.000000)
p(4,15,5,6,14)
t(5,15,14)
t(14,6,5)
</p>

<p>
c(150,150,150)
n(0.000000,1.000000,0.000000)
C(-200.000000,-3424.000000,-560.000000)
p(4,3,2,10,11)
t(10,11,3)
t(3,2,10)
</p>

<p>
c(150,150,150)
n(0.000000,1.000000,0.000000)
C(200.000000,-3424.000000,-560.000000)
p(4,13,2,10,16)
t(2,13,16)
t(16,10,2)
</p>

<p>
c(145,145,145)
n(0.000000,1.000000,0.000000)
C(200.000000,-3424.000000,-1120.000000)
p(4,17,9,10,16)
t(10,16,17)
t(17,9,10)
</p>

<p>
c(145,145,145)
n(1.000000,0.000000,0.000000)
C(-400.000000,-3374.000000,0.000000)
p(4,0,18,19,3)
t(18,0,3)
t(3,19,18)
</p>

<p>
c(145,145,145)
n(1.000000,0.000000,0.000000)
C(400.000000,-3374.000000,0.000000)
p(4,12,20,21,13)
t(20,12,13)
t(13,21,20)
</p>

<p>
c(145,145,145)
n(1.000000,0.000000,0.000000)
C(-400.000000,-3374.000000,560.000000)
p(4,0,18,22,7)
t(22,7,0)
t(0,18,22)
</p>

<p>
c(145,145,145)
n(1.000000,0.000000,0.000000)
C(400.000000,-3374.000000,560.000000)
p(4,12,20,23,14)
t(23,14,12)
t(12,20,23)
</p>

<p>
c(145,145,145)
n(1.000000,0.000000,0.000000)
C(-400.000000,-3374.000000,1120.000000)
p(4,4,24,22,7)
t(24,4,7)
t(7,22,24)
</p>

<p>
c(145,145,145)
n(1.000000,0.000000,0.000000)
C(400.000000,-3374.000000,1120.000000)
p(4,15,25,23,14)
t(25,15,14)
t(14,23,25)
</p>

<p>
c(145,145,145)
n(1.000000,0.000000,0.000000)
C(-400.000000,-3374.000000,-560.000000)
p(4,3,19,26,11)
t(19,3,11)
t(11,26,19)
</p>

<p>
c(145,145,145)
n(1.000000,0.000000,0.000000)
C(400.000000,-3374.000000,-560.000000)
p(4,13,21,27,16)
t(21,13,16)
t(16,27,21)
</p>

<p>
c(145,145,145)
n(1.000000,0.000000,0.000000)
C(-400.000000,-3374.000000,-1120.000000)
p(4,8,28,26,11)
t(26,11,8)
t(8,28,26)
</p>

<p>
c(145,145,145)
n(1.000000,0.000000,0.000000)
C(400.000000,-3374.000000,-1120.000000)
p(4,17,29,27,16)
t(27,16,17)
t(17,29,27)
</p>

<p>
c(176,176,176)
n(0.000000,0.000000,1.000000)
C(0.000000,-3384.000000,-1400.000000)
p(5,8,28,29,17,9)
t(28,8,9)
t(9,17,29)
t(29,28,9)
</p>

<p>
c(176,176,176)
n(0.000000,0.000000,1.000000)
C(0.000000,-3384.000000,1400.000000)
p(5,4,24,25,15,5)
t(24,4,5)
t(5,15,25)
t(25,24,5)
</p>

<p>
c(195,195,195)
n(-0.788172,0.615455,0.000000)
C(-273.500000,-3162.000000,0.000000)
p(4,19,18,30,31)
t(30,31,19)
t(19,18,30)
</p>

<p>
c(195,195,195)
n(-0.788172,-0.615455,0.000000)
C(273.500000,-3162.000000,0.000000)
p(4,21,20,32,33)
t(32,33,21)
t(21,20,32)
</p>

<p>
c(145,145,145)
n(0.000000,-0.379744,-0.925091)
C(0.000000,-3162.000000,213.500000)
p(4,18,20,34,35)
t(20,18,35)
t(35,34,20)
</p>

<p>
c(145,145,145)
n(0.000000,0.379744,-0.925091)
C(0.000000,-3162.000000,-213.500000)
p(4,19,21,36,37)
t(21,19,37)
t(37,36,21)
</p>

<p>
c(170,170,170)
n(0.492531,-0.717514,0.492531)
C(-202.666667,-3108.000000,-162.666667)
p(3,19,31,37)
t(31,19,37)
</p>

<p>
c(170,170,170)
n(-0.492531,0.717514,0.492531)
C(-202.666667,-3108.000000,162.666667)
p(3,18,30,35)
t(30,18,35)
</p>

<p>
c(170,170,170)
n(-0.492531,-0.717514,0.492531)
C(202.666667,-3108.000000,-162.666667)
p(3,21,33,36)
t(33,36,21)
</p>

<p>
c(170,170,170)
n(0.492531,0.717514,0.492531)
C(202.666667,-3108.000000,162.666667)
p(3,20,32,34)
t(32,34,20)
</p>

<p>
c(195,195,195)
n(1.000000,0.000000,0.000000)
C(-147.000000,-1675.000000,0.000000)
p(4,30,31,38,39)
t(38,39,30)
t(30,31,38)
</p>

<p>
c(195,195,195)
n(1.000000,0.000000,0.000000)
C(147.000000,-1675.000000,0.000000)
p(4,32,33,40,41)
t(40,41,32)
t(32,33,40)
</p>

<p>
c(145,145,145)
n(0.000000,0.000000,1.000000)
C(0.000000,-1675.000000,147.000000)
p(4,34,35,42,43)
t(35,34,43)
t(43,42,35)
</p>

<p>
c(145,145,145)
n(0.000000,0.000000,1.000000)
C(0.000000,-1675.000000,-147.000000)
p(4,36,37,44,45)
t(37,36,45)
t(45,44,37)
</p>

<p>
c(170,170,170)
n(-0.707107,0.000000,0.707107)
C(-104.000000,-1675.000000,104.000000)
p(4,42,35,30,39)
t(35,42,39)
t(39,30,35)
</p>

<p>
c(170,170,170)
n(0.707107,0.000000,0.707107)
C(-104.000000,-1675.000000,-104.000000)
p(4,44,37,31,38)
t(37,44,38)
t(38,31,37)
</p>

<p>
c(170,170,170)
n(0.707107,0.000000,0.707107)
C(104.000000,-1675.000000,104.000000)
p(4,43,34,32,41)
t(32,41,43)
t(43,34,32)
</p>

<p>
c(170,170,170)
n(-0.707107,0.000000,0.707107)
C(104.000000,-1675.000000,-104.000000)
p(4,45,36,33,40)
t(33,40,45)
t(45,36,33)
</p>

<p>
c(195,195,195)
n(-0.959322,-0.282315,0.000000)
C(-198.500000,-175.000000,0.000000)
p(4,46,47,39,38)
t(47,46,38)
t(38,39,47)
</p>

<p>
c(195,195,195)
n(-0.959322,0.282315,0.000000)
C(198.500000,-175.000000,0.000000)
p(4,48,49,41,40)
t(49,48,40)
t(40,41,49)
</p>

<p>
c(145,145,145)
n(0.000000,0.282315,-0.959322)
C(0.000000,-175.000000,198.500000)
p(4,47,49,43,42)
t(43,42,47)
t(47,49,43)
</p>

<p>
c(145,145,145)
n(0.000000,-0.282315,-0.959322)
C(0.000000,-175.000000,-198.500000)
p(4,46,48,45,44)
t(45,44,46)
t(46,48,45)
</p>

<p>
c(170,170,170)
n(0.609028,0.508104,0.609028)
C(-152.666667,-233.333333,-152.666667)
p(3,46,38,44)
t(38,44,46)
</p>

<p>
c(170,170,170)
n(-0.609028,-0.508104,0.609028)
C(-152.666667,-233.333333,152.666667)
p(3,47,39,42)
t(39,42,47)
</p>

<p>
c(170,170,170)
n(-0.609028,0.508104,0.609028)
C(152.666667,-233.333333,-152.666667)
p(3,48,40,45)
t(40,48,45)
</p>

<p>
c(170,170,170)
n(0.609028,-0.508104,0.609028)
C(152.666667,-233.333333,152.666667)
p(3,49,41,43)
t(41,49,43)
</p>

