v(-45.000000,-75.000000,210.000000)
v(-45.000000,-75.000000,-210.000000)
v(45.000000,-75.000000,-210.000000)
v(45.000000,-75.000000,210.000000)
v(-45.000000,0.000000,-350.000000)
v(45.000000,0.000000,-350.000000)
v(-45.000000,0.000000,350.000000)
v(45.000000,0.000000,350.000000)
v(-110.000000,0.000000,210.000000)
v(-110.000000,0.000000,-210.000000)
v(110.000000,0.000000,210.000000)
v(110.000000,0.000000,-210.000000)

<p>
c(140,140,140)
n(0.000000,1.000000,0.000000)
p(4,0,1,2,3)
t(1,0,3)
t(3,2,1)
</p>

<p>
c(140,140,140)
n(0.000000,0.881480,0.472221)
p(4,4,1,2,5)
t(2,5,4)
t(4,1,2)
</p>

<p>
c(140,140,140)
n(0.000000,0.881480,-0.472221)
p(4,6,0,3,7)
t(0,6,7)
t(7,3,0)
</p>

<p>
c(80,80,80)
n(-0.755689,-0.654931,0.000000)
p(4,8,0,1,9)
t(0,8,9)
t(9,1,0)
</p>

<p>
c(80,80,80)
n(-0.755689,0.654931,0.000000)
p(4,10,3,2,11)
t(3,10,11)
t(11,2,3)
</p>

<p>
c(90,90,90)
n(-0.713073,0.617997,-0.331070)
p(3,7,3,10)
t(3,7,10)
</p>

<p>
c(90,90,90)
n(-0.713073,-0.617997,0.331070)
p(3,6,0,8)
t(0,6,8)
</p>

<p>
c(90,90,90)
n(-0.713073,0.617997,0.331070)
p(3,5,2,11)
t(2,11,5)
</p>

<p>
c(90,90,90)
n(-0.713073,-0.617997,-0.331070)
p(3,4,1,9)
t(1,9,4)
</p>

