v(0.000000,0.000000,-29.400000)
v(27.300000,0.000000,-8.400000)
v(10.500000,-285.600000,33.600000)
v(0.000000,-287.700000,27.300000)
v(6.300000,-283.500000,46.200000)
v(16.800000,0.000000,23.100000)
v(-27.300000,0.000000,-8.400000)
v(-8.400000,-285.600000,33.600000)
v(-4.200000,-283.500000,46.200000)
v(-16.800000,0.000000,23.100000)
v(18.900000,-514.500000,84.000000)
v(0.000000,-520.800000,71.400000)
v(12.600000,-506.100000,105.000000)
v(-18.900000,-514.500000,84.000000)
v(-10.500000,-506.100000,105.000000)
v(44.100000,-548.100000,92.400000)
v(0.000000,-560.700000,63.000000)
v(27.300000,-527.100000,140.700000)
v(-44.100000,-548.100000,92.400000)
v(-27.300000,-527.100000,140.700000)
v(12.600000,-569.100000,132.300000)
v(-10.500000,-569.100000,132.300000)
v(-18.900000,-577.500000,111.300000)
v(0.000000,-583.800000,98.700000)
v(18.900000,-577.500000,111.300000)
v(0.000000,-583.800000,119.700000)
v(2.100000,-554.400000,92.400000)
v(2.100000,-575.400000,113.400000)
v(2.100000,-518.700000,174.300000)
v(2.100000,-512.400000,147.000000)
v(2.100000,-239.400000,249.900000)
v(2.100000,-277.200000,203.700000)
v(2.100000,-420.000000,197.400000)
v(2.100000,-411.600000,231.000000)
v(-39.900000,-585.900000,193.200000)
v(-39.900000,-560.700000,182.700000)
v(-14.700000,-533.400000,123.900000)
v(-6.300000,-562.800000,121.800000)
v(-191.100000,-510.300000,430.500000)
v(-165.900000,-516.600000,359.100000)
v(-92.400000,-558.600000,243.600000)
v(-100.800000,-579.600000,298.200000)
v(58.800000,-638.400000,81.900000)
v(58.800000,-611.100000,71.400000)
v(21.000000,-556.500000,81.900000)
v(6.300000,-575.400000,100.800000)
v(283.500000,-732.900000,-73.500000)
v(245.700000,-684.600000,-60.900000)
v(136.500000,-667.800000,25.200000)
v(149.100000,-699.300000,29.400000)
v(0.000000,-646.800000,136.500000)
v(0.000000,-621.600000,149.100000)
v(2.100000,-558.600000,119.700000)
v(2.100000,-575.400000,96.600000)
v(-21.000000,-741.300000,287.700000)
v(-33.600000,-726.600000,340.200000)
v(-21.000000,-690.900000,231.000000)
v(-21.000000,-722.400000,218.400000)
v(71.400000,-600.600000,170.100000)
v(71.400000,-573.300000,159.600000)
v(29.400000,-541.800000,115.500000)
v(16.800000,-569.100000,117.600000)
v(315.000000,-560.700000,323.400000)
v(275.100000,-539.700000,260.400000)
v(155.400000,-581.700000,222.600000)
v(170.100000,-609.000000,241.500000)
v(-12.600000,-583.800000,207.900000)
v(-12.600000,-556.500000,197.400000)
v(0.000000,-533.400000,134.400000)
v(2.100000,-562.800000,130.200000)
v(-88.200000,-495.600000,474.600000)
v(-75.600000,-514.500000,401.100000)
v(-39.900000,-556.500000,270.900000)
v(-42.000000,-573.300000,325.500000)
v(-79.800000,-611.100000,144.900000)
v(-79.800000,-585.900000,134.400000)
v(-29.400000,-543.900000,113.400000)
v(-12.600000,-567.000000,121.800000)
v(-367.500000,-627.900000,168.000000)
v(-321.300000,-592.200000,151.200000)
v(-180.600000,-613.200000,151.200000)
v(-195.300000,-642.600000,163.800000)
v(-33.600000,-644.700000,67.200000)
v(-33.600000,-619.500000,54.600000)
v(-16.800000,-558.600000,79.800000)
v(-10.500000,-573.300000,102.900000)
v(-136.500000,-774.900000,-170.100000)
v(-119.700000,-720.300000,-144.900000)
v(-69.300000,-686.700000,-16.800000)
v(-75.600000,-720.300000,-16.800000)
v(-52.500000,-627.900000,96.600000)
v(-52.500000,-602.700000,84.000000)
v(-18.900000,-543.900000,98.700000)
v(-6.300000,-562.800000,119.700000)
v(-249.900000,-732.900000,-86.100000)
v(-218.400000,-684.600000,-69.300000)
v(-121.800000,-661.500000,29.400000)
v(-132.300000,-695.100000,33.600000)
v(-69.300000,-537.600000,130.200000)
v(-46.200000,-525.000000,115.500000)
v(14.700000,-548.100000,105.000000)
v(4.200000,-573.300000,117.600000)
v(-239.400000,-306.600000,90.300000)
v(-197.400000,-346.500000,92.400000)
v(-126.000000,-455.700000,113.400000)
v(-157.500000,-455.700000,126.000000)
v(-44.100000,-571.200000,52.500000)
v(-31.500000,-550.200000,63.000000)
v(6.300000,-543.900000,117.600000)
v(0.000000,-571.200000,119.700000)
v(-151.200000,-420.000000,-170.100000)
v(-126.000000,-441.000000,-123.900000)
v(-79.800000,-516.600000,-23.100000)
v(-100.800000,-531.300000,-46.200000)
v(39.900000,-573.300000,48.300000)
v(27.300000,-550.200000,58.800000)
v(-10.500000,-543.900000,115.500000)
v(-4.200000,-573.300000,117.600000)
v(147.000000,-422.100000,-174.300000)
v(119.700000,-443.100000,-128.100000)
v(75.600000,-516.600000,-27.300000)
v(96.600000,-533.400000,-50.400000)
v(71.400000,-539.700000,123.900000)
v(50.400000,-529.200000,111.300000)
v(-10.500000,-552.300000,98.700000)
v(0.000000,-575.400000,111.300000)
v(243.600000,-308.700000,84.000000)
v(201.600000,-350.700000,86.100000)
v(128.100000,-457.800000,109.200000)
v(161.700000,-457.800000,119.700000)
v(2.100000,-291.900000,222.600000)
v(0.000000,-653.100000,132.300000)
v(0.000000,-638.400000,109.200000)
v(2.100000,-571.200000,100.800000)
v(2.100000,-571.200000,130.200000)
v(-21.000000,-812.700000,56.700000)
v(-33.600000,-829.500000,4.200000)
v(-21.000000,-741.300000,75.600000)
v(-21.000000,-760.200000,105.000000)
v(2.100000,-543.900000,189.000000)
v(2.100000,-529.200000,165.900000)
v(2.100000,-546.000000,100.800000)
v(2.100000,-573.300000,111.300000)
v(2.100000,-315.000000,367.500000)
v(2.100000,-352.800000,321.300000)
v(2.100000,-462.000000,247.800000)
v(2.100000,-466.200000,283.500000)
v(-71.400000,-564.900000,142.800000)
v(-58.800000,-546.000000,128.100000)
v(4.200000,-543.900000,105.000000)
v(4.200000,-571.200000,117.600000)
v(-312.900000,-405.300000,159.600000)
v(-260.400000,-428.400000,149.100000)
v(-155.400000,-506.100000,147.000000)
v(-182.700000,-518.700000,161.700000)
v(-48.300000,-600.600000,60.900000)
v(-37.800000,-573.300000,63.000000)
v(0.000000,-541.800000,109.200000)
v(0.000000,-569.100000,119.700000)
v(-195.300000,-552.300000,-180.600000)
v(-163.800000,-550.200000,-132.300000)
v(-98.700000,-579.600000,-23.100000)
v(-115.500000,-606.900000,-37.800000)
v(44.100000,-602.700000,56.700000)
v(33.600000,-575.400000,58.800000)
v(-4.200000,-543.900000,105.000000)
v(-4.200000,-571.200000,117.600000)
v(193.200000,-554.400000,-184.800000)
v(159.600000,-552.300000,-136.500000)
v(94.500000,-581.700000,-25.200000)
v(111.300000,-606.900000,-42.000000)
v(75.600000,-567.000000,136.500000)
v(60.900000,-548.100000,123.900000)
v(-2.100000,-546.000000,100.800000)
v(-2.100000,-573.300000,111.300000)
v(317.100000,-407.400000,153.300000)
v(262.500000,-430.500000,142.800000)
v(157.500000,-508.200000,140.700000)
v(186.900000,-520.800000,155.400000)
v(-218.400000,0.000000,23.100000)
v(-296.100000,0.000000,-56.700000)
v(-302.400000,0.000000,-155.400000)
v(-254.100000,0.000000,-163.800000)
v(-199.500000,0.000000,-235.200000)
v(-136.500000,0.000000,-243.600000)
v(-63.000000,0.000000,-184.800000)
v(-29.400000,0.000000,-111.300000)
v(4.200000,0.000000,-79.800000)
v(81.900000,0.000000,-172.200000)
v(144.900000,0.000000,-226.800000)
v(220.500000,0.000000,-222.600000)
v(228.900000,0.000000,-172.200000)
v(186.900000,0.000000,-96.600000)
v(193.200000,0.000000,-84.000000)
v(279.300000,0.000000,-136.500000)
v(327.600000,0.000000,-123.900000)
v(323.400000,0.000000,-63.000000)
v(212.100000,0.000000,14.700000)
v(201.600000,0.000000,39.900000)
v(237.300000,0.000000,44.100000)
v(296.100000,0.000000,79.800000)
v(273.000000,0.000000,105.000000)
v(296.100000,0.000000,111.300000)
v(344.400000,0.000000,147.000000)
v(352.800000,0.000000,176.400000)
v(310.800000,0.000000,186.900000)
v(243.600000,0.000000,184.800000)
v(195.300000,0.000000,182.700000)
v(199.500000,0.000000,203.700000)
v(254.100000,0.000000,228.900000)
v(317.100000,0.000000,235.200000)
v(333.900000,0.000000,291.900000)
v(344.400000,0.000000,325.500000)
v(296.100000,0.000000,350.700000)
v(39.900000,0.000000,256.200000)
v(21.000000,0.000000,396.900000)
v(-31.500000,0.000000,476.700000)
v(-107.100000,0.000000,504.000000)
v(-186.900000,0.000000,493.500000)
v(-268.800000,0.000000,436.800000)
v(-174.300000,0.000000,239.400000)
v(-226.800000,0.000000,203.700000)
v(-304.500000,0.000000,207.900000)
v(-390.600000,0.000000,189.000000)
v(-396.900000,0.000000,142.800000)
v(-310.800000,0.000000,111.300000)
v(-260.400000,0.000000,35.700000)

<p>
c(140,107,76)
n(-0.594632,0.153316,0.789245)
p(4,0,1,2,3)
t(1,0,3)
t(3,2,1)
</p>

<p>
c(140,107,76)
n(-0.948577,0.009309,-0.316410)
p(4,2,4,5,1)
t(5,1,2)
t(2,4,5)
</p>

<p>
c(140,107,76)
n(0.603674,0.154548,0.782108)
p(4,0,6,7,3)
t(7,3,0)
t(0,6,7)
</p>

<p>
c(140,107,76)
n(0.948443,0.016288,-0.316529)
p(4,8,7,6,9)
t(6,9,8)
t(8,7,6)
</p>

<p>
c(140,107,76)
n(0.000000,0.081212,0.996697)
p(4,4,8,9,5)
t(8,4,5)
t(5,9,8)
</p>

<p>
c(140,107,76)
n(-0.571729,0.154417,0.805780)
p(4,10,11,3,2)
t(11,10,2)
t(2,3,11)
</p>

<p>
c(140,107,76)
n(0.959861,0.095059,0.263877)
p(4,10,12,4,2)
t(12,10,2)
t(2,4,12)
</p>

<p>
c(140,107,76)
n(0.588537,0.149157,0.794592)
p(4,13,11,3,7)
t(3,7,13)
t(13,11,3)
</p>

<p>
c(140,107,76)
n(-0.940084,0.112805,0.321741)
p(4,14,13,7,8)
t(13,14,8)
t(8,7,13)
</p>

<p>
c(140,107,76)
n(0.000000,0.255391,0.966838)
p(4,12,14,8,4)
t(14,12,4)
t(4,8,14)
</p>

<p>
c(140,107,76)
n(-0.510149,-0.174868,0.842122)
p(4,15,16,11,10)
t(16,15,10)
t(10,11,16)
</p>

<p>
c(140,107,76)
n(-0.801103,-0.598319,-0.015787)
p(4,15,17,12,10)
t(12,10,15)
t(15,17,12)
</p>

<p>
c(140,107,76)
n(-0.510149,0.174868,-0.842122)
p(4,18,16,11,13)
t(16,18,13)
t(13,11,16)
</p>

<p>
c(140,107,76)
n(-0.786563,0.617324,0.015149)
p(4,19,18,13,14)
t(18,19,14)
t(14,13,18)
</p>

<p>
c(140,107,76)
n(0.000000,0.861934,0.507020)
p(4,17,19,14,12)
t(19,17,12)
t(12,14,19)
</p>

<p>
c(140,107,76)
n(0.000000,-0.196116,0.980581)
p(4,20,21,19,17)
t(21,20,17)
t(17,19,21)
</p>

<p>
c(140,107,76)
n(-0.795012,-0.400902,0.455229)
p(4,21,22,18,19)
t(22,21,19)
t(19,18,22)
</p>

<p>
c(140,107,76)
n(-0.516993,-0.723597,-0.457302)
p(4,22,23,16,18)
t(23,22,18)
t(18,16,23)
</p>

<p>
c(140,107,76)
n(-0.809271,0.387247,-0.441724)
p(4,24,20,17,15)
t(17,15,24)
t(24,20,17)
</p>

<p>
c(140,107,76)
n(-0.516993,0.723597,0.457302)
p(4,24,23,16,15)
t(23,24,15)
t(15,16,23)
</p>

<p>
c(140,107,76)
n(0.316228,-0.948683,-0.000000)
p(3,25,23,24)
t(23,24,25)
</p>

<p>
c(140,107,76)
n(-0.454911,0.771370,-0.445021)
p(3,25,20,24)
t(20,24,25)
</p>

<p>
c(140,107,76)
n(0.316228,0.948683,0.000000)
p(3,25,23,22)
t(23,22,25)
</p>

<p>
c(140,107,76)
n(0.462411,0.743878,-0.482516)
p(3,25,22,21)
t(22,21,25)
</p>

<p>
c(140,107,76)
n(0.000000,-0.650791,0.759257)
p(3,25,21,20)
t(21,25,20)
</p>

<p>
c(40,115,20)
n(1.000000,0.000000,0.000000)
p(4,26,27,28,29)
t(27,26,29)
t(29,28,27)
</p>

<p>
c(81,138,24)
n(1.000000,0.000000,0.000000)
p(4,30,31,32,33)
t(31,30,33)
t(33,32,31)
</p>

<p>
c(40,115,20)
n(1.000000,0.000000,0.000000)
p(4,33,32,29,28)
t(32,33,28)
t(28,29,32)
</p>

<p>
c(123,161,28)
n(-0.859375,-0.205739,-0.468131)
p(4,34,35,36,37)
t(36,37,34)
t(34,35,36)
</p>

<p>
c(81,138,24)
n(0.798774,0.529341,0.285936)
p(4,38,39,40,41)
t(39,38,41)
t(41,40,39)
</p>

<p>
c(40,115,20)
n(0.713340,0.542206,0.444025)
p(4,41,40,35,34)
t(40,41,34)
t(34,35,40)
</p>

<p>
c(123,161,28)
n(0.606259,0.279766,0.744433)
p(4,42,43,44,45)
t(44,45,42)
t(42,43,44)
</p>

<p>
c(81,138,24)
n(-0.621994,-0.314103,-0.717260)
p(4,46,47,48,49)
t(47,46,49)
t(49,48,47)
</p>

<p>
c(40,115,20)
n(0.633088,0.310700,0.708988)
p(4,49,48,43,42)
t(43,42,49)
t(49,48,43)
</p>

<p>
c(123,161,28)
n(0.999567,-0.019648,0.021926)
p(4,50,51,52,53)
t(51,50,53)
t(53,52,51)
</p>

<p>
c(81,138,24)
n(0.988540,0.099488,0.113535)
p(4,54,55,56,57)
t(55,54,57)
t(57,56,55)
</p>

<p>
c(40,115,20)
n(0.980280,-0.079665,0.180845)
p(4,57,56,51,50)
t(56,57,50)
t(50,51,56)
</p>

<p>
c(123,161,28)
n(0.564003,-0.308520,-0.765974)
p(4,58,59,60,61)
t(59,58,61)
t(61,60,59)
</p>

<p>
c(81,138,24)
n(0.494366,-0.604988,-0.624173)
p(4,62,63,64,65)
t(63,62,65)
t(65,64,63)
</p>

<p>
c(40,115,20)
n(-0.552611,0.275628,0.786543)
p(4,65,64,59,58)
t(59,58,65)
t(65,64,59)
</p>

<p>
c(40,115,20)
n(0.976802,0.056784,0.206478)
p(4,66,67,68,69)
t(67,66,69)
t(69,68,67)
</p>

<p>
c(123,161,28)
n(-0.930545,-0.346120,-0.119529)
p(4,70,71,72,73)
t(72,73,70)
t(70,71,72)
</p>

<p>
c(81,138,24)
n(0.925702,0.289507,0.243437)
p(4,73,72,67,66)
t(72,73,66)
t(66,67,72)
</p>

<p>
c(123,161,28)
n(0.065105,0.383073,0.921421)
p(4,74,75,76,77)
t(75,74,77)
t(77,76,75)
</p>

<p>
c(123,161,28)
n(0.054416,0.368013,0.928227)
p(4,78,79,80,81)
t(79,78,81)
t(81,80,79)
</p>

<p>
c(40,115,20)
n(0.049791,0.377749,0.924568)
p(4,81,80,75,74)
t(80,81,74)
t(74,75,80)
</p>

<p>
c(81,138,24)
n(0.937335,-0.135971,-0.320804)
p(4,82,83,84,85)
t(84,85,82)
t(82,83,84)
</p>

<p>
c(123,161,28)
n(0.934679,-0.150035,-0.322281)
p(4,86,87,88,89)
t(88,89,86)
t(86,87,88)
</p>

<p>
c(40,115,20)
n(0.934589,-0.167024,-0.314079)
p(4,89,88,83,82)
t(83,82,89)
t(89,88,83)
</p>

<p>
c(81,138,24)
n(0.606259,0.279766,0.744433)
p(4,42,43,44,45)
t(44,45,42)
t(42,43,44)
</p>

<p>
c(40,115,20)
n(-0.621994,-0.314103,-0.717260)
p(4,46,47,48,49)
t(47,46,49)
t(49,48,47)
</p>

<p>
c(123,161,28)
n(0.633088,0.310700,0.708988)
p(4,49,48,43,42)
t(43,42,49)
t(49,48,43)
</p>

<p>
c(81,138,24)
n(-0.721173,0.271949,0.637144)
p(4,90,91,92,93)
t(91,90,93)
t(93,92,91)
</p>

<p>
c(123,161,28)
n(0.724289,-0.271085,-0.633970)
p(4,94,95,96,97)
t(96,97,94)
t(94,95,96)
</p>

<p>
c(40,115,20)
n(0.735040,-0.304354,-0.605875)
p(4,97,96,91,90)
t(91,90,97)
t(97,96,91)
</p>

<p>
c(81,138,24)
n(0.309272,0.355062,0.882203)
p(4,98,99,100,101)
t(99,98,101)
t(101,100,99)
</p>

<p>
c(40,115,20)
n(0.335753,0.388166,0.858252)
p(4,102,103,104,105)
t(103,102,105)
t(105,104,103)
</p>

<p>
c(123,161,28)
n(0.332107,0.404259,0.852220)
p(4,105,104,99,98)
t(104,105,98)
t(98,99,104)
</p>

<p>
c(40,115,20)
n(0.813837,-0.225940,-0.535369)
p(4,106,107,108,109)
t(108,109,106)
t(106,107,108)
</p>

<p>
c(81,138,24)
n(0.792766,-0.255768,-0.553268)
p(4,110,111,112,113)
t(112,113,110)
t(110,111,112)
</p>

<p>
c(123,161,28)
n(0.801251,-0.236214,-0.549727)
p(4,113,112,107,106)
t(107,106,113)
t(113,112,107)
</p>

<p>
c(81,138,24)
n(-0.824085,-0.212887,-0.524941)
p(4,114,115,116,117)
t(115,114,117)
t(117,116,115)
</p>

<p>
c(40,115,20)
n(-0.787542,-0.268896,-0.554502)
p(4,118,119,120,121)
t(119,118,121)
t(121,120,119)
</p>

<p>
c(123,161,28)
n(0.807957,0.219436,0.546858)
p(4,121,120,115,114)
t(115,114,121)
t(121,120,115)
</p>

<p>
c(40,115,20)
n(-0.324068,0.350515,0.878703)
p(4,122,123,124,125)
t(124,125,122)
t(122,123,124)
</p>

<p>
c(81,138,24)
n(-0.298398,0.379951,0.875555)
p(4,126,127,128,129)
t(128,129,126)
t(126,127,128)
</p>

<p>
c(40,115,20)
n(-0.301608,0.367530,0.879747)
p(4,129,128,123,122)
t(123,122,129)
t(129,128,123)
</p>

<p>
c(123,161,28)
n(1.000000,0.000000,0.000000)
p(4,28,29,26,27)
t(29,28,27)
t(27,26,29)
</p>

<p>
c(81,138,24)
n(1.000000,0.000000,0.000000)
p(4,30,130,32,33)
t(130,30,33)
t(33,32,130)
</p>

<p>
c(40,115,20)
n(1.000000,0.000000,0.000000)
p(4,33,32,29,28)
t(32,33,28)
t(28,29,32)
</p>

<p>
c(123,161,28)
n(0.999578,-0.028282,-0.006677)
p(4,131,132,133,134)
t(133,134,131)
t(131,132,133)
</p>

<p>
c(81,138,24)
n(0.989470,0.016346,-0.143811)
p(4,135,136,137,138)
t(137,138,135)
t(135,136,137)
</p>

<p>
c(40,115,20)
n(0.980525,-0.165390,-0.105913)
p(4,138,137,132,131)
t(132,131,138)
t(138,137,132)
</p>

<p>
c(123,161,28)
n(1.000000,0.000000,0.000000)
p(4,139,140,141,142)
t(140,139,142)
t(142,141,140)
</p>

<p>
c(81,138,24)
n(1.000000,0.000000,0.000000)
p(4,143,144,145,146)
t(144,143,146)
t(146,145,144)
</p>

<p>
c(40,115,20)
n(1.000000,0.000000,0.000000)
p(4,146,145,140,139)
t(145,146,139)
t(139,140,145)
</p>

<p>
c(123,161,28)
n(0.311486,0.415385,0.854653)
p(4,147,148,149,150)
t(148,147,150)
t(150,149,148)
</p>

<p>
c(81,138,24)
n(0.317295,0.388234,0.865216)
p(4,151,152,153,154)
t(152,151,154)
t(154,153,152)
</p>

<p>
c(40,115,20)
n(0.320444,0.398291,0.859465)
p(4,154,153,148,147)
t(153,154,147)
t(147,148,153)
</p>

<p>
c(123,161,28)
n(0.815022,-0.233842,-0.530148)
p(4,155,156,157,158)
t(157,158,155)
t(155,156,157)
</p>

<p>
c(40,115,20)
n(0.818678,-0.202313,-0.537434)
p(4,159,160,161,162)
t(161,162,159)
t(159,160,161)
</p>

<p>
c(81,138,24)
n(0.806208,-0.237040,-0.542070)
p(4,162,161,156,155)
t(156,155,162)
t(162,161,156)
</p>

<p>
c(40,115,20)
n(-0.820728,-0.253439,-0.512029)
p(4,163,164,165,166)
t(164,163,166)
t(166,165,164)
</p>

<p>
c(123,161,28)
n(-0.816227,-0.206065,-0.539732)
p(4,167,168,169,170)
t(168,167,170)
t(170,169,168)
</p>

<p>
c(81,138,24)
n(-0.804572,-0.223566,-0.550166)
p(4,170,169,164,163)
t(169,170,163)
t(163,164,169)
</p>

<p>
c(40,115,20)
n(-0.314284,0.342311,0.885465)
p(4,171,172,173,174)
t(173,174,171)
t(171,172,173)
</p>

<p>
c(123,161,28)
n(-0.304038,0.372209,0.876939)
p(4,175,176,177,178)
t(177,178,175)
t(175,176,177)
</p>

<p>
c(81,138,24)
n(-0.298001,0.351893,0.887337)
p(4,178,177,172,171)
t(172,171,178)
t(178,177,172)
</p>

<p>
c(40,115,20)
n(1.000000,0.000000,0.000000)
p(4,139,140,141,142)
t(140,139,142)
t(142,141,140)
</p>

<p>
c(123,161,28)
n(1.000000,0.000000,0.000000)
p(4,143,144,145,146)
t(144,143,146)
t(146,145,144)
</p>

<p>
c(81,138,24)
n(1.000000,0.000000,0.000000)
p(4,146,145,140,139)
t(145,146,139)
t(139,140,145)
</p>

<p>
n(0.000000,1.000000,0.000000)
p(48,179,180,181,182,183,184,185,186,187,188,189,190,191,192,193,194,195,196,197,198,199,200,201,202,203,204,205,206,207,208,209,210,211,212,213,214,215,216,217,218,219,220,221,222,223,224,225,226)
t(179,226,225)
t(225,224,223)
t(223,222,221)
t(220,219,218)
t(218,217,216)
t(216,215,214)
t(214,213,212)
t(211,210,209)
t(207,206,205)
t(205,204,203)
t(203,202,201)
t(201,200,199)
t(197,196,195)
t(195,194,193)
t(192,191,190)
t(190,189,188)
t(186,185,184)
t(184,183,182)
t(182,181,180)
t(179,225,223)
t(220,218,216)
t(214,212,211)
t(211,209,208)
t(207,205,203)
t(201,199,198)
t(197,195,193)
t(192,190,188)
t(186,184,182)
t(182,180,179)
t(179,223,221)
t(220,216,214)
t(214,211,208)
t(207,203,201)
t(198,197,193)
t(193,192,188)
t(187,186,182)
t(179,221,220)
t(220,214,208)
t(207,201,198)
t(198,193,188)
t(187,182,179)
t(179,220,208)
t(207,198,188)
t(187,179,208)
t(208,207,188)
t(188,187,208)
</p>

