v(-700.000000,0.000000,-3309.000000)
v(0.000000,0.000000,-3309.000000)
v(0.000000,-97.000000,-2757.000000)
v(-700.000000,-97.000000,-2757.000000)
v(700.000000,0.000000,-3309.000000)
v(700.000000,-97.000000,-2757.000000)
v(-700.000000,-194.000000,-2206.000000)
v(0.000000,-194.000000,-2206.000000)
v(700.000000,-194.000000,-2206.000000)
v(0.000000,-292.000000,-1654.000000)
v(700.000000,-292.000000,-1654.000000)
v(-700.000000,-292.000000,-1654.000000)
v(700.000000,-389.000000,-1103.000000)
v(0.000000,-389.000000,-1103.000000)
v(-700.000000,-389.000000,-1103.000000)
v(0.000000,-486.000000,-551.000000)
v(700.000000,-486.000000,-551.000000)
v(-700.000000,-486.000000,-551.000000)
v(-700.000000,-583.000000,0.000000)
v(0.000000,-583.000000,0.000000)
v(700.000000,-583.000000,0.000000)
v(0.000000,-583.000000,560.000000)
v(-700.000000,-583.000000,560.000000)
v(700.000000,-583.000000,560.000000)
v(-700.000000,-583.000000,1120.000000)
v(0.000000,-583.000000,1120.000000)
v(700.000000,-583.000000,1120.000000)
v(0.000000,-583.000000,1680.000000)
v(-700.000000,-583.000000,1680.000000)
v(700.000000,-583.000000,1680.000000)
v(-700.000000,0.000000,1120.000000)
v(-700.000000,0.000000,1680.000000)
v(-700.000000,-150.000000,1680.000000)
v(-700.000000,-500.000000,1680.000000)
v(-700.000000,-500.000000,560.000000)
v(-700.000000,-500.000000,1120.000000)
v(-700.000000,-500.000000,0.000000)
v(-700.000000,-150.000000,1120.000000)
v(-700.000000,-150.000000,560.000000)
v(-700.000000,0.000000,560.000000)
v(-700.000000,-150.000000,0.000000)
v(-700.000000,0.000000,0.000000)
v(-700.000000,0.000000,-551.000000)
v(-700.000000,-150.000000,-1103.000000)
v(-700.000000,-150.000000,-551.000000)
v(-700.000000,0.000000,-1103.000000)
v(-700.000000,-150.000000,-1654.000000)
v(-700.000000,0.000000,-1654.000000)
v(-700.000000,-306.000000,-1103.000000)
v(-700.000000,-403.000000,-551.000000)
v(-700.000000,0.000000,-2206.000000)
v(-700.000000,0.000000,-2757.000000)
v(700.000000,0.000000,1120.000000)
v(700.000000,0.000000,1680.000000)
v(700.000000,-150.000000,1680.000000)
v(700.000000,-500.000000,1680.000000)
v(700.000000,-500.000000,560.000000)
v(700.000000,-500.000000,1120.000000)
v(700.000000,-500.000000,0.000000)
v(700.000000,-150.000000,1120.000000)
v(700.000000,-150.000000,560.000000)
v(700.000000,0.000000,560.000000)
v(700.000000,-150.000000,0.000000)
v(700.000000,0.000000,0.000000)
v(700.000000,0.000000,-551.000000)
v(700.000000,-150.000000,-1103.000000)
v(700.000000,-150.000000,-551.000000)
v(700.000000,0.000000,-1103.000000)
v(700.000000,-150.000000,-1654.000000)
v(700.000000,0.000000,-1654.000000)
v(700.000000,-306.000000,-1103.000000)
v(700.000000,-403.000000,-551.000000)
v(700.000000,0.000000,-2206.000000)
v(700.000000,0.000000,-2757.000000)
v(0.000000,-150.000000,1680.000000)
v(0.000000,0.000000,1680.000000)
v(0.000000,-500.000000,1680.000000)
v(-840.000000,0.000000,0.000000)
v(-840.000000,0.000000,840.000000)
v(-700.000000,0.000000,840.000000)
v(-840.000000,0.000000,1680.000000)
v(-840.000000,0.000000,-900.000000)
v(-700.000000,0.000000,-900.000000)
v(-840.000000,0.000000,-1800.000000)
v(-700.000000,0.000000,-1800.000000)
v(-700.000000,0.000000,-2700.000000)
v(-840.000000,0.000000,-2700.000000)
v(-840.000000,0.000000,-3309.000000)
v(840.000000,0.000000,0.000000)
v(840.000000,0.000000,840.000000)
v(700.000000,0.000000,840.000000)
v(840.000000,0.000000,1680.000000)
v(840.000000,0.000000,-900.000000)
v(700.000000,0.000000,-900.000000)
v(840.000000,0.000000,-1800.000000)
v(700.000000,0.000000,-1800.000000)
v(700.000000,0.000000,-2700.000000)
v(840.000000,0.000000,-2700.000000)
v(840.000000,0.000000,-3309.000000)
v(-20.000000,-146.000000,-2481.000000)
v(-20.000000,-48.000000,-3033.000000)
v(20.000000,-48.000000,-3033.000000)
v(20.000000,-146.000000,-2481.000000)
v(-670.000000,-104.000000,-2718.000000)
v(-670.000000,-90.000000,-2796.000000)
v(-630.000000,-90.000000,-2796.000000)
v(-630.000000,-104.000000,-2718.000000)
v(670.000000,-104.000000,-2718.000000)
v(670.000000,-90.000000,-2796.000000)
v(630.000000,-90.000000,-2796.000000)
v(630.000000,-104.000000,-2718.000000)
v(-20.000000,-341.000000,-1378.000000)
v(-20.000000,-243.000000,-1930.000000)
v(20.000000,-243.000000,-1930.000000)
v(20.000000,-341.000000,-1378.000000)
v(-670.000000,-299.000000,-1615.000000)
v(-670.000000,-285.000000,-1693.000000)
v(-630.000000,-285.000000,-1693.000000)
v(-630.000000,-299.000000,-1615.000000)
v(670.000000,-299.000000,-1615.000000)
v(670.000000,-285.000000,-1693.000000)
v(630.000000,-285.000000,-1693.000000)
v(630.000000,-299.000000,-1615.000000)
v(-20.000000,-535.000000,-275.000000)
v(-20.000000,-437.000000,-827.000000)
v(20.000000,-437.000000,-827.000000)
v(20.000000,-535.000000,-275.000000)
v(-670.000000,-493.000000,-512.000000)
v(-670.000000,-479.000000,-590.000000)
v(-630.000000,-479.000000,-590.000000)
v(-630.000000,-493.000000,-512.000000)
v(670.000000,-493.000000,-512.000000)
v(670.000000,-479.000000,-590.000000)
v(630.000000,-479.000000,-590.000000)
v(630.000000,-493.000000,-512.000000)
v(-20.000000,-583.000000,840.000000)
v(-20.000000,-583.000000,280.000000)
v(20.000000,-583.000000,280.000000)
v(20.000000,-583.000000,840.000000)
v(-670.000000,-583.000000,600.000000)
v(-670.000000,-583.000000,520.000000)
v(-630.000000,-583.000000,520.000000)
v(-630.000000,-583.000000,600.000000)
v(670.000000,-583.000000,600.000000)
v(670.000000,-583.000000,520.000000)
v(630.000000,-583.000000,520.000000)
v(630.000000,-583.000000,600.000000)

<p>
c(145,145,145)
n(0.000000,0.984909,0.173073)
C(-350.000000,-48.500000,-3033.000000)
p(4,0,1,2,3)
t(1,0,3)
t(3,2,1)
</p>

<p>
c(145,145,145)
n(0.000000,0.984909,0.173073)
C(350.000000,-48.500000,-3033.000000)
p(4,4,1,2,5)
t(2,5,4)
t(4,1,2)
</p>

<p>
c(150,150,150)
n(0.000000,0.984855,0.173377)
C(-350.000000,-145.500000,-2481.500000)
p(4,6,7,2,3)
t(2,3,6)
t(6,7,2)
</p>

<p>
c(145,145,145)
n(0.000000,0.984855,0.173377)
C(350.000000,-145.500000,-2481.500000)
p(4,8,7,2,5)
t(7,8,5)
t(5,2,7)
</p>

<p>
c(145,145,145)
n(0.000000,0.984603,0.174803)
C(350.000000,-243.000000,-1930.000000)
p(4,8,7,9,10)
t(9,10,8)
t(8,7,9)
</p>

<p>
c(145,145,145)
n(0.000000,0.984603,0.174803)
C(-350.000000,-243.000000,-1930.000000)
p(4,6,7,9,11)
t(7,6,11)
t(11,9,7)
</p>

<p>
c(150,150,150)
n(0.000000,0.984855,0.173377)
C(350.000000,-340.500000,-1378.500000)
p(4,12,13,9,10)
t(13,12,10)
t(10,9,13)
</p>

<p>
c(145,145,145)
n(0.000000,0.984855,0.173377)
C(-350.000000,-340.500000,-1378.500000)
p(4,14,13,9,11)
t(9,11,14)
t(14,13,9)
</p>

<p>
c(150,150,150)
n(0.000000,0.984909,0.173073)
C(350.000000,-437.500000,-827.000000)
p(4,12,13,15,16)
t(15,16,12)
t(12,13,15)
</p>

<p>
c(145,145,145)
n(0.000000,0.984909,0.173073)
C(-350.000000,-437.500000,-827.000000)
p(4,14,13,15,17)
t(13,14,17)
t(17,15,13)
</p>

<p>
c(145,145,145)
n(0.000000,0.984855,0.173377)
C(-350.000000,-534.500000,-275.500000)
p(4,18,19,15,17)
t(15,17,18)
t(18,19,15)
</p>

<p>
c(145,145,145)
n(0.000000,0.984855,0.173377)
C(350.000000,-534.500000,-275.500000)
p(4,20,19,15,16)
t(19,20,16)
t(16,15,19)
</p>

<p>
c(145,145,145)
n(0.000000,1.000000,0.000000)
C(-350.000000,-583.000000,280.000000)
p(4,18,19,21,22)
t(19,18,22)
t(22,21,19)
</p>

<p>
c(145,145,145)
n(0.000000,1.000000,0.000000)
C(350.000000,-583.000000,280.000000)
p(4,20,19,21,23)
t(21,23,20)
t(20,19,21)
</p>

<p>
c(145,145,145)
n(0.000000,1.000000,0.000000)
C(-350.000000,-583.000000,840.000000)
p(4,24,25,21,22)
t(21,22,24)
t(24,25,21)
</p>

<p>
c(150,150,150)
n(0.000000,1.000000,0.000000)
C(350.000000,-583.000000,840.000000)
p(4,26,25,21,23)
t(25,26,23)
t(23,21,25)
</p>

<p>
c(145,145,145)
n(0.000000,1.000000,0.000000)
C(-350.000000,-583.000000,1400.000000)
p(4,24,25,27,28)
t(25,24,28)
t(28,27,25)
</p>

<p>
c(150,150,150)
n(0.000000,1.000000,0.000000)
C(350.000000,-583.000000,1400.000000)
p(4,26,25,27,29)
t(27,29,26)
t(26,25,27)
</p>

<p>
c(150,150,150)
n(1.000000,0.000000,0.000000)
C(-700.000000,-302.666667,1493.333333)
p(6,24,30,31,32,33,28)
t(33,28,24)
t(24,30,31)
t(32,33,24)
t(24,31,32)
</p>

<p>
c(150,150,150)
n(1.000000,0.000000,0.000000)
C(-700.000000,-541.500000,840.000000)
p(4,24,22,34,35)
t(34,35,24)
t(24,22,34)
</p>

<p>
c(150,150,150)
n(1.000000,0.000000,0.000000)
C(-700.000000,-541.500000,280.000000)
p(4,18,22,34,36)
t(22,18,36)
t(36,34,22)
</p>

<p>
c(150,150,150)
n(1.000000,0.000000,0.000000)
C(-700.000000,-75.000000,840.000000)
p(4,37,38,39,30)
t(39,30,37)
t(37,38,39)
</p>

<p>
c(150,150,150)
n(1.000000,0.000000,0.000000)
C(-700.000000,-75.000000,280.000000)
p(4,40,38,39,41)
t(38,40,41)
t(41,39,38)
</p>

<p>
c(150,150,150)
n(1.000000,0.000000,0.000000)
C(-700.000000,-267.250000,-275.500000)
p(4,18,17,42,41)
t(42,41,18)
t(18,17,42)
</p>

<p>
c(150,150,150)
n(1.000000,0.000000,0.000000)
C(-700.000000,-75.000000,-827.000000)
p(4,43,44,42,45)
t(44,43,45)
t(45,42,44)
</p>

<p>
c(150,150,150)
n(1.000000,0.000000,0.000000)
C(-700.000000,-75.000000,-1378.500000)
p(4,43,46,47,45)
t(47,45,43)
t(43,46,47)
</p>

<p>
c(150,150,150)
n(1.000000,0.000000,0.000000)
C(-700.000000,-396.000000,-827.000000)
p(4,17,14,48,49)
t(48,49,17)
t(17,14,48)
</p>

<p>
c(150,150,150)
n(1.000000,0.000000,0.000000)
C(-700.000000,-284.250000,-1378.500000)
p(4,14,11,46,48)
t(46,48,14)
t(14,11,46)
</p>

<p>
c(150,150,150)
n(1.000000,0.000000,0.000000)
C(-700.000000,-121.500000,-1930.000000)
p(4,6,11,47,50)
t(11,6,50)
t(50,47,11)
</p>

<p>
c(150,150,150)
n(1.000000,0.000000,0.000000)
C(-700.000000,-72.750000,-2481.500000)
p(4,6,3,51,50)
t(51,50,6)
t(6,3,51)
</p>

<p>
c(150,150,150)
n(1.000000,0.000000,0.000000)
C(-700.000000,-32.333333,-2941.000000)
p(3,0,3,51)
t(3,0,51)
</p>

<p>
c(150,150,150)
n(1.000000,0.000000,0.000000)
C(700.000000,-302.666667,1493.333333)
p(6,26,52,53,54,55,29)
t(55,29,26)
t(26,52,53)
t(54,55,26)
t(26,53,54)
</p>

<p>
c(150,150,150)
n(1.000000,0.000000,0.000000)
C(700.000000,-541.500000,840.000000)
p(4,26,23,56,57)
t(56,57,26)
t(26,23,56)
</p>

<p>
c(150,150,150)
n(1.000000,0.000000,0.000000)
C(700.000000,-541.500000,280.000000)
p(4,20,23,56,58)
t(23,20,58)
t(58,56,23)
</p>

<p>
c(150,150,150)
n(1.000000,0.000000,0.000000)
C(700.000000,-75.000000,840.000000)
p(4,59,60,61,52)
t(61,52,59)
t(59,60,61)
</p>

<p>
c(150,150,150)
n(1.000000,0.000000,0.000000)
C(700.000000,-75.000000,280.000000)
p(4,62,60,61,63)
t(60,62,63)
t(63,61,60)
</p>

<p>
c(150,150,150)
n(1.000000,0.000000,0.000000)
C(700.000000,-267.250000,-275.500000)
p(4,20,16,64,63)
t(64,63,20)
t(20,16,64)
</p>

<p>
c(150,150,150)
n(1.000000,0.000000,0.000000)
C(700.000000,-75.000000,-827.000000)
p(4,65,66,64,67)
t(66,65,67)
t(67,64,66)
</p>

<p>
c(150,150,150)
n(1.000000,0.000000,0.000000)
C(700.000000,-75.000000,-1378.500000)
p(4,65,68,69,67)
t(69,67,65)
t(65,68,69)
</p>

<p>
c(150,150,150)
n(1.000000,0.000000,0.000000)
C(700.000000,-396.000000,-827.000000)
p(4,16,12,70,71)
t(70,71,16)
t(16,12,70)
</p>

<p>
c(150,150,150)
n(1.000000,0.000000,0.000000)
C(700.000000,-284.250000,-1378.500000)
p(4,12,10,68,70)
t(68,70,12)
t(12,10,68)
</p>

<p>
c(150,150,150)
n(1.000000,0.000000,0.000000)
C(700.000000,-121.500000,-1930.000000)
p(4,8,10,69,72)
t(10,8,72)
t(72,69,10)
</p>

<p>
c(150,150,150)
n(1.000000,0.000000,0.000000)
C(700.000000,-72.750000,-2481.500000)
p(4,8,5,73,72)
t(73,72,8)
t(8,5,73)
</p>

<p>
c(150,150,150)
n(1.000000,0.000000,0.000000)
C(700.000000,-32.333333,-2941.000000)
p(3,4,5,73)
t(5,4,73)
</p>

<p>
c(176,176,176)
n(0.000000,0.000000,1.000000)
C(350.000000,-75.000000,1680.000000)
p(4,74,75,53,54)
t(75,74,54)
t(54,53,75)
</p>

<p>
c(176,176,176)
n(0.000000,0.000000,1.000000)
C(-350.000000,-75.000000,1680.000000)
p(4,74,75,31,32)
t(31,32,74)
t(74,75,31)
</p>

<p>
c(176,176,176)
n(0.000000,0.000000,1.000000)
C(350.000000,-541.500000,1680.000000)
p(4,55,29,27,76)
t(29,55,76)
t(76,27,29)
</p>

<p>
c(176,176,176)
n(0.000000,0.000000,1.000000)
C(-350.000000,-541.500000,1680.000000)
p(4,33,28,27,76)
t(27,76,33)
t(33,28,27)
</p>

<p>
c(180,180,180)
n(0.000000,1.000000,0.000000)
C(-770.000000,0.000000,420.000000)
p(4,41,77,78,79)
t(78,79,41)
t(41,77,78)
</p>

<p>
c(180,180,180)
n(0.000000,1.000000,0.000000)
C(-770.000000,0.000000,1260.000000)
p(4,31,80,78,79)
t(80,31,79)
t(79,78,80)
</p>

<p>
c(180,180,180)
n(0.000000,1.000000,0.000000)
C(-770.000000,0.000000,-450.000000)
p(4,41,77,81,82)
t(77,41,82)
t(82,81,77)
</p>

<p>
c(180,180,180)
n(0.000000,1.000000,0.000000)
C(-770.000000,0.000000,-1350.000000)
p(4,82,81,83,84)
t(81,82,84)
t(84,83,81)
</p>

<p>
c(180,180,180)
n(0.000000,1.000000,0.000000)
C(-770.000000,0.000000,-2250.000000)
p(4,85,86,83,84)
t(83,84,85)
t(85,86,83)
</p>

<p>
c(180,180,180)
n(0.000000,1.000000,0.000000)
C(-770.000000,0.000000,-3004.500000)
p(4,85,86,87,0)
t(86,85,0)
t(0,87,86)
</p>

<p>
c(180,180,180)
n(0.000000,1.000000,0.000000)
C(770.000000,0.000000,420.000000)
p(4,63,88,89,90)
t(88,63,90)
t(90,89,88)
</p>

<p>
c(180,180,180)
n(0.000000,1.000000,0.000000)
C(770.000000,0.000000,1260.000000)
p(4,53,91,89,90)
t(89,90,53)
t(53,91,89)
</p>

<p>
c(180,180,180)
n(0.000000,1.000000,0.000000)
C(770.000000,0.000000,-450.000000)
p(4,63,88,92,93)
t(92,93,63)
t(63,88,92)
</p>

<p>
c(180,180,180)
n(0.000000,1.000000,0.000000)
C(770.000000,0.000000,-1350.000000)
p(4,93,92,94,95)
t(94,95,93)
t(93,92,94)
</p>

<p>
c(180,180,180)
n(0.000000,1.000000,0.000000)
C(770.000000,0.000000,-2250.000000)
p(4,96,97,94,95)
t(97,96,95)
t(95,94,97)
</p>

<p>
c(180,180,180)
n(0.000000,1.000000,0.000000)
C(770.000000,0.000000,-3004.500000)
p(4,96,97,98,4)
t(98,4,96)
t(96,97,98)
</p>

<p>
c(173,173,173)
n(0.000000,0.984603,0.174803)
C(0.000000,-97.000000,-2757.000000)
p(4,99,100,101,102)
t(100,99,102)
t(102,101,100)
</p>

<p>
c(206,140,19)
light()
n(0.000000,0.984271,0.176664)
C(-650.000000,-97.000000,-2757.000000)
p(4,103,104,105,106)
t(104,103,106)
t(106,105,104)
</p>

<p>
c(206,140,19)
light()
n(0.000000,0.984271,0.176664)
C(650.000000,-97.000000,-2757.000000)
p(4,107,108,109,110)
t(109,110,107)
t(107,108,109)
</p>

<p>
c(173,173,173)
n(0.000000,0.984603,0.174803)
C(0.000000,-292.000000,-1654.000000)
p(4,111,112,113,114)
t(112,111,114)
t(114,113,112)
</p>

<p>
c(206,140,19)
light()
n(0.000000,0.984271,0.176664)
C(-650.000000,-292.000000,-1654.000000)
p(4,115,116,117,118)
t(116,115,118)
t(118,117,116)
</p>

<p>
c(206,140,19)
light()
n(0.000000,0.984271,0.176664)
C(650.000000,-292.000000,-1654.000000)
p(4,119,120,121,122)
t(121,122,119)
t(119,120,121)
</p>

<p>
c(173,173,173)
n(0.000000,0.984603,0.174803)
C(0.000000,-486.000000,-551.000000)
p(4,123,124,125,126)
t(124,123,126)
t(126,125,124)
</p>

<p>
c(206,140,19)
light()
n(0.000000,0.984271,0.176664)
C(-650.000000,-486.000000,-551.000000)
p(4,127,128,129,130)
t(128,127,130)
t(130,129,128)
</p>

<p>
c(206,140,19)
light()
n(0.000000,0.984271,0.176664)
C(650.000000,-486.000000,-551.000000)
p(5,131,132,133,134,21)
t(133,134,131)
t(131,132,133)
</p>

<p>
c(180,180,180)
n(0.000000,1.000000,0.000000)
C(0.000000,-583.000000,560.000000)
p(4,135,136,137,138)
t(136,135,138)
t(138,137,136)
</p>

<p>
c(206,140,19)
light()
n(0.000000,1.000000,0.000000)
C(-650.000000,-583.000000,560.000000)
p(4,139,140,141,142)
t(140,139,142)
t(142,141,140)
</p>

<p>
c(206,140,19)
light()
n(0.000000,1.000000,0.000000)
C(650.000000,-583.000000,560.000000)
p(4,143,144,145,146)
t(145,146,143)
t(143,144,145)
</p>

