v(140.000000,0.000000,-2520.000000)
v(70.000000,0.000000,-2800.000000)
v(840.000000,0.000000,-2800.000000)
v(840.000000,0.000000,-2520.000000)
v(-910.000000,0.000000,-2520.000000)
v(-840.000000,0.000000,-2800.000000)
v(140.000000,0.000000,-2240.000000)
v(910.000000,0.000000,-2240.000000)
v(-910.000000,0.000000,-2240.000000)
v(-20.000000,0.000000,-2520.000000)
v(-20.000000,0.000000,-2240.000000)
v(20.000000,0.000000,-2240.000000)
v(20.000000,0.000000,-2520.000000)
v(-70.000000,0.000000,-1680.000000)
v(770.000000,0.000000,-1680.000000)
v(20.000000,0.000000,-1960.000000)
v(-20.000000,0.000000,-1960.000000)
v(-770.000000,0.000000,-1680.000000)
v(0.000000,0.000000,-1400.000000)
v(770.000000,0.000000,-1400.000000)
v(-840.000000,0.000000,-1400.000000)
v(0.000000,0.000000,-1120.000000)
v(840.000000,0.000000,-1120.000000)
v(-840.000000,0.000000,-1120.000000)
v(-770.000000,0.000000,-840.000000)
v(0.000000,0.000000,-840.000000)
v(840.000000,0.000000,-840.000000)
v(-770.000000,0.000000,-560.000000)
v(-140.000000,0.000000,-560.000000)
v(840.000000,0.000000,-560.000000)
v(-840.000000,0.000000,-280.000000)
v(0.000000,0.000000,-280.000000)
v(700.000000,0.000000,-280.000000)
v(-840.000000,0.000000,0.000000)
v(-70.000000,0.000000,0.000000)
v(700.000000,0.000000,0.000000)
v(-770.000000,0.000000,560.000000)
v(0.000000,0.000000,560.000000)
v(700.000000,0.000000,560.000000)
v(-700.000000,0.000000,1120.000000)
v(0.000000,0.000000,1120.000000)
v(700.000000,0.000000,1120.000000)
v(-700.000000,0.000000,1400.000000)
v(0.000000,0.000000,1400.000000)
v(700.000000,0.000000,1400.000000)
v(-700.000000,0.000000,1680.000000)
v(0.000000,0.000000,1680.000000)
v(700.000000,0.000000,1680.000000)
v(-670.000000,0.000000,2240.000000)
v(-700.000000,0.000000,2240.000000)
v(0.000000,0.000000,1960.000000)
v(-20.000000,0.000000,1960.000000)
v(-20.000000,0.000000,2240.000000)
v(-630.000000,0.000000,2240.000000)
v(-630.000000,0.000000,2200.000000)
v(-670.000000,0.000000,2200.000000)
v(700.000000,0.000000,2240.000000)
v(670.000000,0.000000,2240.000000)
v(670.000000,0.000000,2200.000000)
v(630.000000,0.000000,2200.000000)
v(630.000000,0.000000,2240.000000)
v(20.000000,0.000000,2240.000000)
v(20.000000,0.000000,1960.000000)
v(-20.000000,0.000000,2520.000000)
v(0.000000,0.000000,2520.000000)
v(0.000000,0.000000,2800.000000)
v(-700.000000,0.000000,2800.000000)
v(-670.000000,0.000000,2280.000000)
v(-630.000000,0.000000,2280.000000)
v(20.000000,0.000000,2520.000000)
v(630.000000,0.000000,2280.000000)
v(670.000000,0.000000,2280.000000)
v(700.000000,0.000000,2800.000000)
v(840.000000,0.000000,2240.000000)
v(840.000000,0.000000,2800.000000)
v(840.000000,0.000000,1680.000000)
v(840.000000,0.000000,1120.000000)
v(980.000000,0.000000,560.000000)
v(1050.000000,0.000000,0.000000)
v(1120.000000,0.000000,-2240.000000)
v(1190.000000,0.000000,-2800.000000)
v(1120.000000,0.000000,-1680.000000)
v(1190.000000,0.000000,-1120.000000)
v(1190.000000,0.000000,-560.000000)
v(-840.000000,0.000000,2240.000000)
v(-840.000000,0.000000,2800.000000)
v(-840.000000,0.000000,1680.000000)
v(-840.000000,0.000000,1120.000000)
v(-980.000000,0.000000,560.000000)
v(-1050.000000,0.000000,0.000000)
v(-1120.000000,0.000000,-2240.000000)
v(-1190.000000,0.000000,-2800.000000)
v(-1120.000000,0.000000,-1680.000000)
v(-1120.000000,0.000000,-1120.000000)
v(-1050.000000,0.000000,-560.000000)

<p>
c(211,186,136)
n(0.000000,1.000000,0.000000)
C(472.500000,0.000000,-2660.000000)
p(4,0,1,2,3)
t(1,0,3)
t(3,2,1)
</p>

<p>
c(210,184,130)
n(0.000000,1.000000,0.000000)
C(-385.000000,0.000000,-2660.000000)
p(4,4,5,1,0)
t(5,4,0)
t(0,1,5)
</p>

<p>
c(204,182,138)
n(0.000000,1.000000,0.000000)
C(507.500000,0.000000,-2380.000000)
p(4,6,0,3,7)
t(0,6,7)
t(7,3,0)
</p>

<p>
c(203,180,132)
n(0.000000,1.000000,0.000000)
C(-465.000000,0.000000,-2380.000000)
p(4,8,4,9,10)
t(4,8,10)
t(10,9,4)
</p>

<p>
c(203,180,132)
n(0.000000,1.000000,0.000000)
C(80.000000,0.000000,-2380.000000)
p(4,6,11,12,0)
t(11,6,0)
t(0,12,11)
</p>

<p>
c(201,181,139)
n(0.000000,1.000000,0.000000)
C(437.500000,0.000000,-1960.000000)
p(4,6,13,14,7)
t(14,7,6)
t(6,13,14)
</p>

<p>
c(199,177,132)
n(0.000000,1.000000,0.000000)
C(-201.250000,0.000000,-2030.000000)
p(8,6,11,15,16,10,8,17,13)
t(6,11,15)
t(16,10,8)
t(8,17,13)
t(13,6,15)
t(16,8,13)
t(13,15,16)
</p>

<p>
c(195,177,140)
n(0.000000,1.000000,0.000000)
C(367.500000,0.000000,-1540.000000)
p(4,18,13,14,19)
t(13,18,19)
t(19,14,13)
</p>

<p>
c(195,177,140)
n(0.000000,1.000000,0.000000)
C(-420.000000,0.000000,-1540.000000)
p(4,20,17,13,18)
t(17,20,18)
t(18,13,17)
</p>

<p>
c(191,174,139)
n(0.000000,1.000000,0.000000)
C(402.500000,0.000000,-1260.000000)
p(4,21,18,19,22)
t(18,21,22)
t(22,19,18)
</p>

<p>
c(192,175,140)
n(0.000000,1.000000,0.000000)
C(-420.000000,0.000000,-1260.000000)
p(4,23,20,18,21)
t(20,23,21)
t(21,18,20)
</p>

<p>
c(189,173,141)
n(0.000000,1.000000,0.000000)
C(-402.500000,0.000000,-980.000000)
p(4,23,24,25,21)
t(25,21,23)
t(23,24,25)
</p>

<p>
c(188,171,138)
n(0.000000,1.000000,0.000000)
C(420.000000,0.000000,-980.000000)
p(4,21,25,26,22)
t(26,22,21)
t(21,25,26)
</p>

<p>
c(184,170,142)
n(0.000000,1.000000,0.000000)
C(-420.000000,0.000000,-700.000000)
p(4,24,27,28,25)
t(28,25,24)
t(24,27,28)
</p>

<p>
c(181,166,136)
n(0.000000,1.000000,0.000000)
C(385.000000,0.000000,-700.000000)
p(4,25,28,29,26)
t(29,26,25)
t(25,28,29)
</p>

<p>
c(176,164,140)
n(0.000000,1.000000,0.000000)
C(-437.500000,0.000000,-420.000000)
p(4,30,27,28,31)
t(27,30,31)
t(31,28,27)
</p>

<p>
c(175,162,137)
n(0.000000,1.000000,0.000000)
C(350.000000,0.000000,-420.000000)
p(4,31,28,29,32)
t(28,31,32)
t(32,29,28)
</p>

<p>
c(169,159,139)
n(0.000000,1.000000,0.000000)
C(-437.500000,0.000000,-140.000000)
p(4,33,30,31,34)
t(30,33,34)
t(34,31,30)
</p>

<p>
c(169,159,139)
n(0.000000,1.000000,0.000000)
C(332.500000,0.000000,-140.000000)
p(4,34,31,32,35)
t(31,34,35)
t(35,32,31)
</p>

<p>
c(167,160,146)
n(0.000000,1.000000,0.000000)
C(-420.000000,0.000000,280.000000)
p(4,33,36,37,34)
t(37,34,33)
t(33,36,37)
</p>

<p>
c(163,156,141)
n(0.000000,1.000000,0.000000)
C(332.500000,0.000000,280.000000)
p(4,34,37,38,35)
t(38,35,34)
t(34,37,38)
</p>

<p>
c(163,158,147)
n(0.000000,1.000000,0.000000)
C(-367.500000,0.000000,840.000000)
p(4,39,36,37,40)
t(36,39,40)
t(40,37,36)
</p>

<p>
c(163,158,147)
n(0.000000,1.000000,0.000000)
C(350.000000,0.000000,840.000000)
p(4,40,37,38,41)
t(37,40,41)
t(41,38,37)
</p>

<p>
c(160,155,144)
n(0.000000,1.000000,0.000000)
C(-350.000000,0.000000,1260.000000)
p(4,39,42,43,40)
t(43,40,39)
t(39,42,43)
</p>

<p>
c(160,155,144)
n(0.000000,1.000000,0.000000)
C(350.000000,0.000000,1260.000000)
p(4,40,43,44,41)
t(44,41,40)
t(40,43,44)
</p>

<p>
c(157,152,142)
n(0.000000,1.000000,0.000000)
C(-350.000000,0.000000,1540.000000)
p(4,42,45,46,43)
t(46,43,42)
t(42,45,46)
</p>

<p>
c(157,152,142)
n(0.000000,1.000000,0.000000)
C(350.000000,0.000000,1540.000000)
p(4,43,46,47,44)
t(47,44,43)
t(43,46,47)
</p>

<p>
c(159,155,147)
n(0.000000,1.000000,0.000000)
C(-404.000000,0.000000,2064.000000)
p(10,48,49,45,46,50,51,52,53,54,55)
t(49,48,55)
t(54,53,52)
t(51,50,46)
t(45,49,55)
t(54,52,51)
t(51,46,45)
t(45,55,54)
t(54,51,45)
</p>

<p>
c(155,151,142)
n(0.000000,1.000000,0.000000)
C(404.000000,0.000000,2064.000000)
p(10,46,47,56,57,58,59,60,61,62,50)
t(47,46,50)
t(62,61,60)
t(58,57,56)
t(47,50,62)
t(62,60,59)
t(58,56,47)
t(47,62,59)
t(59,58,47)
</p>

<p>
c(154,152,148)
n(0.000000,1.000000,0.000000)
C(-404.000000,0.000000,2416.000000)
p(10,52,63,64,65,66,49,48,67,68,53)
t(63,52,53)
t(67,48,49)
t(66,65,64)
t(63,53,68)
t(67,49,66)
t(66,64,63)
t(63,68,67)
t(67,66,63)
</p>

<p>
c(150,148,144)
n(0.000000,1.000000,0.000000)
C(404.000000,0.000000,2416.000000)
p(10,69,61,60,70,71,57,56,72,65,64)
t(69,64,65)
t(72,56,57)
t(70,60,61)
t(69,65,72)
t(72,57,71)
t(70,61,69)
t(69,72,71)
t(71,70,69)
</p>

<p>
c(180,180,180)
n(0.000000,1.000000,0.000000)
C(770.000000,0.000000,2520.000000)
p(4,73,74,72,56)
t(74,73,56)
t(56,72,74)
</p>

<p>
c(180,180,180)
n(0.000000,1.000000,0.000000)
C(770.000000,0.000000,1960.000000)
p(4,75,73,56,47)
t(73,75,47)
t(47,56,73)
</p>

<p>
c(181,178,172)
n(0.000000,1.000000,0.000000)
C(756.000000,0.000000,1400.000000)
p(5,75,76,41,44,47)
t(44,47,75)
t(75,76,41)
t(41,44,75)
</p>

<p>
c(182,175,164)
n(0.000000,1.000000,0.000000)
C(805.000000,0.000000,840.000000)
p(4,76,77,38,41)
t(38,41,76)
t(76,77,38)
</p>

<p>
c(183,175,160)
n(0.000000,1.000000,0.000000)
C(857.500000,0.000000,280.000000)
p(4,78,77,38,35)
t(77,78,35)
t(35,38,77)
</p>

<p>
c(188,163,116)
n(0.000000,1.000000,0.000000)
C(980.000000,0.000000,-2520.000000)
p(5,79,80,2,3,7)
t(3,7,79)
t(79,80,2)
t(2,3,79)
</p>

<p>
c(188,164,120)
n(0.000000,1.000000,0.000000)
C(980.000000,0.000000,-1960.000000)
p(4,81,79,7,14)
t(7,14,81)
t(81,79,7)
</p>

<p>
c(187,166,127)
n(0.000000,1.000000,0.000000)
C(938.000000,0.000000,-1400.000000)
p(5,81,82,22,19,14)
t(82,81,14)
t(14,19,22)
t(22,82,14)
</p>

<p>
c(185,169,140)
n(0.000000,1.000000,0.000000)
C(980.000000,0.000000,-840.000000)
p(5,82,83,29,26,22)
t(83,82,22)
t(26,29,83)
t(83,22,26)
</p>

<p>
c(184,173,153)
n(0.000000,1.000000,0.000000)
C(896.000000,0.000000,-280.000000)
p(5,78,83,29,32,35)
t(32,35,78)
t(78,83,29)
t(29,32,78)
</p>

<p>
c(180,180,180)
n(0.000000,1.000000,0.000000)
C(-770.000000,0.000000,2520.000000)
p(4,84,85,66,49)
t(66,49,84)
t(84,85,66)
</p>

<p>
c(180,180,180)
n(0.000000,1.000000,0.000000)
C(-770.000000,0.000000,1960.000000)
p(4,86,84,49,45)
t(49,45,86)
t(86,84,49)
</p>

<p>
c(181,178,172)
n(0.000000,1.000000,0.000000)
C(-756.000000,0.000000,1400.000000)
p(5,86,87,39,42,45)
t(87,86,45)
t(42,39,87)
t(87,45,42)
</p>

<p>
c(182,175,164)
n(0.000000,1.000000,0.000000)
C(-822.500000,0.000000,840.000000)
p(4,87,88,36,39)
t(88,87,39)
t(39,36,88)
</p>

<p>
c(183,175,160)
n(0.000000,1.000000,0.000000)
C(-910.000000,0.000000,280.000000)
p(4,89,88,36,33)
t(36,33,89)
t(89,88,36)
</p>

<p>
c(188,163,116)
n(0.000000,1.000000,0.000000)
C(-994.000000,0.000000,-2520.000000)
p(5,90,91,5,4,8)
t(91,90,8)
t(4,5,91)
t(91,8,4)
</p>

<p>
c(188,164,120)
n(0.000000,1.000000,0.000000)
C(-980.000000,0.000000,-1960.000000)
p(4,92,90,8,17)
t(90,92,17)
t(17,8,90)
</p>

<p>
c(187,166,127)
n(0.000000,1.000000,0.000000)
C(-938.000000,0.000000,-1400.000000)
p(5,92,93,23,20,17)
t(20,17,92)
t(92,93,23)
t(23,20,92)
</p>

<p>
c(185,169,140)
n(0.000000,1.000000,0.000000)
C(-910.000000,0.000000,-840.000000)
p(5,93,94,27,24,23)
t(24,23,93)
t(93,94,27)
t(27,24,93)
</p>

<p>
c(184,173,153)
n(0.000000,1.000000,0.000000)
C(-910.000000,0.000000,-280.000000)
p(5,89,94,27,30,33)
t(94,89,33)
t(30,27,94)
t(94,33,30)
</p>

<p>
c(199,188,166)
n(0.000000,1.000000,0.000000)
C(0.000000,0.000000,-2240.000000)
p(4,16,9,12,15)
t(9,16,15)
t(15,12,9)
</p>

<p>
c(181,179,176)
n(0.000000,1.000000,0.000000)
C(0.000000,0.000000,2240.000000)
p(4,51,63,69,62)
t(69,62,51)
t(51,63,69)
</p>

<p>
c(206,140,19)
light()
n(0.000000,1.000000,0.000000)
C(-650.000000,0.000000,2240.000000)
p(4,67,55,54,68)
t(55,67,68)
t(68,54,55)
</p>

<p>
c(206,140,19)
light()
n(0.000000,1.000000,0.000000)
C(650.000000,0.000000,2240.000000)
p(4,71,58,59,70)
t(59,70,71)
t(71,58,59)
</p>

