v(-700.000000,0.000000,-2164.000000)
v(0.000000,0.000000,-2164.000000)
v(0.000000,-145.000000,-1623.000000)
v(-700.000000,-145.000000,-1623.000000)
v(700.000000,0.000000,-2164.000000)
v(700.000000,-145.000000,-1623.000000)
v(-700.000000,-290.000000,-1082.000000)
v(0.000000,-290.000000,-1082.000000)
v(700.000000,-290.000000,-1082.000000)
v(0.000000,-435.000000,-541.000000)
v(-700.000000,-435.000000,-541.000000)
v(700.000000,-435.000000,-541.000000)
v(-700.000000,0.000000,2164.000000)
v(0.000000,0.000000,2164.000000)
v(0.000000,-145.000000,1623.000000)
v(-700.000000,-145.000000,1623.000000)
v(700.000000,0.000000,2164.000000)
v(700.000000,-145.000000,1623.000000)
v(-700.000000,-290.000000,1082.000000)
v(0.000000,-290.000000,1082.000000)
v(700.000000,-290.000000,1082.000000)
v(0.000000,-435.000000,541.000000)
v(-700.000000,-435.000000,541.000000)
v(700.000000,-435.000000,541.000000)
v(-700.000000,0.000000,-1623.000000)
v(-700.000000,-145.000000,-1082.000000)
v(-700.000000,-380.000000,-541.000000)
v(-700.000000,0.000000,-1082.000000)
v(-700.000000,-145.000000,-541.000000)
v(-700.000000,0.000000,-541.000000)
v(-700.000000,0.000000,0.000000)
v(-700.000000,-145.000000,0.000000)
v(700.000000,0.000000,-1623.000000)
v(700.000000,-145.000000,-1082.000000)
v(700.000000,-380.000000,-541.000000)
v(700.000000,0.000000,-1082.000000)
v(700.000000,-145.000000,-541.000000)
v(700.000000,0.000000,-541.000000)
v(700.000000,0.000000,0.000000)
v(700.000000,-145.000000,0.000000)
v(-700.000000,0.000000,1623.000000)
v(-700.000000,-145.000000,1082.000000)
v(-700.000000,-380.000000,541.000000)
v(-700.000000,0.000000,1082.000000)
v(-700.000000,-145.000000,541.000000)
v(-700.000000,0.000000,541.000000)
v(700.000000,0.000000,1623.000000)
v(700.000000,-145.000000,1082.000000)
v(700.000000,-380.000000,541.000000)
v(700.000000,0.000000,1082.000000)
v(700.000000,-145.000000,541.000000)
v(700.000000,0.000000,541.000000)
v(-840.000000,0.000000,2164.000000)
v(-840.000000,0.000000,1464.000000)
v(-700.000000,0.000000,1464.000000)
v(-700.000000,0.000000,764.000000)
v(-840.000000,0.000000,764.000000)
v(-840.000000,0.000000,0.000000)
v(-840.000000,0.000000,-2164.000000)
v(-840.000000,0.000000,-1464.000000)
v(-700.000000,0.000000,-1464.000000)
v(-700.000000,0.000000,-764.000000)
v(-840.000000,0.000000,-764.000000)
v(840.000000,0.000000,2164.000000)
v(840.000000,0.000000,1464.000000)
v(700.000000,0.000000,1464.000000)
v(700.000000,0.000000,764.000000)
v(840.000000,0.000000,764.000000)
v(840.000000,0.000000,0.000000)
v(840.000000,0.000000,-2164.000000)
v(840.000000,0.000000,-1464.000000)
v(700.000000,0.000000,-1464.000000)
v(700.000000,0.000000,-764.000000)
v(840.000000,0.000000,-764.000000)

<p>
c(145,145,145)
n(0.000000,0.965908,0.258885)
p(4,0,1,2,3)
t(1,0,3)
t(3,2,1)
</p>

<p>
c(150,150,150)
n(0.000000,0.965908,0.258885)
p(4,4,1,2,5)
t(2,5,4)
t(4,1,2)
</p>

<p>
c(145,145,145)
n(0.000000,0.965908,0.258885)
p(4,6,7,2,3)
t(2,3,6)
t(6,7,2)
</p>

<p>
c(145,145,145)
n(0.000000,0.965908,0.258885)
p(4,8,7,2,5)
t(7,8,5)
t(5,2,7)
</p>

<p>
c(150,150,150)
n(0.000000,0.965908,0.258885)
p(4,6,7,9,10)
t(7,6,10)
t(10,9,7)
</p>

<p>
c(145,145,145)
n(0.000000,0.965908,0.258885)
p(4,8,7,9,11)
t(9,11,8)
t(8,7,9)
</p>

<p>
c(145,145,145)
n(0.000000,0.965908,-0.258885)
p(4,12,13,14,15)
t(14,15,12)
t(12,13,14)
</p>

<p>
c(150,150,150)
n(0.000000,0.965908,-0.258885)
p(4,16,13,14,17)
t(13,16,17)
t(17,14,13)
</p>

<p>
c(150,150,150)
n(0.000000,0.965908,-0.258885)
p(4,18,19,14,15)
t(19,18,15)
t(15,14,19)
</p>

<p>
c(150,150,150)
n(0.000000,0.965908,-0.258885)
p(4,20,19,14,17)
t(14,17,20)
t(20,19,14)
</p>

<p>
c(150,150,150)
n(0.000000,0.965908,-0.258885)
p(4,18,19,21,22)
t(21,22,18)
t(18,19,21)
</p>

<p>
c(145,145,145)
n(0.000000,0.965908,-0.258885)
p(4,20,19,21,23)
t(19,20,23)
t(23,21,19)
</p>

<p>
c(145,145,145)
n(0.000000,1.000000,0.000000)
p(4,11,9,21,23)
t(21,23,11)
t(11,9,21)
</p>

<p>
c(150,150,150)
n(0.000000,1.000000,0.000000)
p(4,10,9,21,22)
t(9,10,22)
t(22,21,9)
</p>

<p>
c(145,145,145)
n(1.000000,0.000000,0.000000)
p(3,0,24,3)
t(24,3,0)
</p>

<p>
c(145,145,145)
n(1.000000,0.000000,0.000000)
p(4,6,25,26,10)
t(26,10,6)
t(6,25,26)
</p>

<p>
c(145,145,145)
n(1.000000,0.000000,0.000000)
p(4,27,25,28,29)
t(25,27,29)
t(29,28,25)
</p>

<p>
c(145,145,145)
n(1.000000,0.000000,0.000000)
p(4,30,31,28,29)
t(28,29,30)
t(30,31,28)
</p>

<p>
c(145,145,145)
n(1.000000,0.000000,0.000000)
p(4,6,27,24,3)
t(27,6,3)
t(3,24,27)
</p>

<p>
c(145,145,145)
n(1.000000,0.000000,0.000000)
p(3,4,32,5)
t(32,5,4)
</p>

<p>
c(145,145,145)
n(1.000000,0.000000,0.000000)
p(4,8,33,34,11)
t(34,11,8)
t(8,33,34)
</p>

<p>
c(145,145,145)
n(1.000000,0.000000,0.000000)
p(4,35,33,36,37)
t(33,35,37)
t(37,36,33)
</p>

<p>
c(145,145,145)
n(1.000000,0.000000,0.000000)
p(4,38,39,36,37)
t(36,37,38)
t(38,39,36)
</p>

<p>
c(145,145,145)
n(1.000000,0.000000,0.000000)
p(4,8,35,32,5)
t(35,8,5)
t(5,32,35)
</p>

<p>
c(145,145,145)
n(1.000000,0.000000,0.000000)
p(3,12,40,15)
t(40,12,15)
</p>

<p>
c(145,145,145)
n(1.000000,0.000000,0.000000)
p(4,18,41,42,22)
t(41,18,22)
t(22,42,41)
</p>

<p>
c(145,145,145)
n(1.000000,0.000000,0.000000)
p(4,43,41,44,45)
t(44,45,43)
t(43,41,44)
</p>

<p>
c(145,145,145)
n(1.000000,0.000000,0.000000)
p(4,30,31,44,45)
t(31,30,45)
t(45,44,31)
</p>

<p>
c(145,145,145)
n(1.000000,0.000000,0.000000)
p(4,18,43,40,15)
t(40,15,18)
t(18,43,40)
</p>

<p>
c(145,145,145)
n(1.000000,0.000000,0.000000)
p(3,16,46,17)
t(46,16,17)
</p>

<p>
c(145,145,145)
n(1.000000,0.000000,0.000000)
p(4,20,47,48,23)
t(47,20,23)
t(23,48,47)
</p>

<p>
c(145,145,145)
n(1.000000,0.000000,0.000000)
p(4,49,47,50,51)
t(50,51,49)
t(49,47,50)
</p>

<p>
c(145,145,145)
n(1.000000,0.000000,0.000000)
p(4,38,39,50,51)
t(39,38,51)
t(51,50,39)
</p>

<p>
c(145,145,145)
n(1.000000,0.000000,0.000000)
p(4,20,49,46,17)
t(46,17,20)
t(20,49,46)
</p>

<p>
c(145,145,145)
n(1.000000,0.000000,0.000000)
p(4,42,22,10,26)
t(10,26,42)
t(42,22,10)
</p>

<p>
c(145,145,145)
n(1.000000,0.000000,0.000000)
p(4,48,23,11,34)
t(11,34,48)
t(48,23,11)
</p>

<p>
c(180,180,180)
n(0.000000,1.000000,0.000000)
p(4,12,52,53,54)
t(52,12,54)
t(54,53,52)
</p>

<p>
c(180,180,180)
n(0.000000,1.000000,0.000000)
p(4,55,56,53,54)
t(53,54,55)
t(55,56,53)
</p>

<p>
c(180,180,180)
n(0.000000,1.000000,0.000000)
p(4,55,56,57,30)
t(56,55,30)
t(30,57,56)
</p>

<p>
c(180,180,180)
n(0.000000,1.000000,0.000000)
p(4,0,58,59,60)
t(59,60,0)
t(0,58,59)
</p>

<p>
c(180,180,180)
n(0.000000,1.000000,0.000000)
p(4,61,62,59,60)
t(62,61,60)
t(60,59,62)
</p>

<p>
c(180,180,180)
n(0.000000,1.000000,0.000000)
p(4,61,62,57,30)
t(57,30,61)
t(61,62,57)
</p>

<p>
c(180,180,180)
n(0.000000,1.000000,0.000000)
p(4,16,63,64,65)
t(64,65,16)
t(16,63,64)
</p>

<p>
c(180,180,180)
n(0.000000,1.000000,0.000000)
p(4,66,67,64,65)
t(67,66,65)
t(65,64,67)
</p>

<p>
c(180,180,180)
n(0.000000,1.000000,0.000000)
p(4,66,67,68,38)
t(68,38,66)
t(66,67,68)
</p>

<p>
c(180,180,180)
n(0.000000,1.000000,0.000000)
p(4,4,69,70,71)
t(69,4,71)
t(71,70,69)
</p>

<p>
c(180,180,180)
n(0.000000,1.000000,0.000000)
p(4,72,73,70,71)
t(70,71,72)
t(72,73,70)
</p>

<p>
c(180,180,180)
n(0.000000,1.000000,0.000000)
p(4,72,73,68,38)
t(73,72,38)
t(38,68,73)
</p>

