v(0.000000,0.000000,-2240.000000)
v(0.000000,0.000000,-2800.000000)
v(700.000000,0.000000,-2800.000000)
v(700.000000,0.000000,-2240.000000)
v(-700.000000,0.000000,-2240.000000)
v(-700.000000,0.000000,-2800.000000)
v(0.000000,0.000000,-1680.000000)
v(700.000000,0.000000,-1680.000000)
v(-700.000000,0.000000,-1680.000000)
v(0.000000,0.000000,-1120.000000)
v(700.000000,0.000000,-1120.000000)
v(-700.000000,0.000000,-1120.000000)
v(-700.000000,0.000000,-560.000000)
v(0.000000,0.000000,-560.000000)
v(700.000000,0.000000,-560.000000)
v(-700.000000,0.000000,0.000000)
v(0.000000,0.000000,0.000000)
v(700.000000,0.000000,0.000000)
v(-700.000000,0.000000,560.000000)
v(0.000000,0.000000,560.000000)
v(700.000000,0.000000,560.000000)
v(-700.000000,0.000000,1120.000000)
v(0.000000,0.000000,1120.000000)
v(700.000000,0.000000,1120.000000)
v(-700.000000,0.000000,1680.000000)
v(0.000000,0.000000,1680.000000)
v(700.000000,0.000000,1680.000000)
v(-700.000000,0.000000,2240.000000)
v(0.000000,0.000000,2240.000000)
v(700.000000,0.000000,2240.000000)
v(-700.000000,0.000000,2800.000000)
v(0.000000,0.000000,2800.000000)
v(700.000000,0.000000,2800.000000)
v(840.000000,0.000000,-2100.000000)
v(840.000000,0.000000,-2800.000000)
v(700.000000,0.000000,-2100.000000)
v(840.000000,0.000000,-1400.000000)
v(700.000000,0.000000,-1400.000000)
v(840.000000,0.000000,-700.000000)
v(700.000000,0.000000,-700.000000)
v(840.000000,0.000000,0.000000)
v(840.000000,0.000000,2100.000000)
v(840.000000,0.000000,2800.000000)
v(700.000000,0.000000,2100.000000)
v(840.000000,0.000000,1400.000000)
v(700.000000,0.000000,1400.000000)
v(840.000000,0.000000,700.000000)
v(700.000000,0.000000,700.000000)
v(-840.000000,0.000000,-2100.000000)
v(-840.000000,0.000000,-2800.000000)
v(-700.000000,0.000000,-2100.000000)
v(-840.000000,0.000000,-1400.000000)
v(-700.000000,0.000000,-1400.000000)
v(-840.000000,0.000000,-700.000000)
v(-700.000000,0.000000,-700.000000)
v(-840.000000,0.000000,0.000000)
v(-840.000000,0.000000,2100.000000)
v(-840.000000,0.000000,2800.000000)
v(-700.000000,0.000000,2100.000000)
v(-840.000000,0.000000,1400.000000)
v(-700.000000,0.000000,1400.000000)
v(-840.000000,0.000000,700.000000)
v(-700.000000,0.000000,700.000000)
v(-112.000000,0.000000,3220.000000)
v(-718.000000,0.000000,2870.000000)
v(493.000000,0.000000,3570.000000)
v(615.000000,0.000000,3640.000000)
v(112.000000,0.000000,-3220.000000)
v(718.000000,0.000000,-2870.000000)
v(-493.000000,0.000000,-3570.000000)
v(-615.000000,0.000000,-3640.000000)
v(-20.000000,0.000000,280.000000)
v(-20.000000,0.000000,-280.000000)
v(20.000000,0.000000,-280.000000)
v(20.000000,0.000000,280.000000)
v(-20.000000,0.000000,1400.000000)
v(-20.000000,0.000000,840.000000)
v(20.000000,0.000000,840.000000)
v(20.000000,0.000000,1400.000000)
v(-20.000000,0.000000,-1400.000000)
v(-20.000000,0.000000,-840.000000)
v(20.000000,0.000000,-840.000000)
v(20.000000,0.000000,-1400.000000)
v(-20.000000,0.000000,1960.000000)
v(-20.000000,0.000000,2520.000000)
v(20.000000,0.000000,2520.000000)
v(20.000000,0.000000,1960.000000)
v(-20.000000,0.000000,-1960.000000)
v(-20.000000,0.000000,-2520.000000)
v(20.000000,0.000000,-2520.000000)
v(20.000000,0.000000,-1960.000000)
v(-670.000000,0.000000,40.000000)
v(-670.000000,0.000000,-40.000000)
v(-630.000000,0.000000,-40.000000)
v(-630.000000,0.000000,40.000000)
v(670.000000,0.000000,40.000000)
v(670.000000,0.000000,-40.000000)
v(630.000000,0.000000,-40.000000)
v(630.000000,0.000000,40.000000)
v(-670.000000,0.000000,1160.000000)
v(-670.000000,0.000000,1080.000000)
v(-630.000000,0.000000,1080.000000)
v(-630.000000,0.000000,1160.000000)
v(670.000000,0.000000,1160.000000)
v(670.000000,0.000000,1080.000000)
v(630.000000,0.000000,1080.000000)
v(630.000000,0.000000,1160.000000)
v(-670.000000,0.000000,-1160.000000)
v(-670.000000,0.000000,-1080.000000)
v(-630.000000,0.000000,-1080.000000)
v(-630.000000,0.000000,-1160.000000)
v(670.000000,0.000000,-1160.000000)
v(670.000000,0.000000,-1080.000000)
v(630.000000,0.000000,-1080.000000)
v(630.000000,0.000000,-1160.000000)
v(-670.000000,0.000000,2280.000000)
v(-670.000000,0.000000,2200.000000)
v(-630.000000,0.000000,2200.000000)
v(-630.000000,0.000000,2280.000000)
v(670.000000,0.000000,2280.000000)
v(670.000000,0.000000,2200.000000)
v(630.000000,0.000000,2200.000000)
v(630.000000,0.000000,2280.000000)
v(-670.000000,0.000000,-2280.000000)
v(-670.000000,0.000000,-2200.000000)
v(-630.000000,0.000000,-2200.000000)
v(-630.000000,0.000000,-2280.000000)
v(670.000000,0.000000,-2280.000000)
v(670.000000,0.000000,-2200.000000)
v(630.000000,0.000000,-2200.000000)
v(630.000000,0.000000,-2280.000000)

<p>
c(150,150,150)
n(0.000000,1.000000,0.000000)
C(350.000000,0.000000,-2520.000000)
p(4,0,1,2,3)
t(1,0,3)
t(3,2,1)
</p>

<p>
c(145,145,145)
n(0.000000,1.000000,0.000000)
C(-350.000000,0.000000,-2520.000000)
p(4,4,5,1,0)
t(5,4,0)
t(0,1,5)
</p>

<p>
c(150,150,150)
n(0.000000,1.000000,0.000000)
C(350.000000,0.000000,-1960.000000)
p(4,0,6,7,3)
t(7,3,0)
t(0,6,7)
</p>

<p>
c(145,145,145)
n(0.000000,1.000000,0.000000)
C(-350.000000,0.000000,-1960.000000)
p(4,4,8,6,0)
t(6,0,4)
t(4,8,6)
</p>

<p>
c(150,150,150)
n(0.000000,1.000000,0.000000)
C(350.000000,0.000000,-1400.000000)
p(4,9,6,7,10)
t(6,9,10)
t(10,7,6)
</p>

<p>
c(150,150,150)
n(0.000000,1.000000,0.000000)
C(-350.000000,0.000000,-1400.000000)
p(4,11,8,6,9)
t(8,11,9)
t(9,6,8)
</p>

<p>
c(150,150,150)
n(0.000000,1.000000,0.000000)
C(-350.000000,0.000000,-840.000000)
p(4,11,12,13,9)
t(13,9,11)
t(11,12,13)
</p>

<p>
c(145,145,145)
n(0.000000,1.000000,0.000000)
C(350.000000,0.000000,-840.000000)
p(4,9,13,14,10)
t(14,10,9)
t(9,13,14)
</p>

<p>
c(145,145,145)
n(0.000000,1.000000,0.000000)
C(-350.000000,0.000000,-280.000000)
p(4,15,12,13,16)
t(12,15,16)
t(16,13,12)
</p>

<p>
c(145,145,145)
n(0.000000,1.000000,0.000000)
C(350.000000,0.000000,-280.000000)
p(4,16,13,14,17)
t(13,16,17)
t(17,14,13)
</p>

<p>
c(150,150,150)
n(0.000000,1.000000,0.000000)
C(-350.000000,0.000000,280.000000)
p(4,15,18,19,16)
t(19,16,15)
t(15,18,19)
</p>

<p>
c(145,145,145)
n(0.000000,1.000000,0.000000)
C(350.000000,0.000000,280.000000)
p(4,16,19,20,17)
t(20,17,16)
t(16,19,20)
</p>

<p>
c(150,150,150)
n(0.000000,1.000000,0.000000)
C(-350.000000,0.000000,840.000000)
p(4,21,18,19,22)
t(18,21,22)
t(22,19,18)
</p>

<p>
c(150,150,150)
n(0.000000,1.000000,0.000000)
C(350.000000,0.000000,840.000000)
p(4,22,19,20,23)
t(19,22,23)
t(23,20,19)
</p>

<p>
c(145,145,145)
n(0.000000,1.000000,0.000000)
C(-350.000000,0.000000,1400.000000)
p(4,21,24,25,22)
t(25,22,21)
t(21,24,25)
</p>

<p>
c(145,145,145)
n(0.000000,1.000000,0.000000)
C(350.000000,0.000000,1400.000000)
p(4,22,25,26,23)
t(26,23,22)
t(22,25,26)
</p>

<p>
c(150,150,150)
n(0.000000,1.000000,0.000000)
C(-350.000000,0.000000,1960.000000)
p(4,27,24,25,28)
t(24,27,28)
t(28,25,24)
</p>

<p>
c(145,145,145)
n(0.000000,1.000000,0.000000)
C(350.000000,0.000000,1960.000000)
p(4,28,25,26,29)
t(25,28,29)
t(29,26,25)
</p>

<p>
c(150,150,150)
n(0.000000,1.000000,0.000000)
C(-350.000000,0.000000,2520.000000)
p(4,27,30,31,28)
t(31,28,27)
t(27,30,31)
</p>

<p>
c(145,145,145)
n(0.000000,1.000000,0.000000)
C(350.000000,0.000000,2520.000000)
p(4,28,31,32,29)
t(32,29,28)
t(28,31,32)
</p>

<p>
c(180,180,180)
n(0.000000,1.000000,0.000000)
C(770.000000,0.000000,-2450.000000)
p(4,33,34,2,35)
t(2,35,33)
t(33,34,2)
</p>

<p>
c(180,180,180)
n(0.000000,1.000000,0.000000)
C(770.000000,0.000000,-1750.000000)
p(4,36,33,35,37)
t(35,37,36)
t(36,33,35)
</p>

<p>
c(180,180,180)
n(0.000000,1.000000,0.000000)
C(770.000000,0.000000,-1050.000000)
p(4,36,38,39,37)
t(38,36,37)
t(37,39,38)
</p>

<p>
c(180,180,180)
n(0.000000,1.000000,0.000000)
C(770.000000,0.000000,-350.000000)
p(4,38,40,17,39)
t(40,38,39)
t(39,17,40)
</p>

<p>
c(180,180,180)
n(0.000000,1.000000,0.000000)
C(770.000000,0.000000,2450.000000)
p(4,41,42,32,43)
t(42,41,43)
t(43,32,42)
</p>

<p>
c(180,180,180)
n(0.000000,1.000000,0.000000)
C(770.000000,0.000000,1750.000000)
p(4,44,41,43,45)
t(41,44,45)
t(45,43,41)
</p>

<p>
c(180,180,180)
n(0.000000,1.000000,0.000000)
C(770.000000,0.000000,1050.000000)
p(4,44,46,47,45)
t(47,45,44)
t(44,46,47)
</p>

<p>
c(180,180,180)
n(0.000000,1.000000,0.000000)
C(770.000000,0.000000,350.000000)
p(4,46,40,17,47)
t(17,47,46)
t(46,40,17)
</p>

<p>
c(180,180,180)
n(0.000000,1.000000,0.000000)
C(770.000000,0.000000,-2450.000000)
p(4,33,34,2,35)
t(2,35,33)
t(33,34,2)
</p>

<p>
c(180,180,180)
n(0.000000,1.000000,0.000000)
C(770.000000,0.000000,-1750.000000)
p(4,36,33,35,37)
t(35,37,36)
t(36,33,35)
</p>

<p>
c(180,180,180)
n(0.000000,1.000000,0.000000)
C(770.000000,0.000000,-1050.000000)
p(4,36,38,39,37)
t(38,36,37)
t(37,39,38)
</p>

<p>
c(180,180,180)
n(0.000000,1.000000,0.000000)
C(770.000000,0.000000,-350.000000)
p(4,38,40,17,39)
t(40,38,39)
t(39,17,40)
</p>

<p>
c(180,180,180)
n(0.000000,1.000000,0.000000)
C(-770.000000,0.000000,-2450.000000)
p(4,48,49,5,50)
t(49,48,50)
t(50,5,49)
</p>

<p>
c(180,180,180)
n(0.000000,1.000000,0.000000)
C(-770.000000,0.000000,-1750.000000)
p(4,51,48,50,52)
t(48,51,52)
t(52,50,48)
</p>

<p>
c(180,180,180)
n(0.000000,1.000000,0.000000)
C(-770.000000,0.000000,-1050.000000)
p(4,51,53,54,52)
t(54,52,51)
t(51,53,54)
</p>

<p>
c(180,180,180)
n(0.000000,1.000000,0.000000)
C(-770.000000,0.000000,-350.000000)
p(4,53,55,15,54)
t(15,54,53)
t(53,55,15)
</p>

<p>
c(180,180,180)
n(0.000000,1.000000,0.000000)
C(-770.000000,0.000000,2450.000000)
p(4,56,57,30,58)
t(30,58,56)
t(56,57,30)
</p>

<p>
c(180,180,180)
n(0.000000,1.000000,0.000000)
C(-770.000000,0.000000,1750.000000)
p(4,59,56,58,60)
t(58,60,59)
t(59,56,58)
</p>

<p>
c(180,180,180)
n(0.000000,1.000000,0.000000)
C(-770.000000,0.000000,1050.000000)
p(4,59,61,62,60)
t(61,59,60)
t(60,62,61)
</p>

<p>
c(180,180,180)
n(0.000000,1.000000,0.000000)
C(-770.000000,0.000000,350.000000)
p(4,61,55,15,62)
t(55,61,62)
t(62,15,55)
</p>

<p>
c(145,145,145)
n(0.000000,1.000000,0.000000)
C(-382.500000,0.000000,2922.500000)
p(4,30,31,63,64)
t(31,30,64)
t(64,63,31)
</p>

<p>
c(145,145,145)
n(0.000000,1.000000,0.000000)
C(270.250000,0.000000,3097.500000)
p(4,32,31,63,65)
t(63,65,32)
t(32,31,63)
</p>

<p>
c(180,180,180)
n(0.000000,1.000000,0.000000)
C(-752.666667,0.000000,2823.333333)
p(3,57,30,64)
t(30,57,64)
</p>

<p>
c(180,180,180)
n(0.000000,1.000000,0.000000)
C(662.000000,0.000000,3202.500000)
p(4,42,32,65,66)
t(65,66,42)
t(42,32,65)
</p>

<p>
c(145,145,145)
n(0.000000,1.000000,0.000000)
C(382.500000,0.000000,-2922.500000)
p(4,2,1,67,68)
t(1,2,68)
t(68,67,1)
</p>

<p>
c(145,145,145)
n(0.000000,1.000000,0.000000)
C(-270.250000,0.000000,-3097.500000)
p(4,5,1,67,69)
t(67,69,5)
t(5,1,67)
</p>

<p>
c(180,180,180)
n(0.000000,1.000000,0.000000)
C(752.666667,0.000000,-2823.333333)
p(3,34,2,68)
t(2,34,68)
</p>

<p>
c(180,180,180)
n(0.000000,1.000000,0.000000)
C(-662.000000,0.000000,-3202.500000)
p(4,49,5,69,70)
t(69,70,49)
t(49,5,69)
</p>

<p>
c(180,180,180)
n(0.000000,1.000000,0.000000)
C(0.000000,0.000000,0.000000)
p(4,71,72,73,74)
t(72,71,74)
t(74,73,72)
</p>

<p>
c(180,180,180)
n(0.000000,1.000000,0.000000)
C(0.000000,0.000000,1120.000000)
p(4,75,76,77,78)
t(76,75,78)
t(78,77,76)
</p>

<p>
c(180,180,180)
n(0.000000,1.000000,0.000000)
C(0.000000,0.000000,-1120.000000)
p(4,79,80,81,82)
t(81,82,79)
t(79,80,81)
</p>

<p>
c(180,180,180)
n(0.000000,1.000000,0.000000)
C(0.000000,0.000000,2240.000000)
p(4,83,84,85,86)
t(85,86,83)
t(83,84,85)
</p>

<p>
c(180,180,180)
n(0.000000,1.000000,0.000000)
C(0.000000,0.000000,-2240.000000)
p(4,87,88,89,90)
t(88,87,90)
t(90,89,88)
</p>

<p>
c(206,140,19)
light()
n(0.000000,1.000000,0.000000)
C(-650.000000,0.000000,0.000000)
p(4,91,92,93,94)
t(92,91,94)
t(94,93,92)
</p>

<p>
c(206,140,19)
light()
n(0.000000,1.000000,0.000000)
C(650.000000,0.000000,0.000000)
p(4,95,96,97,98)
t(97,98,95)
t(95,96,97)
</p>

<p>
c(206,140,19)
light()
n(0.000000,1.000000,0.000000)
C(-650.000000,0.000000,1120.000000)
p(4,99,100,101,102)
t(100,99,102)
t(102,101,100)
</p>

<p>
c(206,140,19)
light()
n(0.000000,1.000000,0.000000)
C(650.000000,0.000000,1120.000000)
p(4,103,104,105,106)
t(105,106,103)
t(103,104,105)
</p>

<p>
c(206,140,19)
light()
n(0.000000,1.000000,0.000000)
C(-650.000000,0.000000,-1120.000000)
p(4,107,108,109,110)
t(109,110,107)
t(107,108,109)
</p>

<p>
c(206,140,19)
light()
n(0.000000,1.000000,0.000000)
C(650.000000,0.000000,-1120.000000)
p(4,111,112,113,114)
t(112,111,114)
t(114,113,112)
</p>

<p>
c(206,140,19)
light()
n(0.000000,1.000000,0.000000)
C(-650.000000,0.000000,2240.000000)
p(4,115,116,117,118)
t(116,115,118)
t(118,117,116)
</p>

<p>
c(206,140,19)
light()
n(0.000000,1.000000,0.000000)
C(650.000000,0.000000,2240.000000)
p(4,119,120,121,122)
t(121,122,119)
t(119,120,121)
</p>

<p>
c(206,140,19)
light()
n(0.000000,1.000000,0.000000)
C(-650.000000,0.000000,-2240.000000)
p(4,123,124,125,126)
t(125,126,123)
t(123,124,125)
</p>

<p>
c(206,140,19)
light()
n(0.000000,1.000000,0.000000)
C(650.000000,0.000000,-2240.000000)
p(4,127,128,129,130)
t(128,127,130)
t(130,129,128)
</p>

