v(140.000000,0.000000,-2240.000000)
v(70.000000,0.000000,-2800.000000)
v(840.000000,0.000000,-2800.000000)
v(910.000000,0.000000,-2240.000000)
v(-910.000000,0.000000,-2240.000000)
v(-840.000000,0.000000,-2800.000000)
v(-70.000000,0.000000,-1680.000000)
v(770.000000,0.000000,-1680.000000)
v(-770.000000,0.000000,-1680.000000)
v(0.000000,0.000000,-1120.000000)
v(840.000000,0.000000,-1120.000000)
v(-840.000000,0.000000,-1120.000000)
v(-770.000000,0.000000,-560.000000)
v(-140.000000,0.000000,-560.000000)
v(840.000000,0.000000,-560.000000)
v(-840.000000,0.000000,0.000000)
v(-70.000000,0.000000,0.000000)
v(700.000000,0.000000,0.000000)
v(-770.000000,0.000000,560.000000)
v(0.000000,0.000000,560.000000)
v(700.000000,0.000000,560.000000)
v(-700.000000,0.000000,1120.000000)
v(0.000000,0.000000,1120.000000)
v(910.000000,0.000000,1120.000000)
v(-770.000000,0.000000,1680.000000)
v(-70.000000,0.000000,1680.000000)
v(840.000000,0.000000,1680.000000)
v(-910.000000,0.000000,2240.000000)
v(140.000000,0.000000,2240.000000)
v(770.000000,0.000000,2240.000000)
v(-840.000000,0.000000,2800.000000)
v(70.000000,0.000000,2800.000000)
v(840.000000,0.000000,2800.000000)
v(1260.000000,0.000000,2240.000000)
v(1190.000000,0.000000,2800.000000)
v(1260.000000,0.000000,1680.000000)
v(1190.000000,0.000000,1120.000000)
v(1120.000000,0.000000,560.000000)
v(1190.000000,0.000000,0.000000)
v(1260.000000,0.000000,-2240.000000)
v(1190.000000,0.000000,-2800.000000)
v(1120.000000,0.000000,-1680.000000)
v(1190.000000,0.000000,-1120.000000)
v(1190.000000,0.000000,-560.000000)
v(-1120.000000,0.000000,2240.000000)
v(-1190.000000,0.000000,2800.000000)
v(-1190.000000,0.000000,1680.000000)
v(-1120.000000,0.000000,1120.000000)
v(-1260.000000,0.000000,560.000000)
v(-1190.000000,0.000000,0.000000)
v(-1120.000000,0.000000,-2240.000000)
v(-1190.000000,0.000000,-2800.000000)
v(-1120.000000,0.000000,-1680.000000)
v(-1260.000000,0.000000,-1120.000000)
v(-1260.000000,0.000000,-560.000000)
v(-605.000000,0.000000,1430.000000)
v(-617.000000,0.000000,1385.000000)
v(-569.000000,0.000000,1391.000000)
v(-557.000000,0.000000,1436.000000)
v(-524.000000,0.000000,1430.000000)
v(-536.000000,0.000000,1385.000000)
v(-488.000000,0.000000,1388.000000)
v(-476.000000,0.000000,1433.000000)
v(-626.000000,0.000000,1343.000000)
v(-638.000000,0.000000,1295.000000)
v(-590.000000,0.000000,1301.000000)
v(-575.000000,0.000000,1349.000000)
v(-545.000000,0.000000,1343.000000)
v(-557.000000,0.000000,1295.000000)
v(-509.000000,0.000000,1304.000000)
v(-497.000000,0.000000,1349.000000)
v(-303.000000,0.000000,1472.000000)
v(-321.000000,0.000000,1514.000000)
v(-381.000000,0.000000,1490.000000)
v(-399.000000,0.000000,1457.000000)
v(-393.000000,0.000000,1424.000000)
v(-369.000000,0.000000,1376.000000)
v(-390.000000,0.000000,1349.000000)
v(-426.000000,0.000000,1340.000000)
v(-417.000000,0.000000,1289.000000)
v(-357.000000,0.000000,1313.000000)
v(-324.000000,0.000000,1364.000000)
v(-336.000000,0.000000,1406.000000)
v(-354.000000,0.000000,1442.000000)
v(-339.000000,0.000000,1463.000000)
v(-261.000000,0.000000,1502.000000)
v(-270.000000,0.000000,1466.000000)
v(-213.000000,0.000000,1469.000000)
v(-249.000000,0.000000,1382.000000)
v(-273.000000,0.000000,1298.000000)
v(-225.000000,0.000000,1310.000000)
v(-204.000000,0.000000,1388.000000)
v(-177.000000,0.000000,1463.000000)
v(-189.000000,0.000000,1472.000000)
v(-129.000000,0.000000,1472.000000)
v(-117.000000,0.000000,1511.000000)
v(135.000000,0.000000,1511.000000)
v(78.000000,0.000000,1505.000000)
v(87.000000,0.000000,1460.000000)
v(96.000000,0.000000,1460.000000)
v(126.000000,0.000000,1463.000000)
v(153.000000,0.000000,1469.000000)
v(189.000000,0.000000,1457.000000)
v(183.000000,0.000000,1436.000000)
v(153.000000,0.000000,1424.000000)
v(120.000000,0.000000,1421.000000)
v(138.000000,0.000000,1457.000000)
v(72.000000,0.000000,1406.000000)
v(54.000000,0.000000,1355.000000)
v(39.000000,0.000000,1298.000000)
v(84.000000,0.000000,1307.000000)
v(111.000000,0.000000,1388.000000)
v(153.000000,0.000000,1337.000000)
v(174.000000,0.000000,1301.000000)
v(219.000000,0.000000,1319.000000)
v(195.000000,0.000000,1352.000000)
v(165.000000,0.000000,1388.000000)
v(195.000000,0.000000,1400.000000)
v(219.000000,0.000000,1424.000000)
v(228.000000,0.000000,1457.000000)
v(222.000000,0.000000,1481.000000)
v(186.000000,0.000000,1502.000000)
v(-108.000000,0.000000,1367.000000)
v(-138.000000,0.000000,1298.000000)
v(-90.000000,0.000000,1310.000000)
v(-66.000000,0.000000,1364.000000)
v(-21.000000,0.000000,1367.000000)
v(-12.000000,0.000000,1391.000000)
v(-24.000000,0.000000,1397.000000)
v(-51.000000,0.000000,1394.000000)
v(-9.000000,0.000000,1466.000000)
v(-6.000000,0.000000,1439.000000)
v(-39.000000,0.000000,1304.000000)
v(9.000000,0.000000,1313.000000)
v(24.000000,0.000000,1403.000000)
v(27.000000,0.000000,1457.000000)
v(24.000000,0.000000,1514.000000)
v(-9.000000,0.000000,1511.000000)
v(-45.000000,0.000000,1466.000000)
v(-75.000000,0.000000,1424.000000)
v(282.000000,0.000000,1502.000000)
v(273.000000,0.000000,1466.000000)
v(330.000000,0.000000,1469.000000)
v(294.000000,0.000000,1382.000000)
v(270.000000,0.000000,1298.000000)
v(318.000000,0.000000,1310.000000)
v(339.000000,0.000000,1388.000000)
v(366.000000,0.000000,1463.000000)
v(354.000000,0.000000,1472.000000)
v(414.000000,0.000000,1472.000000)
v(426.000000,0.000000,1511.000000)
v(566.000000,0.000000,1346.000000)
v(554.000000,0.000000,1295.000000)
v(602.000000,0.000000,1301.000000)
v(617.000000,0.000000,1349.000000)
v(485.000000,0.000000,1343.000000)
v(473.000000,0.000000,1295.000000)
v(521.000000,0.000000,1301.000000)
v(533.000000,0.000000,1346.000000)
v(587.000000,0.000000,1430.000000)
v(578.000000,0.000000,1388.000000)
v(623.000000,0.000000,1391.000000)
v(638.000000,0.000000,1436.000000)
v(506.000000,0.000000,1430.000000)
v(494.000000,0.000000,1388.000000)
v(542.000000,0.000000,1391.000000)
v(554.000000,0.000000,1436.000000)
v(-140.000000,0.000000,-530.000000)
v(140.000000,0.000000,-530.000000)
v(140.000000,0.000000,-560.000000)
v(-120.000000,0.000000,-560.000000)
v(-120.000000,0.000000,-760.000000)
v(-140.000000,0.000000,-760.000000)
v(120.000000,0.000000,-560.000000)
v(120.000000,0.000000,-760.000000)
v(140.000000,0.000000,-760.000000)
v(-140.000000,0.000000,990.000000)
v(140.000000,0.000000,990.000000)
v(140.000000,0.000000,960.000000)
v(-140.000000,0.000000,960.000000)
v(-120.000000,0.000000,960.000000)
v(-120.000000,0.000000,760.000000)
v(-140.000000,0.000000,760.000000)
v(120.000000,0.000000,960.000000)
v(120.000000,0.000000,760.000000)
v(140.000000,0.000000,760.000000)
v(-140.000000,0.000000,230.000000)
v(140.000000,0.000000,230.000000)
v(140.000000,0.000000,200.000000)
v(-140.000000,0.000000,200.000000)
v(-120.000000,0.000000,200.000000)
v(-120.000000,0.000000,0.000000)
v(-140.000000,0.000000,0.000000)
v(120.000000,0.000000,200.000000)
v(120.000000,0.000000,0.000000)
v(140.000000,0.000000,0.000000)
v(-490.000000,0.000000,-150.000000)
v(-210.000000,0.000000,-150.000000)
v(-210.000000,0.000000,-180.000000)
v(-490.000000,0.000000,-180.000000)
v(-470.000000,0.000000,-180.000000)
v(-470.000000,0.000000,-380.000000)
v(-490.000000,0.000000,-380.000000)
v(-230.000000,0.000000,-180.000000)
v(-230.000000,0.000000,-380.000000)
v(-210.000000,0.000000,-380.000000)
v(490.000000,0.000000,-150.000000)
v(210.000000,0.000000,-150.000000)
v(210.000000,0.000000,-180.000000)
v(490.000000,0.000000,-180.000000)
v(470.000000,0.000000,-180.000000)
v(470.000000,0.000000,-380.000000)
v(490.000000,0.000000,-380.000000)
v(230.000000,0.000000,-180.000000)
v(230.000000,0.000000,-380.000000)
v(210.000000,0.000000,-380.000000)
v(-490.000000,0.000000,610.000000)
v(-210.000000,0.000000,610.000000)
v(-210.000000,0.000000,580.000000)
v(-490.000000,0.000000,580.000000)
v(-470.000000,0.000000,580.000000)
v(-470.000000,0.000000,380.000000)
v(-490.000000,0.000000,380.000000)
v(-230.000000,0.000000,580.000000)
v(-230.000000,0.000000,380.000000)
v(-210.000000,0.000000,380.000000)
v(490.000000,0.000000,610.000000)
v(210.000000,0.000000,610.000000)
v(210.000000,0.000000,580.000000)
v(490.000000,0.000000,580.000000)
v(470.000000,0.000000,580.000000)
v(470.000000,0.000000,380.000000)
v(490.000000,0.000000,380.000000)
v(230.000000,0.000000,580.000000)
v(230.000000,0.000000,380.000000)
v(210.000000,0.000000,380.000000)

<p>
c(218,191,135)
n(0.000000,1.000000,0.000000)
p(4,0,1,2,3)
t(1,0,3)
t(3,2,1)
</p>

<p>
c(217,188,128)
n(0.000000,1.000000,0.000000)
p(4,4,5,1,0)
t(5,4,0)
t(0,1,5)
</p>

<p>
c(218,191,135)
n(0.000000,1.000000,0.000000)
p(4,0,6,7,3)
t(7,3,0)
t(0,6,7)
</p>

<p>
c(217,188,128)
n(0.000000,1.000000,0.000000)
p(4,4,8,6,0)
t(6,0,4)
t(4,8,6)
</p>

<p>
c(218,191,135)
n(0.000000,1.000000,0.000000)
p(4,9,6,7,10)
t(6,9,10)
t(10,7,6)
</p>

<p>
c(218,191,135)
n(0.000000,1.000000,0.000000)
p(4,11,8,6,9)
t(8,11,9)
t(9,6,8)
</p>

<p>
c(218,191,135)
n(0.000000,1.000000,0.000000)
p(4,11,12,13,9)
t(13,9,11)
t(11,12,13)
</p>

<p>
c(217,188,128)
n(0.000000,1.000000,0.000000)
p(4,9,13,14,10)
t(14,10,9)
t(9,13,14)
</p>

<p>
c(217,188,128)
n(0.000000,1.000000,0.000000)
p(4,15,12,13,16)
t(12,15,16)
t(16,13,12)
</p>

<p>
c(217,188,128)
n(0.000000,1.000000,0.000000)
p(4,16,13,14,17)
t(13,16,17)
t(17,14,13)
</p>

<p>
c(218,191,135)
n(0.000000,1.000000,0.000000)
p(4,15,18,19,16)
t(19,16,15)
t(15,18,19)
</p>

<p>
c(217,188,128)
n(0.000000,1.000000,0.000000)
p(4,16,19,20,17)
t(20,17,16)
t(16,19,20)
</p>

<p>
c(218,191,135)
n(0.000000,1.000000,0.000000)
p(4,21,18,19,22)
t(18,21,22)
t(22,19,18)
</p>

<p>
c(218,191,135)
n(0.000000,1.000000,0.000000)
p(4,22,19,20,23)
t(19,22,23)
t(23,20,19)
</p>

<p>
c(217,188,128)
n(0.000000,1.000000,0.000000)
p(4,21,24,25,22)
t(25,22,21)
t(21,24,25)
</p>

<p>
c(217,188,128)
n(0.000000,1.000000,0.000000)
p(4,22,25,26,23)
t(26,23,22)
t(22,25,26)
</p>

<p>
c(218,191,135)
n(0.000000,1.000000,0.000000)
p(4,27,24,25,28)
t(24,27,28)
t(28,25,24)
</p>

<p>
c(217,188,128)
n(0.000000,1.000000,0.000000)
p(4,28,25,26,29)
t(25,28,29)
t(29,26,25)
</p>

<p>
c(218,191,135)
n(0.000000,1.000000,0.000000)
p(4,27,30,31,28)
t(31,28,27)
t(27,30,31)
</p>

<p>
c(217,188,128)
n(0.000000,1.000000,0.000000)
p(4,28,31,32,29)
t(32,29,28)
t(28,31,32)
</p>

<p>
c(191,159,100)
n(0.000000,1.000000,0.000000)
p(4,33,34,32,29)
t(34,33,29)
t(29,32,34)
</p>

<p>
c(191,159,100)
n(0.000000,1.000000,0.000000)
p(4,35,33,29,26)
t(33,35,26)
t(26,29,33)
</p>

<p>
c(191,159,100)
n(0.000000,1.000000,0.000000)
p(4,35,36,23,26)
t(23,26,35)
t(35,36,23)
</p>

<p>
c(191,159,100)
n(0.000000,1.000000,0.000000)
p(4,36,37,20,23)
t(20,23,36)
t(36,37,20)
</p>

<p>
c(191,159,100)
n(0.000000,1.000000,0.000000)
p(4,38,37,20,17)
t(37,38,17)
t(17,20,37)
</p>

<p>
c(191,159,100)
n(0.000000,1.000000,0.000000)
p(4,39,40,2,3)
t(2,3,39)
t(39,40,2)
</p>

<p>
c(191,159,100)
n(0.000000,1.000000,0.000000)
p(4,41,39,3,7)
t(3,7,41)
t(41,39,3)
</p>

<p>
c(191,159,100)
n(0.000000,1.000000,0.000000)
p(4,41,42,10,7)
t(42,41,7)
t(7,10,42)
</p>

<p>
c(191,159,100)
n(0.000000,1.000000,0.000000)
p(4,42,43,14,10)
t(43,42,10)
t(10,14,43)
</p>

<p>
c(191,159,100)
n(0.000000,1.000000,0.000000)
p(4,38,43,14,17)
t(14,17,38)
t(38,43,14)
</p>

<p>
c(191,159,100)
n(0.000000,1.000000,0.000000)
p(4,44,45,30,27)
t(30,27,44)
t(44,45,30)
</p>

<p>
c(191,159,100)
n(0.000000,1.000000,0.000000)
p(4,46,44,27,24)
t(27,24,46)
t(46,44,27)
</p>

<p>
c(191,159,100)
n(0.000000,1.000000,0.000000)
p(4,46,47,21,24)
t(47,46,24)
t(24,21,47)
</p>

<p>
c(191,159,100)
n(0.000000,1.000000,0.000000)
p(4,47,48,18,21)
t(48,47,21)
t(21,18,48)
</p>

<p>
c(191,159,100)
n(0.000000,1.000000,0.000000)
p(4,49,48,18,15)
t(18,15,49)
t(49,48,18)
</p>

<p>
c(191,159,100)
n(0.000000,1.000000,0.000000)
p(4,50,51,5,4)
t(51,50,4)
t(4,5,51)
</p>

<p>
c(191,159,100)
n(0.000000,1.000000,0.000000)
p(4,52,50,4,8)
t(50,52,8)
t(8,4,50)
</p>

<p>
c(191,159,100)
n(0.000000,1.000000,0.000000)
p(4,52,53,11,8)
t(11,8,52)
t(52,53,11)
</p>

<p>
c(191,159,100)
n(0.000000,1.000000,0.000000)
p(4,53,54,12,11)
t(12,11,53)
t(53,54,12)
</p>

<p>
c(191,159,100)
n(0.000000,1.000000,0.000000)
p(4,49,54,12,15)
t(54,49,15)
t(15,12,54)
</p>

<p>
c(210,196,167)
n(0.000000,1.000000,0.000000)
p(4,55,56,57,58)
t(56,55,58)
t(58,57,56)
</p>

<p>
c(210,196,167)
n(0.000000,1.000000,0.000000)
p(4,59,60,61,62)
t(60,59,62)
t(62,61,60)
</p>

<p>
c(210,196,167)
n(0.000000,1.000000,0.000000)
p(4,63,64,65,66)
t(64,63,66)
t(66,65,64)
</p>

<p>
c(210,196,167)
n(0.000000,1.000000,0.000000)
p(4,67,68,69,70)
t(68,67,70)
t(70,69,68)
</p>

<p>
c(210,196,167)
n(0.000000,1.000000,0.000000)
p(14,71,72,73,74,75,76,77,78,79,80,81,82,83,84)
t(72,71,84)
t(83,82,81)
t(81,80,79)
t(79,78,77)
t(76,75,74)
t(74,73,72)
t(72,84,83)
t(81,79,77)
t(74,72,83)
t(81,77,76)
t(76,74,83)
t(83,81,76)
</p>

<p>
c(210,196,167)
n(0.000000,1.000000,0.000000)
p(11,85,86,87,88,89,90,91,92,93,94,95)
t(86,85,95)
t(95,94,93)
t(93,92,91)
t(91,90,89)
t(89,88,87)
t(87,86,95)
t(93,91,89)
t(87,95,93)
t(93,89,87)
</p>

<p>
c(210,196,167)
n(0.000000,1.000000,0.000000)
p(28,96,97,98,99,100,101,102,103,104,105,106,100,99,107,108,109,110,111,112,113,114,115,116,117,118,119,120,121)
t(96,121,120)
t(120,119,118)
t(118,117,116)
t(116,115,114)
t(114,113,112)
t(111,110,109)
t(109,108,107)
t(107,105,104)
t(100,106,105)
t(105,107,99)
t(99,98,97)
t(97,96,120)
t(120,118,116)
t(116,114,112)
t(111,109,107)
t(100,105,99)
t(99,97,120)
t(116,112,111)
t(111,107,104)
t(101,100,99)
t(116,111,104)
t(101,99,120)
t(116,104,103)
t(102,101,120)
t(120,116,103)
t(103,102,120)
</p>

<p>
c(210,196,167)
n(0.000000,1.000000,0.000000)
p(20,122,123,124,125,126,127,128,129,130,131,127,126,132,133,134,135,136,137,138,139)
t(122,129,128)
t(130,129,122)
t(122,139,138)
t(138,137,136)
t(136,135,134)
t(134,133,132)
t(125,124,123)
t(122,128,127)
t(130,122,138)
t(134,132,126)
t(125,123,122)
t(130,138,136)
t(134,126,125)
t(125,122,127)
t(131,130,136)
t(134,125,127)
t(127,131,136)
t(136,134,127)
</p>

<p>
c(210,196,167)
n(0.000000,1.000000,0.000000)
p(11,140,141,142,143,144,145,146,147,148,149,150)
t(141,140,150)
t(150,149,148)
t(148,147,146)
t(146,145,144)
t(144,143,142)
t(142,141,150)
t(148,146,144)
t(142,150,148)
t(148,144,142)
</p>

<p>
c(210,196,167)
n(0.000000,1.000000,0.000000)
p(4,151,152,153,154)
t(152,151,154)
t(154,153,152)
</p>

<p>
c(210,196,167)
n(0.000000,1.000000,0.000000)
p(4,155,156,157,158)
t(156,155,158)
t(158,157,156)
</p>

<p>
c(210,196,167)
n(0.000000,1.000000,0.000000)
p(4,159,160,161,162)
t(160,159,162)
t(162,161,160)
</p>

<p>
c(210,196,167)
n(0.000000,1.000000,0.000000)
p(4,163,164,165,166)
t(164,163,166)
t(166,165,164)
</p>

<p>
c(210,196,167)
n(0.000000,1.000000,0.000000)
p(4,167,168,169,13)
t(169,13,167)
t(167,168,169)
</p>

<p>
c(210,196,167)
n(0.000000,1.000000,0.000000)
p(4,13,170,171,172)
t(171,172,13)
t(13,170,171)
</p>

<p>
c(210,196,167)
n(0.000000,1.000000,0.000000)
p(4,169,173,174,175)
t(173,169,175)
t(175,174,173)
</p>

<p>
c(210,196,167)
n(0.000000,1.000000,0.000000)
p(4,176,177,178,179)
t(178,179,176)
t(176,177,178)
</p>

<p>
c(210,196,167)
n(0.000000,1.000000,0.000000)
p(4,179,180,181,182)
t(181,182,179)
t(179,180,181)
</p>

<p>
c(210,196,167)
n(0.000000,1.000000,0.000000)
p(4,178,183,184,185)
t(183,178,185)
t(185,184,183)
</p>

<p>
c(210,196,167)
n(0.000000,1.000000,0.000000)
p(4,186,187,188,189)
t(188,189,186)
t(186,187,188)
</p>

<p>
c(210,196,167)
n(0.000000,1.000000,0.000000)
p(4,189,190,191,192)
t(191,192,189)
t(189,190,191)
</p>

<p>
c(210,196,167)
n(0.000000,1.000000,0.000000)
p(4,188,193,194,195)
t(193,188,195)
t(195,194,193)
</p>

<p>
c(210,196,167)
n(0.000000,1.000000,0.000000)
p(4,196,197,198,199)
t(198,199,196)
t(196,197,198)
</p>

<p>
c(210,196,167)
n(0.000000,1.000000,0.000000)
p(4,199,200,201,202)
t(201,202,199)
t(199,200,201)
</p>

<p>
c(210,196,167)
n(0.000000,1.000000,0.000000)
p(4,198,203,204,205)
t(203,198,205)
t(205,204,203)
</p>

<p>
c(210,196,167)
n(0.000000,1.000000,0.000000)
p(4,206,207,208,209)
t(207,206,209)
t(209,208,207)
</p>

<p>
c(210,196,167)
n(0.000000,1.000000,0.000000)
p(4,209,210,211,212)
t(210,209,212)
t(212,211,210)
</p>

<p>
c(210,196,167)
n(0.000000,1.000000,0.000000)
p(4,208,213,214,215)
t(214,215,208)
t(208,213,214)
</p>

<p>
c(210,196,167)
n(0.000000,1.000000,0.000000)
p(4,216,217,218,219)
t(218,219,216)
t(216,217,218)
</p>

<p>
c(210,196,167)
n(0.000000,1.000000,0.000000)
p(4,219,220,221,222)
t(221,222,219)
t(219,220,221)
</p>

<p>
c(210,196,167)
n(0.000000,1.000000,0.000000)
p(4,218,223,224,225)
t(223,218,225)
t(225,224,223)
</p>

<p>
c(210,196,167)
n(0.000000,1.000000,0.000000)
p(4,226,227,228,229)
t(227,226,229)
t(229,228,227)
</p>

<p>
c(210,196,167)
n(0.000000,1.000000,0.000000)
p(4,229,230,231,232)
t(230,229,232)
t(232,231,230)
</p>

<p>
c(210,196,167)
n(0.000000,1.000000,0.000000)
p(4,228,233,234,235)
t(234,235,228)
t(228,233,234)
</p>

