v(70.000000,0.000000,-2800.000000)
v(840.000000,0.000000,-2800.000000)
v(910.000000,0.000000,-2240.000000)
v(560.000000,0.000000,-2660.000000)
v(140.000000,0.000000,-2240.000000)
v(-910.000000,0.000000,-2240.000000)
v(-840.000000,0.000000,-2800.000000)
v(-630.000000,0.000000,-2660.000000)
v(770.000000,-70.000000,-1680.000000)
v(-70.000000,0.000000,-1680.000000)
v(-770.000000,0.000000,-1680.000000)
v(0.000000,0.000000,-1260.000000)
v(840.000000,0.000000,-1120.000000)
v(-840.000000,-70.000000,-1120.000000)
v(-770.000000,0.000000,-560.000000)
v(-140.000000,0.000000,-560.000000)
v(840.000000,0.000000,-560.000000)
v(-840.000000,0.000000,0.000000)
v(-70.000000,-70.000000,0.000000)
v(700.000000,-70.000000,0.000000)
v(-770.000000,0.000000,560.000000)
v(0.000000,0.000000,560.000000)
v(700.000000,0.000000,560.000000)
v(-700.000000,-70.000000,1120.000000)
v(0.000000,-70.000000,1190.000000)
v(910.000000,0.000000,1120.000000)
v(-770.000000,0.000000,1680.000000)
v(-70.000000,0.000000,1750.000000)
v(840.000000,-70.000000,1680.000000)
v(-910.000000,0.000000,2240.000000)
v(140.000000,0.000000,2170.000000)
v(770.000000,0.000000,2240.000000)
v(-490.000000,0.000000,2660.000000)
v(70.000000,0.000000,2800.000000)
v(-840.000000,0.000000,2800.000000)
v(560.000000,0.000000,2590.000000)
v(840.000000,0.000000,2800.000000)
v(1260.000000,0.000000,2240.000000)
v(1190.000000,0.000000,2800.000000)
v(1260.000000,0.000000,1680.000000)
v(1190.000000,0.000000,1120.000000)
v(1120.000000,0.000000,560.000000)
v(1190.000000,0.000000,0.000000)
v(1260.000000,0.000000,-2240.000000)
v(1190.000000,0.000000,-2800.000000)
v(1120.000000,0.000000,-1680.000000)
v(1190.000000,0.000000,-1120.000000)
v(1190.000000,0.000000,-560.000000)
v(-1120.000000,0.000000,2240.000000)
v(-1190.000000,0.000000,2800.000000)
v(-1190.000000,0.000000,1680.000000)
v(-1120.000000,0.000000,1120.000000)
v(-1260.000000,0.000000,560.000000)
v(-1190.000000,0.000000,0.000000)
v(-1120.000000,0.000000,-2240.000000)
v(-1190.000000,0.000000,-2800.000000)
v(-1120.000000,0.000000,-1680.000000)
v(-1260.000000,0.000000,-1120.000000)
v(-1260.000000,0.000000,-560.000000)

<p>
c(210,187,126)
n(0.000000,1.000000,0.000000)
p(4,0,1,2,3)
t(1,0,3)
t(3,2,1)
</p>

<p>
c(202,184,118)
n(0.000000,1.000000,0.000000)
p(4,4,0,3,2)
t(0,4,2)
t(2,3,0)
</p>

<p>
c(208,184,120)
n(0.000000,1.000000,0.000000)
p(4,5,6,0,7)
t(6,5,7)
t(7,0,6)
</p>

<p>
c(199,180,112)
n(0.000000,1.000000,0.000000)
p(4,5,7,0,4)
t(7,5,4)
t(4,0,7)
</p>

<p>
c(198,182,114)
n(0.000000,0.992278,0.124035)
p(3,4,8,2)
t(8,2,4)
</p>

<p>
c(194,181,109)
n(0.083005,0.996063,0.031127)
p(3,4,9,8)
t(9,8,4)
</p>

<p>
c(195,178,108)
n(0.000000,1.000000,0.000000)
p(3,5,9,4)
t(9,4,5)
</p>

<p>
c(191,176,105)
n(0.000000,1.000000,0.000000)
p(3,5,10,9)
t(10,9,5)
</p>

<p>
c(186,177,87)
n(0.000000,1.000000,0.000000)
p(3,11,9,12)
t(9,11,12)
</p>

<p>
c(190,179,98)
n(0.082299,0.987594,-0.133737)
p(3,9,8,12)
t(8,9,12)
</p>

<p>
c(188,177,90)
n(0.000000,0.992278,0.124035)
p(3,13,10,9)
t(10,13,9)
</p>

<p>
c(186,177,75)
n(-0.080809,0.996639,0.013468)
p(3,13,9,11)
t(9,13,11)
</p>

<p>
c(171,171,84)
n(-0.058835,0.996813,-0.053874)
p(4,13,14,15,11)
t(15,11,13)
t(13,14,15)
</p>

<p>
c(175,171,79)
n(0.000000,1.000000,0.000000)
p(3,11,15,12)
t(15,12,11)
</p>

<p>
c(165,165,72)
n(0.000000,1.000000,0.000000)
p(3,15,16,12)
t(16,12,15)
</p>

<p>
c(165,165,82)
n(0.054376,0.996564,0.062480)
p(4,17,14,15,18)
t(14,17,18)
t(18,15,14)
</p>

<p>
c(165,165,72)
n(0.000000,0.992278,0.124035)
p(4,18,15,16,19)
t(15,18,19)
t(19,16,15)
</p>

<p>
c(171,171,84)
n(0.045412,0.996635,-0.068231)
p(4,17,20,21,18)
t(21,18,17)
t(17,20,21)
</p>

<p>
c(165,165,84)
n(-0.000000,-0.992278,0.124035)
p(4,18,21,22,19)
t(21,18,19)
t(19,22,21)
</p>

<p>
c(171,171,84)
n(-0.005265,0.993152,0.116714)
p(4,23,20,21,24)
t(20,23,24)
t(24,21,20)
</p>

<p>
c(171,171,84)
n(0.045115,-0.996589,-0.069098)
p(4,24,21,22,25)
t(22,25,24)
t(24,21,22)
</p>

<p>
c(182,172,77)
n(0.012252,0.992391,-0.122517)
p(4,23,26,27,24)
t(27,24,23)
t(23,26,27)
</p>

<p>
c(182,172,90)
n(0.000000,1.000000,0.000000)
p(4,24,27,28,25)
t(28,25,24)
t(24,27,28)
</p>

<p>
c(194,181,97)
n(0.000000,1.000000,0.000000)
p(4,29,26,27,30)
t(26,29,30)
t(30,27,26)
</p>

<p>
c(191,176,100)
n(-0.050794,-0.995097,0.084861)
p(4,30,27,28,31)
t(28,31,30)
t(30,27,28)
</p>

<p>
c(202,184,118)
n(0.000000,1.000000,0.000000)
p(4,29,32,33,30)
t(33,30,29)
t(29,32,33)
</p>

<p>
c(210,187,126)
n(0.000000,1.000000,0.000000)
p(4,29,34,33,32)
t(32,29,34)
t(34,33,32)
</p>

<p>
c(199,180,112)
n(0.000000,1.000000,0.000000)
p(4,30,33,35,31)
t(35,31,30)
t(30,33,35)
</p>

<p>
c(208,184,120)
n(0.000000,1.000000,0.000000)
p(4,33,36,31,35)
t(35,33,36)
t(36,31,35)
</p>

<p>
c(191,159,100)
n(0.000000,1.000000,0.000000)
p(4,37,38,36,31)
t(38,37,31)
t(31,36,38)
</p>

<p>
c(191,159,100)
n(-0.070756,0.995246,-0.066924)
p(4,39,37,31,28)
t(37,39,28)
t(28,31,37)
</p>

<p>
c(191,159,100)
n(-0.115063,0.991415,0.062110)
p(4,39,40,25,28)
t(25,28,39)
t(39,40,25)
</p>

<p>
c(191,159,100)
n(0.000000,1.000000,0.000000)
p(4,40,41,22,25)
t(22,25,40)
t(40,41,22)
</p>

<p>
c(191,159,100)
n(-0.082311,0.994317,-0.067510)
p(4,42,41,22,19)
t(41,42,19)
t(19,22,41)
</p>

<p>
c(191,159,100)
n(0.000000,1.000000,0.000000)
p(4,43,44,1,2)
t(1,2,43)
t(43,44,1)
</p>

<p>
c(191,159,100)
n(-0.100326,0.994259,0.037203)
p(4,45,43,2,8)
t(2,8,45)
t(45,43,2)
</p>

<p>
c(191,159,100)
n(0.100300,-0.993712,0.049761)
p(4,45,46,12,8)
t(12,8,45)
t(45,46,12)
</p>

<p>
c(191,159,100)
n(0.000000,1.000000,0.000000)
p(4,46,47,16,12)
t(47,46,12)
t(12,16,47)
</p>

<p>
c(191,159,100)
n(-0.094448,0.994250,0.050466)
p(4,42,47,16,19)
t(16,19,42)
t(42,47,16)
</p>

<p>
c(191,159,100)
n(0.000000,1.000000,0.000000)
p(4,48,49,34,29)
t(34,29,48)
t(48,49,34)
</p>

<p>
c(191,159,100)
n(0.000000,1.000000,0.000000)
p(4,50,48,29,26)
t(29,26,50)
t(50,48,29)
</p>

<p>
c(191,159,100)
n(-0.083459,-0.995155,0.051966)
p(4,50,51,23,26)
t(23,26,50)
t(50,51,23)
</p>

<p>
c(191,159,100)
n(0.070740,0.996280,0.049224)
p(4,51,52,20,23)
t(52,51,23)
t(23,20,52)
</p>

<p>
c(191,159,100)
n(0.000000,1.000000,0.000000)
p(4,53,52,20,17)
t(20,17,53)
t(53,52,20)
</p>

<p>
c(191,159,100)
n(0.000000,1.000000,0.000000)
p(4,54,55,6,5)
t(55,54,5)
t(5,6,55)
</p>

<p>
c(191,159,100)
n(0.000000,1.000000,0.000000)
p(4,56,54,5,10)
t(54,56,10)
t(10,5,54)
</p>

<p>
c(191,159,100)
n(-0.098312,-0.991880,-0.080680)
p(4,56,57,13,10)
t(57,56,10)
t(10,13,57)
</p>

<p>
c(191,159,100)
n(0.070756,0.995246,-0.066924)
p(4,57,58,14,13)
t(14,13,57)
t(57,58,14)
</p>

<p>
c(191,159,100)
n(0.000000,1.000000,0.000000)
p(4,53,58,14,17)
t(58,53,17)
t(17,14,58)
</p>

