v(140.000000,0.000000,-2240.000000)
v(70.000000,0.000000,-2800.000000)
v(840.000000,0.000000,-2800.000000)
v(910.000000,0.000000,-2240.000000)
v(-910.000000,0.000000,-2240.000000)
v(-840.000000,0.000000,-2800.000000)
v(20.000000,0.000000,-2240.000000)
v(20.000000,0.000000,-2520.000000)
v(-20.000000,0.000000,-2520.000000)
v(-20.000000,0.000000,-2240.000000)
v(-70.000000,0.000000,-1680.000000)
v(770.000000,0.000000,-1680.000000)
v(-770.000000,0.000000,-1680.000000)
v(20.000000,0.000000,-1960.000000)
v(-20.000000,0.000000,-1960.000000)
v(20.000000,0.000000,-1400.000000)
v(-20.000000,0.000000,-1400.000000)
v(-20.000000,0.000000,-1280.000000)
v(840.000000,0.000000,-1120.000000)
v(20.000000,0.000000,-1120.000000)
v(-20.000000,0.000000,-1120.000000)
v(-840.000000,0.000000,-1120.000000)
v(-20.000000,0.000000,-1040.000000)
v(-140.000000,0.000000,-560.000000)
v(-770.000000,0.000000,-560.000000)
v(840.000000,0.000000,-560.000000)
v(20.000000,0.000000,-840.000000)
v(-20.000000,0.000000,-840.000000)
v(-840.000000,0.000000,0.000000)
v(-70.000000,0.000000,0.000000)
v(20.000000,0.000000,-280.000000)
v(20.000000,0.000000,0.000000)
v(700.000000,0.000000,0.000000)
v(-20.000000,0.000000,0.000000)
v(-20.000000,0.000000,-280.000000)
v(-770.000000,0.000000,560.000000)
v(0.000000,0.000000,560.000000)
v(20.000000,0.000000,280.000000)
v(-20.000000,0.000000,280.000000)
v(700.000000,0.000000,560.000000)
v(0.000000,0.000000,840.000000)
v(-20.000000,0.000000,840.000000)
v(-20.000000,0.000000,1120.000000)
v(-700.000000,0.000000,1120.000000)
v(910.000000,0.000000,1120.000000)
v(20.000000,0.000000,1120.000000)
v(20.000000,0.000000,840.000000)
v(-770.000000,0.000000,1680.000000)
v(-70.000000,0.000000,1680.000000)
v(-20.000000,0.000000,1280.000000)
v(20.000000,0.000000,1400.000000)
v(-20.000000,0.000000,1400.000000)
v(840.000000,0.000000,1680.000000)
v(140.000000,0.000000,2240.000000)
v(20.000000,0.000000,2240.000000)
v(20.000000,0.000000,1960.000000)
v(-20.000000,0.000000,1960.000000)
v(-20.000000,0.000000,2240.000000)
v(-910.000000,0.000000,2240.000000)
v(770.000000,0.000000,2240.000000)
v(20.000000,0.000000,2520.000000)
v(-20.000000,0.000000,2520.000000)
v(-840.000000,0.000000,2800.000000)
v(70.000000,0.000000,2800.000000)
v(840.000000,0.000000,2800.000000)
v(1260.000000,0.000000,2240.000000)
v(1190.000000,0.000000,2800.000000)
v(1260.000000,0.000000,1680.000000)
v(1190.000000,0.000000,1120.000000)
v(1330.000000,0.000000,1120.000000)
v(1120.000000,0.000000,560.000000)
v(1470.000000,0.000000,560.000000)
v(1190.000000,-105.000000,0.000000)
v(1540.000000,0.000000,0.000000)
v(1260.000000,-84.000000,-2240.000000)
v(1190.000000,0.000000,-2800.000000)
v(1540.000000,0.000000,-2800.000000)
v(1680.000000,0.000000,-2240.000000)
v(1120.000000,0.000000,-1680.000000)
v(1610.000000,0.000000,-1680.000000)
v(1190.000000,-70.000000,-1120.000000)
v(1470.000000,0.000000,-1120.000000)
v(1190.000000,0.000000,-560.000000)
v(1610.000000,0.000000,-560.000000)
v(-1120.000000,0.000000,2240.000000)
v(-1190.000000,0.000000,2800.000000)
v(-1190.000000,0.000000,1680.000000)
v(-1120.000000,0.000000,1120.000000)
v(-1330.000000,0.000000,1120.000000)
v(-1260.000000,-56.000000,560.000000)
v(-1540.000000,0.000000,560.000000)
v(-1190.000000,0.000000,0.000000)
v(-1610.000000,0.000000,0.000000)
v(-1120.000000,-70.000000,-2240.000000)
v(-1190.000000,0.000000,-2800.000000)
v(-1470.000000,0.000000,-2240.000000)
v(-1540.000000,0.000000,-2800.000000)
v(-1120.000000,-105.000000,-1680.000000)
v(-1540.000000,0.000000,-1680.000000)
v(-1260.000000,0.000000,-1120.000000)
v(-1610.000000,0.000000,-1120.000000)
v(-1260.000000,-70.000000,-560.000000)
v(-1540.000000,0.000000,-560.000000)

<p>
c(218,191,135)
n(0.000000,1.000000,0.000000)
C(490.000000,0.000000,-2520.000000)
p(4,0,1,2,3)
t(1,0,3)
t(3,2,1)
</p>

<p>
c(217,188,128)
n(0.000000,1.000000,0.000000)
C(-192.500000,0.000000,-2450.000000)
p(8,4,5,1,0,6,7,8,9)
t(5,4,9)
t(7,6,0)
t(5,9,8)
t(7,0,1)
t(1,5,8)
t(8,7,1)
</p>

<p>
c(218,191,135)
n(0.000000,1.000000,0.000000)
C(437.500000,0.000000,-1960.000000)
p(4,0,10,11,3)
t(11,3,0)
t(0,10,11)
</p>

<p>
c(217,188,128)
n(0.000000,1.000000,0.000000)
C(-201.250000,0.000000,-2030.000000)
p(8,9,4,12,10,0,6,13,14)
t(14,9,4)
t(4,12,10)
t(0,6,13)
t(14,4,10)
t(10,0,13)
t(13,14,10)
</p>

<p>
c(218,191,135)
n(0.000000,1.000000,0.000000)
C(220.000000,0.000000,-1382.857143)
p(7,15,16,17,10,11,18,19)
t(15,19,18)
t(18,11,10)
t(10,17,16)
t(15,18,10)
t(10,16,15)
</p>

<p>
c(218,191,135)
n(0.000000,1.000000,0.000000)
C(-344.000000,0.000000,-1376.000000)
p(5,17,20,21,12,10)
t(20,17,10)
t(10,12,21)
t(21,20,10)
</p>

<p>
c(218,191,135)
n(0.000000,1.000000,0.000000)
C(-358.000000,0.000000,-880.000000)
p(5,20,22,23,24,21)
t(22,20,21)
t(21,24,23)
t(23,22,21)
</p>

<p>
c(217,188,128)
n(0.000000,1.000000,0.000000)
C(220.000000,0.000000,-868.571429)
p(7,23,25,18,19,26,27,22)
t(27,22,23)
t(23,25,18)
t(18,19,26)
t(26,27,23)
t(23,18,26)
</p>

<p>
c(217,188,128)
n(0.000000,1.000000,0.000000)
C(-455.000000,0.000000,-280.000000)
p(4,28,24,23,29)
t(24,28,29)
t(29,23,24)
</p>

<p>
c(217,188,128)
n(0.000000,1.000000,0.000000)
C(166.250000,0.000000,-210.000000)
p(8,30,31,32,25,23,29,33,34)
t(30,31,32)
t(32,25,23)
t(23,29,33)
t(30,32,23)
t(23,33,34)
t(34,30,23)
</p>

<p>
c(218,191,135)
n(0.000000,1.000000,0.000000)
C(-420.000000,0.000000,280.000000)
p(4,28,35,36,29)
t(36,29,28)
t(28,35,36)
</p>

<p>
c(217,188,128)
n(0.000000,1.000000,0.000000)
C(166.250000,0.000000,210.000000)
p(8,37,38,33,29,36,39,32,31)
t(32,31,37)
t(38,33,29)
t(36,39,32)
t(38,29,36)
t(36,32,37)
t(37,38,36)
</p>

<p>
c(218,191,135)
n(0.000000,1.000000,0.000000)
C(-251.666667,0.000000,840.000000)
p(6,35,36,40,41,42,43)
t(36,35,43)
t(43,42,41)
t(41,40,36)
t(36,43,41)
</p>

<p>
c(218,191,135)
n(0.000000,1.000000,0.000000)
C(275.000000,0.000000,840.000000)
p(6,39,44,45,46,40,36)
t(44,39,36)
t(36,40,46)
t(46,45,44)
t(44,36,46)
</p>

<p>
c(217,188,128)
n(0.000000,1.000000,0.000000)
C(-316.000000,0.000000,1376.000000)
p(5,43,47,48,49,42)
t(49,42,43)
t(43,47,48)
t(48,49,43)
</p>

<p>
c(217,188,128)
n(0.000000,1.000000,0.000000)
C(240.000000,0.000000,1382.857143)
p(7,45,50,51,49,48,52,44)
t(52,44,45)
t(51,49,48)
t(52,45,50)
t(50,51,48)
t(48,52,50)
</p>

<p>
c(218,191,135)
n(0.000000,1.000000,0.000000)
C(-201.250000,0.000000,2030.000000)
p(8,48,53,54,55,56,57,58,47)
t(48,47,58)
t(58,57,56)
t(55,54,53)
t(48,58,56)
t(55,53,48)
t(48,56,55)
</p>

<p>
c(217,188,128)
n(0.000000,1.000000,0.000000)
C(420.000000,0.000000,1960.000000)
p(4,53,48,52,59)
t(48,53,59)
t(59,52,48)
</p>

<p>
c(218,191,135)
n(0.000000,1.000000,0.000000)
C(-192.500000,0.000000,2450.000000)
p(8,53,54,60,61,57,58,62,63)
t(63,53,54)
t(61,57,58)
t(58,62,63)
t(63,54,60)
t(61,58,63)
t(63,60,61)
</p>

<p>
c(217,188,128)
n(0.000000,1.000000,0.000000)
C(455.000000,0.000000,2520.000000)
p(4,53,63,64,59)
t(64,59,53)
t(53,63,64)
</p>

<p>
c(191,159,100)
n(0.000000,1.000000,0.000000)
C(1015.000000,0.000000,2520.000000)
p(4,65,66,64,59)
t(66,65,59)
t(59,64,66)
</p>

<p>
c(191,159,100)
n(0.000000,1.000000,0.000000)
C(1032.500000,0.000000,1960.000000)
p(4,67,65,59,52)
t(65,67,52)
t(52,59,65)
</p>

<p>
c(196,165,107)
n(0.000000,1.000000,0.000000)
C(1050.000000,0.000000,1400.000000)
p(4,67,68,44,52)
t(44,52,67)
t(67,68,44)
</p>

<p>
c(195,164,105)
n(0.000000,1.000000,0.000000)
C(1260.000000,0.000000,1306.666667)
p(3,67,69,68)
t(69,68,67)
</p>

<p>
c(199,169,110)
n(0.000000,1.000000,0.000000)
C(980.000000,0.000000,840.000000)
p(4,68,70,39,44)
t(39,44,68)
t(68,70,39)
</p>

<p>
c(201,171,114)
n(0.000000,1.000000,0.000000)
C(1277.500000,0.000000,840.000000)
p(4,70,71,69,68)
t(71,70,68)
t(68,69,71)
</p>

<p>
c(206,177,121)
n(-0.123422,-0.988656,0.085596)
C(927.500000,-26.250000,280.000000)
p(4,72,70,39,32)
t(39,32,72)
t(72,70,39)
</p>

<p>
c(204,174,116)
n(-0.150911,0.982194,-0.111894)
C(1330.000000,-26.250000,280.000000)
p(4,70,71,73,72)
t(73,72,70)
t(70,71,73)
</p>

<p>
c(206,177,121)
n(0.120510,0.990922,0.059585)
C(1050.000000,-21.000000,-2520.000000)
p(4,74,75,2,3)
t(2,3,74)
t(74,75,2)
</p>

<p>
c(204,174,116)
n(0.117938,-0.988304,-0.096672)
C(1417.500000,-21.000000,-2520.000000)
p(4,74,75,76,77)
t(76,77,74)
t(74,75,76)
</p>

<p>
c(208,180,126)
n(-0.120555,-0.991709,0.044486)
C(1015.000000,-21.000000,-1960.000000)
p(4,78,74,3,11)
t(74,78,11)
t(11,3,74)
</p>

<p>
c(206,177,121)
n(-0.085028,0.992220,-0.090940)
C(1417.500000,-21.000000,-1960.000000)
p(4,74,78,79,77)
t(79,77,74)
t(74,78,79)
</p>

<p>
c(206,177,121)
n(0.100300,0.993712,0.049761)
C(980.000000,-17.500000,-1400.000000)
p(4,78,80,18,11)
t(80,78,11)
t(11,18,80)
</p>

<p>
c(204,174,116)
n(-0.061985,0.996347,0.058741)
C(1347.500000,-17.500000,-1400.000000)
p(4,78,79,81,80)
t(79,78,80)
t(80,81,79)
</p>

<p>
c(206,177,121)
n(0.100290,0.993006,-0.062303)
C(1015.000000,-17.500000,-840.000000)
p(4,80,82,25,18)
t(82,80,18)
t(18,25,82)
</p>

<p>
c(206,177,121)
n(0.077520,-0.995591,0.052818)
C(1365.000000,-17.500000,-840.000000)
p(4,82,83,81,80)
t(83,82,80)
t(80,81,83)
</p>

<p>
c(204,174,116)
n(-0.141135,-0.983803,-0.110509)
C(980.000000,-26.250000,-280.000000)
p(4,72,82,25,32)
t(82,72,32)
t(32,25,82)
</p>

<p>
c(204,174,116)
n(-0.124070,0.988558,0.085793)
C(1382.500000,-26.250000,-280.000000)
p(4,82,83,73,72)
t(83,82,72)
t(72,73,83)
</p>

<p>
c(191,159,100)
n(0.000000,1.000000,0.000000)
C(-1015.000000,0.000000,2520.000000)
p(4,84,85,62,58)
t(62,58,84)
t(84,85,62)
</p>

<p>
c(191,159,100)
n(0.000000,1.000000,0.000000)
C(-997.500000,0.000000,1960.000000)
p(4,86,84,58,47)
t(58,47,86)
t(86,84,58)
</p>

<p>
c(196,165,107)
n(0.000000,1.000000,0.000000)
C(-945.000000,0.000000,1400.000000)
p(4,86,87,43,47)
t(87,86,47)
t(47,43,87)
</p>

<p>
c(195,164,105)
n(0.000000,1.000000,0.000000)
C(-1213.333333,0.000000,1306.666667)
p(3,86,87,88)
t(87,88,86)
</p>

<p>
c(199,169,110)
n(0.065879,-0.997120,0.037583)
C(-962.500000,-14.000000,840.000000)
p(4,87,89,35,43)
t(35,43,87)
t(87,89,35)
</p>

<p>
c(201,171,114)
n(0.127833,0.987750,-0.089493)
C(-1312.500000,-14.000000,840.000000)
p(4,87,89,90,88)
t(90,88,87)
t(87,89,90)
</p>

<p>
c(208,180,126)
n(-0.075584,0.995891,0.049878)
C(-1015.000000,-14.000000,280.000000)
p(4,91,89,35,28)
t(35,28,91)
t(91,89,35)
</p>

<p>
c(204,174,116)
n(0.061867,0.996831,0.050014)
C(-1400.000000,-14.000000,280.000000)
p(4,91,89,90,92)
t(89,91,92)
t(92,90,89)
</p>

<p>
c(204,174,116)
n(-0.089623,0.994014,0.062481)
C(-1015.000000,-17.500000,-2520.000000)
p(4,93,94,5,4)
t(94,93,4)
t(4,5,94)
</p>

<p>
c(204,174,116)
n(0.100300,0.993712,0.049761)
C(-1330.000000,-17.500000,-2520.000000)
p(4,94,93,95,96)
t(93,94,96)
t(96,95,93)
</p>

<p>
c(208,180,126)
n(0.294472,-0.953336,-0.066604)
C(-980.000000,-43.750000,-1960.000000)
p(4,97,93,4,12)
t(4,12,97)
t(97,93,4)
</p>

<p>
c(208,180,126)
n(-0.223595,-0.973670,-0.044414)
C(-1312.500000,-43.750000,-1960.000000)
p(4,97,93,95,98)
t(93,97,98)
t(98,95,93)
</p>

<p>
c(206,177,121)
n(-0.124240,0.985348,-0.116849)
C(-997.500000,-26.250000,-1400.000000)
p(4,97,99,21,12)
t(21,12,97)
t(97,99,21)
</p>

<p>
c(206,177,121)
n(-0.147600,-0.986889,0.065304)
C(-1382.500000,-26.250000,-1400.000000)
p(4,97,99,100,98)
t(100,98,97)
t(97,99,100)
</p>

<p>
c(208,180,126)
n(0.082311,-0.994317,-0.067510)
C(-1032.500000,-17.500000,-840.000000)
p(4,99,101,24,21)
t(101,99,21)
t(21,24,101)
</p>

<p>
c(204,174,116)
n(0.098325,0.993565,0.056217)
C(-1417.500000,-17.500000,-840.000000)
p(4,101,99,100,102)
t(100,102,101)
t(101,99,100)
</p>

<p>
c(206,177,121)
n(-0.094413,0.993584,-0.062261)
C(-1015.000000,-17.500000,-280.000000)
p(4,91,101,24,28)
t(101,91,28)
t(28,24,101)
</p>

<p>
c(204,174,116)
n(0.077563,0.995025,-0.062524)
C(-1400.000000,-17.500000,-280.000000)
p(4,91,101,102,92)
t(102,92,91)
t(91,101,102)
</p>

<p>
c(211,196,167)
n(0.000000,1.000000,0.000000)
C(0.000000,0.000000,0.000000)
p(4,38,34,30,37)
t(34,38,37)
t(37,30,34)
</p>

<p>
c(211,196,167)
n(0.000000,1.000000,0.000000)
C(0.000000,0.000000,1120.000000)
p(4,51,41,46,50)
t(41,51,50)
t(50,46,41)
</p>

<p>
c(211,196,167)
n(0.000000,1.000000,0.000000)
C(0.000000,0.000000,-1120.000000)
p(4,16,27,26,15)
t(26,15,16)
t(16,27,26)
</p>

<p>
c(211,196,167)
n(0.000000,1.000000,0.000000)
C(0.000000,0.000000,2240.000000)
p(4,56,61,60,55)
t(60,55,56)
t(56,61,60)
</p>

<p>
c(211,196,167)
n(0.000000,1.000000,0.000000)
C(0.000000,0.000000,-2240.000000)
p(4,14,8,7,13)
t(8,14,13)
t(13,7,8)
</p>

