v(-128.100000,-541.800000,-4.200000)
v(-105.000000,-527.100000,-4.200000)
v(-42.000000,-546.000000,-4.200000)
v(-54.600000,-573.300000,-4.200000)
v(-256.200000,-375.900000,-4.200000)
v(-184.800000,-457.800000,-4.200000)
v(-218.400000,-462.000000,-4.200000)
v(-310.800000,-357.000000,-4.200000)
v(-77.700000,-537.600000,-21.000000)
v(-67.200000,-564.900000,-12.600000)
v(-123.900000,-611.100000,-46.200000)
v(-121.800000,-583.800000,-46.200000)
v(-180.600000,-602.700000,-98.700000)
v(-224.700000,-640.500000,-107.100000)
v(-373.800000,-621.600000,-195.300000)
v(-304.500000,-602.700000,-170.100000)
v(-2.100000,-621.600000,52.500000)
v(-2.100000,-592.200000,52.500000)
v(-31.500000,-546.000000,14.700000)
v(-42.000000,-569.100000,0.000000)
v(184.800000,-627.900000,277.200000)
v(155.400000,-588.000000,239.400000)
v(69.300000,-600.600000,130.200000)
v(75.600000,-632.100000,142.800000)
v(-60.900000,-569.100000,10.500000)
v(-98.700000,-615.300000,65.100000)
v(-98.700000,-588.000000,65.100000)
v(-67.200000,-541.800000,23.100000)
v(-254.100000,-632.100000,308.700000)
v(-203.700000,-590.100000,268.800000)
v(-153.300000,-617.400000,149.100000)
v(-161.700000,-648.900000,163.800000)
v(-88.200000,-541.800000,-6.300000)
v(-73.500000,-567.000000,-4.200000)
v(-138.600000,-613.200000,-18.900000)
v(-138.600000,-583.800000,-18.900000)
v(-207.900000,-609.000000,-46.200000)
v(-252.000000,-644.700000,-48.300000)
v(-420.000000,-623.700000,-94.500000)
v(-344.400000,-615.300000,-81.900000)
v(-65.100000,-569.100000,-18.900000)
v(-71.400000,-617.400000,-86.100000)
v(-69.300000,-590.100000,-86.100000)
v(-65.100000,-543.900000,-35.700000)
v(-77.700000,-621.600000,-184.800000)
v(-79.800000,-653.100000,-199.500000)
v(-88.200000,-640.500000,-371.700000)
v(-84.000000,-602.700000,-325.500000)
v(16.800000,-594.300000,-39.900000)
v(-27.300000,-546.000000,-23.100000)
v(-44.100000,-567.000000,-16.800000)
v(12.600000,-621.600000,-39.900000)
v(247.800000,-592.200000,-126.000000)
v(115.500000,-604.800000,-75.600000)
v(126.000000,-636.300000,-81.900000)
v(289.800000,-634.200000,-142.800000)
v(-21.000000,-617.400000,-58.800000)
v(-16.800000,-588.000000,-58.800000)
v(-50.400000,-539.700000,-25.200000)
v(-65.100000,-564.900000,-12.600000)
v(54.600000,-623.700000,-128.100000)
v(60.900000,-657.300000,-138.600000)
v(186.900000,-651.000000,-254.100000)
v(155.400000,-613.200000,-222.600000)
v(-73.500000,-527.100000,-52.500000)
v(-54.600000,-546.000000,8.400000)
v(-58.800000,-573.300000,-2.100000)
v(-81.900000,-543.900000,-75.600000)
v(-94.500000,-462.000000,-132.300000)
v(-105.000000,-466.200000,-163.800000)
v(-121.800000,-315.000000,-243.600000)
v(-109.200000,-352.800000,-201.600000)
v(-69.300000,-546.000000,0.000000)
v(-60.900000,-571.200000,-6.300000)
v(2.100000,-548.100000,-50.400000)
v(-14.700000,-533.400000,-37.800000)
v(159.600000,-336.000000,-157.500000)
v(123.900000,-367.500000,-132.300000)
v(54.600000,-472.500000,-86.100000)
v(81.900000,-476.700000,-107.100000)
v(-67.200000,-543.900000,-16.800000)
v(-58.800000,-573.300000,-10.500000)
v(6.300000,-548.100000,33.600000)
v(-10.500000,-531.300000,21.000000)
v(163.800000,-336.000000,140.700000)
v(128.100000,-371.700000,113.400000)
v(58.800000,-470.400000,69.300000)
v(86.100000,-478.800000,90.300000)
v(-67.200000,-529.200000,44.100000)
v(-48.300000,-546.000000,-16.800000)
v(-52.500000,-573.300000,-6.300000)
v(-75.600000,-543.900000,65.100000)
v(-90.300000,-462.000000,121.800000)
v(-100.800000,-466.200000,155.400000)
v(-54.600000,-310.800000,237.300000)
v(-71.400000,-350.700000,195.300000)
v(-268.800000,-396.900000,-4.200000)
v(-44.100000,-564.900000,-4.200000)
v(-71.400000,-575.400000,-4.200000)
v(-46.200000,-653.100000,-6.300000)
v(-29.400000,-630.000000,-6.300000)
v(79.800000,-774.900000,-27.300000)
v(134.400000,-772.800000,-39.900000)
v(37.800000,-714.000000,-27.300000)
v(16.800000,-741.300000,-27.300000)
v(-117.600000,-548.100000,-4.200000)
v(-52.500000,-541.800000,-4.200000)
v(-52.500000,-571.200000,-4.200000)
v(-134.400000,-569.100000,-4.200000)
v(-216.300000,-514.500000,-4.200000)
v(-249.900000,-529.200000,-4.200000)
v(-380.100000,-417.900000,-4.200000)
v(-321.300000,-428.400000,-4.200000)
v(-56.700000,-541.800000,-2.100000)
v(-58.800000,-571.200000,-2.100000)
v(-86.100000,-573.300000,-77.700000)
v(-77.700000,-550.200000,-65.100000)
v(-107.100000,-520.800000,-161.700000)
v(-117.600000,-537.600000,-186.900000)
v(-153.300000,-430.500000,-317.100000)
v(-134.400000,-449.400000,-264.600000)
v(-63.000000,-569.100000,-6.300000)
v(4.200000,-579.600000,-54.600000)
v(-6.300000,-554.400000,-44.100000)
v(-60.900000,-539.700000,-6.300000)
v(75.600000,-531.300000,-105.000000)
v(98.700000,-550.200000,-121.800000)
v(214.200000,-455.700000,-199.500000)
v(168.000000,-470.400000,-168.000000)
v(-58.800000,-571.200000,-10.500000)
v(8.400000,-579.600000,37.800000)
v(-2.100000,-554.400000,27.300000)
v(-56.700000,-541.800000,-10.500000)
v(77.700000,-531.300000,88.200000)
v(102.900000,-550.200000,105.000000)
v(218.400000,-455.700000,186.900000)
v(172.200000,-470.400000,153.300000)
v(-52.500000,-541.800000,-8.400000)
v(-52.500000,-571.200000,-8.400000)
v(-77.700000,-573.300000,69.300000)
v(-73.500000,-552.300000,54.600000)
v(-102.900000,-520.800000,151.200000)
v(-109.200000,-537.600000,180.600000)
v(-147.000000,-430.500000,310.800000)
v(-128.100000,-449.400000,256.200000)
v(21.000000,0.000000,2.100000)
v(0.000000,0.000000,29.400000)
v(-4.200000,-287.700000,4.200000)
v(2.100000,-289.800000,-6.300000)
v(-16.800000,-285.600000,0.000000)
v(-31.500000,0.000000,18.900000)
v(0.000000,0.000000,-25.200000)
v(-4.200000,-287.700000,-14.700000)
v(-31.500000,0.000000,-14.700000)
v(-16.800000,-285.600000,-10.500000)
v(-33.600000,-508.200000,-6.300000)
v(-46.200000,-506.100000,12.600000)
v(-69.300000,-506.100000,6.300000)
v(-46.200000,-506.100000,-25.200000)
v(-69.300000,-506.100000,-16.800000)
v(-44.100000,-541.800000,37.800000)
v(-10.500000,-541.800000,-6.300000)
v(-96.600000,-537.600000,21.000000)
v(-44.100000,-541.800000,-50.400000)
v(-96.600000,-537.600000,-33.600000)
v(-73.500000,-573.300000,6.300000)
v(-73.500000,-573.300000,-16.800000)
v(-50.400000,-575.400000,-25.200000)
v(-37.800000,-575.400000,-6.300000)
v(-50.400000,-575.400000,12.600000)

<p>
c(40,115,20)
n(0.000000,0.000000,1.000000)
C(-82.425000,-547.050000,-4.200000)
p(4,0,1,2,3)
t(1,0,3)
t(3,2,1)
</p>

<p>
c(81,138,24)
n(0.000000,0.000000,1.000000)
C(-242.550000,-413.175000,-4.200000)
p(4,4,5,6,7)
t(5,4,7)
t(7,6,5)
</p>

<p>
c(40,115,20)
n(0.000000,0.000000,1.000000)
C(-159.075000,-497.175000,-4.200000)
p(4,1,0,6,5)
t(0,1,5)
t(5,6,0)
</p>

<p>
c(123,161,28)
n(-0.536189,0.048272,0.842716)
C(-97.650000,-574.350000,-31.500000)
p(4,8,9,10,11)
t(9,8,11)
t(11,10,9)
</p>

<p>
c(81,138,24)
n(-0.443000,0.386237,0.809056)
C(-270.900000,-616.875000,-142.800000)
p(4,12,13,14,15)
t(13,12,15)
t(15,14,13)
</p>

<p>
c(40,115,20)
n(0.600208,-0.364492,-0.711966)
C(-162.750000,-609.525000,-74.550000)
p(4,13,12,11,10)
t(11,10,13)
t(13,12,11)
</p>

<p>
c(123,161,28)
n(0.798876,0.009969,-0.601413)
C(-19.425000,-582.225000,29.925000)
p(4,16,17,18,19)
t(17,16,19)
t(19,18,17)
</p>

<p>
c(81,138,24)
n(0.780491,-0.044812,-0.623559)
C(121.275000,-612.150000,197.400000)
p(4,20,21,22,23)
t(21,20,23)
t(23,22,21)
</p>

<p>
c(40,115,20)
n(-0.743647,0.061958,0.665696)
C(35.175000,-611.625000,94.500000)
p(4,17,16,23,22)
t(23,22,17)
t(17,16,23)
</p>

<p>
c(123,161,28)
n(-0.829732,0.038240,-0.556851)
C(-81.375000,-578.550000,40.950000)
p(4,24,25,26,27)
t(26,27,24)
t(24,25,26)
</p>

<p>
c(40,115,20)
n(-0.800571,0.339764,-0.493606)
C(-193.200000,-622.125000,222.600000)
p(4,28,29,30,31)
t(30,31,28)
t(28,29,30)
</p>

<p>
c(81,138,24)
n(0.838371,0.016252,0.544858)
C(-128.100000,-617.400000,110.775000)
p(4,26,25,31,30)
t(25,26,30)
t(30,31,25)
</p>

<p>
c(40,115,20)
n(-0.212951,-0.021998,0.976815)
C(-109.725000,-576.450000,-12.075000)
p(4,32,33,34,35)
t(33,32,35)
t(35,34,33)
</p>

<p>
c(123,161,28)
n(0.233670,-0.269115,-0.934331)
C(-306.075000,-623.175000,-67.725000)
p(4,36,37,38,39)
t(38,39,36)
t(36,37,38)
</p>

<p>
c(81,138,24)
n(-0.328493,0.179048,0.927380)
C(-184.275000,-612.675000,-33.075000)
p(4,37,36,35,34)
t(36,37,34)
t(34,35,36)
</p>

<p>
c(40,115,20)
n(0.997475,-0.051656,-0.048729)
C(-67.725000,-580.125000,-56.700000)
p(4,40,41,42,43)
t(42,43,40)
t(40,41,42)
</p>

<p>
c(123,161,28)
n(-0.997623,0.045752,0.051519)
C(-82.425000,-629.475000,-270.375000)
p(4,44,45,46,47)
t(45,44,47)
t(47,46,45)
</p>

<p>
c(81,138,24)
n(0.996570,-0.056168,-0.060770)
C(-74.550000,-620.550000,-139.125000)
p(4,44,42,41,45)
t(41,45,44)
t(44,42,41)
</p>

<p>
c(40,115,20)
n(0.346602,-0.025515,0.937665)
C(-10.500000,-582.225000,-29.925000)
p(4,48,49,50,51)
t(50,51,48)
t(48,49,50)
</p>

<p>
c(123,161,28)
n(0.352869,-0.038139,0.934895)
C(194.775000,-616.875000,-106.575000)
p(4,52,53,54,55)
t(54,55,52)
t(52,53,54)
</p>

<p>
c(81,138,24)
n(0.336626,-0.065086,0.939386)
C(67.725000,-614.250000,-59.325000)
p(4,51,54,53,48)
t(53,48,51)
t(51,54,53)
</p>

<p>
c(40,115,20)
n(0.798876,0.009969,-0.601413)
C(-19.425000,-582.225000,29.925000)
p(4,16,17,18,19)
t(17,16,19)
t(19,18,17)
</p>

<p>
c(123,161,28)
n(0.780491,-0.044812,-0.623559)
C(121.275000,-612.150000,197.400000)
p(4,20,21,22,23)
t(21,20,23)
t(23,22,21)
</p>

<p>
c(81,138,24)
n(-0.743647,0.061958,0.665696)
C(35.175000,-611.625000,94.500000)
p(4,17,16,23,22)
t(23,22,17)
t(17,16,23)
</p>

<p>
c(40,115,20)
n(0.677345,-0.060504,0.733174)
C(-38.325000,-577.500000,-38.850000)
p(4,56,57,58,59)
t(58,59,56)
t(56,57,58)
</p>

<p>
c(123,161,28)
n(0.680095,-0.067095,0.730047)
C(114.450000,-636.300000,-185.850000)
p(4,60,61,62,63)
t(62,63,60)
t(60,61,62)
</p>

<p>
c(81,138,24)
n(0.667829,-0.100571,0.737489)
C(19.425000,-621.600000,-96.075000)
p(4,60,57,56,61)
t(56,61,60)
t(60,57,56)
</p>

<p>
c(40,115,20)
n(-0.950204,0.034437,0.309720)
C(-67.200000,-547.575000,-30.450000)
p(4,64,65,66,67)
t(65,64,67)
t(67,66,65)
</p>

<p>
c(123,161,28)
n(-0.943590,0.070035,0.323624)
C(-107.625000,-399.000000,-185.325000)
p(4,68,69,70,71)
t(69,68,71)
t(71,70,69)
</p>

<p>
c(81,138,24)
n(-0.950507,0.064017,0.304036)
C(-88.725000,-499.800000,-106.050000)
p(4,69,68,64,67)
t(68,69,67)
t(67,64,68)
</p>

<p>
c(40,115,20)
n(0.576003,-0.021096,0.817175)
C(-35.700000,-549.675000,-23.625000)
p(4,72,73,74,75)
t(74,75,72)
t(72,73,74)
</p>

<p>
c(123,161,28)
n(0.604322,-0.048896,0.795238)
C(105.000000,-413.175000,-120.750000)
p(4,76,77,78,79)
t(78,79,76)
t(76,77,78)
</p>

<p>
c(81,138,24)
n(-0.596092,0.034652,-0.802168)
C(30.975000,-507.675000,-70.350000)
p(4,78,75,74,79)
t(75,78,79)
t(79,74,75)
</p>

<p>
c(40,115,20)
n(0.564016,-0.026839,-0.825327)
C(-32.550000,-549.150000,6.825000)
p(4,80,81,82,83)
t(81,80,83)
t(83,82,81)
</p>

<p>
c(123,161,28)
n(-0.615483,0.064858,0.785477)
C(109.200000,-414.225000,103.425000)
p(4,84,85,86,87)
t(86,87,84)
t(84,85,86)
</p>

<p>
c(81,138,24)
n(-0.594286,0.032070,0.803614)
C(35.175000,-507.150000,53.550000)
p(4,86,83,82,87)
t(82,87,86)
t(86,83,82)
</p>

<p>
c(40,115,20)
n(-0.947610,0.042145,-0.316637)
C(-60.900000,-548.100000,21.525000)
p(4,88,89,90,91)
t(90,91,88)
t(88,89,90)
</p>

<p>
c(123,161,28)
n(0.935966,-0.322281,0.141783)
C(-79.275000,-397.425000,177.450000)
p(4,92,93,94,95)
t(93,92,95)
t(95,94,93)
</p>

<p>
c(81,138,24)
n(-0.948824,0.046597,-0.312348)
C(-83.475000,-500.325000,96.600000)
p(4,93,92,88,91)
t(88,91,93)
t(93,92,88)
</p>

<p>
c(40,115,20)
n(0.000000,0.000000,1.000000)
C(-82.425000,-547.050000,-4.200000)
p(4,0,1,2,3)
t(1,0,3)
t(3,2,1)
</p>

<p>
c(123,161,28)
n(0.000000,0.000000,1.000000)
C(-245.700000,-418.425000,-4.200000)
p(4,5,6,7,96)
t(6,5,96)
t(96,7,6)
</p>

<p>
c(40,115,20)
n(0.000000,0.000000,1.000000)
C(-159.075000,-497.175000,-4.200000)
p(4,1,0,6,5)
t(0,1,5)
t(5,6,0)
</p>

<p>
c(81,138,24)
n(0.017034,-0.024236,0.999561)
C(-47.775000,-605.850000,-5.250000)
p(4,97,98,99,100)
t(99,100,97)
t(97,98,99)
</p>

<p>
c(40,115,20)
n(0.131530,0.066372,0.989088)
C(67.200000,-750.750000,-30.450000)
p(4,101,102,103,104)
t(103,104,101)
t(101,102,103)
</p>

<p>
c(123,161,28)
n(0.158513,-0.119202,0.980135)
C(-5.250000,-684.600000,-16.800000)
p(4,100,99,104,103)
t(104,103,100)
t(100,99,104)
</p>

<p>
c(40,115,20)
n(0.000000,0.000000,1.000000)
C(-89.250000,-557.550000,-4.200000)
p(4,105,106,107,108)
t(106,105,108)
t(108,107,106)
</p>

<p>
c(81,138,24)
n(0.000000,0.000000,1.000000)
C(-291.900000,-472.500000,-4.200000)
p(4,109,110,111,112)
t(110,109,112)
t(112,111,110)
</p>

<p>
c(123,161,28)
n(0.000000,0.000000,1.000000)
C(-179.550000,-540.225000,-4.200000)
p(4,110,109,105,108)
t(109,110,108)
t(108,105,109)
</p>

<p>
c(40,115,20)
n(0.940972,-0.104330,-0.322006)
C(-69.825000,-559.125000,-36.750000)
p(4,113,114,115,116)
t(115,116,113)
t(113,114,115)
</p>

<p>
c(81,138,24)
n(0.929946,-0.121813,-0.346933)
C(-128.100000,-484.575000,-232.575000)
p(4,117,118,119,120)
t(119,120,117)
t(117,118,119)
</p>

<p>
c(123,161,28)
n(-0.936476,0.140758,0.321248)
C(-97.125000,-545.475000,-122.850000)
p(4,117,116,115,118)
t(116,117,118)
t(118,115,116)
</p>

<p>
c(81,138,24)
n(-0.567950,0.066241,-0.820393)
C(-31.500000,-560.700000,-27.825000)
p(4,121,122,123,124)
t(122,121,124)
t(124,123,122)
</p>

<p>
c(40,115,20)
n(-0.571797,0.022983,-0.820073)
C(139.125000,-501.900000,-148.575000)
p(4,125,126,127,128)
t(126,125,128)
t(128,127,126)
</p>

<p>
c(40,115,20)
n(0.595278,-0.045808,0.802213)
C(43.050000,-553.875000,-81.375000)
p(4,123,122,126,125)
t(126,125,123)
t(123,122,126)
</p>

<p>
c(123,161,28)
n(-0.569465,0.066178,0.819348)
C(-27.300000,-561.750000,11.025000)
p(4,129,130,131,132)
t(131,132,129)
t(129,130,131)
</p>

<p>
c(81,138,24)
n(-0.572290,-0.004501,0.820039)
C(142.800000,-501.900000,133.350000)
p(4,133,134,135,136)
t(135,136,133)
t(133,134,135)
</p>

<p>
c(40,115,20)
n(0.594858,-0.019711,-0.803589)
C(46.725000,-553.875000,64.575000)
p(4,131,130,134,133)
t(130,131,133)
t(133,134,130)
</p>

<p>
c(123,161,28)
n(0.949982,0.009234,0.312167)
C(-64.050000,-559.650000,26.775000)
p(4,137,138,139,140)
t(138,137,140)
t(140,139,138)
</p>

<p>
c(81,138,24)
n(-0.962159,0.012595,-0.272198)
C(-121.800000,-484.575000,224.700000)
p(4,141,142,143,144)
t(143,144,141)
t(141,142,143)
</p>

<p>
c(40,115,20)
n(-0.962683,-0.044516,-0.266945)
C(-90.825000,-546.000000,113.925000)
p(4,141,140,139,142)
t(139,142,141)
t(141,140,139)
</p>

<p>
c(123,161,28)
n(0.000000,0.000000,1.000000)
C(-89.250000,-557.550000,-4.200000)
p(4,105,106,107,108)
t(106,105,108)
t(108,107,106)
</p>

<p>
c(81,138,24)
n(0.000000,0.000000,1.000000)
C(-291.900000,-472.500000,-4.200000)
p(4,109,110,111,112)
t(110,109,112)
t(112,111,110)
</p>

<p>
c(123,161,28)
n(0.000000,0.000000,1.000000)
C(-179.550000,-540.225000,-4.200000)
p(4,110,109,105,108)
t(109,110,108)
t(108,105,109)
</p>

<p>
c(140,107,76)
n(-0.797816,0.066789,-0.599190)
C(4.725000,-144.375000,7.350000)
p(4,145,146,147,148)
t(146,145,148)
t(148,147,146)
</p>

<p>
c(140,107,76)
n(-0.316877,-0.078510,0.945212)
C(-13.125000,-143.325000,13.125000)
p(4,149,150,146,147)
t(150,149,147)
t(147,146,150)
</p>

<p>
c(140,107,76)
n(-0.792449,0.033913,0.608994)
C(4.725000,-144.375000,-11.025000)
p(4,145,151,152,148)
t(152,148,145)
t(145,151,152)
</p>

<p>
c(140,107,76)
n(0.316706,0.030109,0.948046)
C(-13.125000,-143.325000,-16.275000)
p(4,151,153,154,152)
t(154,152,151)
t(151,153,154)
</p>

<p>
c(140,107,76)
n(-0.998678,-0.051403,0.000000)
C(-24.150000,-142.800000,-1.575000)
p(4,149,154,153,150)
t(154,149,150)
t(150,153,154)
</p>

<p>
c(140,107,76)
n(-0.821982,0.135584,-0.553139)
C(-20.475000,-397.950000,1.050000)
p(4,155,148,147,156)
t(148,155,156)
t(156,147,148)
</p>

<p>
c(140,107,76)
n(-0.271535,0.090565,0.958158)
C(-34.125000,-396.375000,5.775000)
p(4,149,147,156,157)
t(147,149,157)
t(157,156,147)
</p>

<p>
c(140,107,76)
n(-0.811171,0.130585,0.570043)
C(-20.475000,-397.950000,-13.125000)
p(4,155,148,152,158)
t(152,158,155)
t(155,148,152)
</p>

<p>
c(140,107,76)
n(0.330257,-0.106995,0.937807)
C(-34.125000,-396.375000,-16.800000)
p(4,158,152,154,159)
t(154,159,158)
t(158,152,154)
</p>

<p>
c(140,107,76)
n(-0.972806,0.231621,0.000000)
C(-43.050000,-395.850000,-5.250000)
p(4,157,159,154,149)
t(159,157,149)
t(149,154,159)
</p>

<p>
c(140,107,76)
n(0.717788,0.452556,0.529124)
C(-33.600000,-524.475000,9.450000)
p(4,160,161,155,156)
t(155,156,160)
t(160,161,155)
</p>

<p>
c(140,107,76)
n(0.213430,-0.556642,-0.802868)
C(-64.050000,-522.900000,19.425000)
p(4,157,156,160,162)
t(160,162,157)
t(157,156,160)
</p>

<p>
c(140,107,76)
n(0.717788,0.452556,-0.529124)
C(-33.600000,-524.475000,-22.050000)
p(4,163,161,155,158)
t(161,163,158)
t(158,155,161)
</p>

<p>
c(140,107,76)
n(0.219443,-0.574559,0.788497)
C(-64.050000,-522.900000,-31.500000)
p(4,163,158,159,164)
t(159,164,163)
t(163,158,159)
</p>

<p>
c(140,107,76)
n(0.755689,-0.654931,0.000000)
C(-82.950000,-521.850000,-5.775000)
p(4,159,157,162,164)
t(162,164,159)
t(159,157,162)
</p>

<p>
c(140,107,76)
n(-0.839570,-0.543251,0.000000)
C(-85.050000,-555.450000,-5.775000)
p(4,164,162,165,166)
t(162,164,166)
t(166,165,162)
</p>

<p>
c(140,107,76)
n(0.300431,0.546633,0.781622)
C(-66.150000,-557.025000,-31.500000)
p(4,164,166,167,163)
t(167,163,164)
t(164,166,167)
</p>

<p>
c(140,107,76)
n(0.679042,-0.530212,-0.507718)
C(-35.700000,-558.600000,-22.050000)
p(4,167,168,161,163)
t(168,167,163)
t(163,161,168)
</p>

<p>
c(140,107,76)
n(0.292115,0.529528,-0.796410)
C(-66.150000,-557.025000,19.425000)
p(4,169,165,162,160)
t(162,160,169)
t(169,165,162)
</p>

<p>
c(140,107,76)
n(0.679042,-0.530212,0.507718)
C(-35.700000,-558.600000,9.450000)
p(4,169,168,161,160)
t(161,160,169)
t(169,168,161)
</p>

