v(-77.400000,-14.400000,77.400000)
v(-79.200000,0.000000,77.400000)
v(-77.400000,0.000000,138.600000)
v(-77.400000,0.000000,174.600000)
v(-75.600000,0.000000,203.400000)
v(-79.200000,-12.600000,208.800000)
v(-64.800000,-23.400000,77.400000)
v(-64.800000,-19.800000,203.400000)
v(-61.200000,-28.800000,77.400000)
v(-79.200000,0.000000,0.000000)
v(-77.400000,-23.400000,0.000000)
v(-77.400000,-14.400000,50.400000)
v(-61.200000,-28.800000,0.000000)
v(-77.400000,21.600000,77.400000)
v(-77.400000,21.600000,115.200000)
v(-77.400000,19.800000,0.000000)
v(-77.400000,19.800000,-50.400000)
v(-77.400000,18.000000,-95.400000)
v(-75.600000,23.400000,-99.000000)
v(-77.400000,16.200000,-171.000000)
v(-79.200000,0.000000,-171.000000)
v(-77.400000,-14.400000,-171.000000)
v(-73.800000,28.800000,77.400000)
v(-73.800000,28.800000,106.200000)
v(-73.800000,28.800000,-46.800000)
v(-72.000000,-21.600000,-167.400000)
v(-70.200000,-32.400000,-172.800000)
v(-70.200000,-32.400000,-61.200000)
v(-70.200000,-28.800000,-54.000000)
v(-72.000000,-23.400000,-81.000000)
v(-72.000000,-16.200000,-167.400000)
v(-66.600000,-21.600000,-167.400000)
v(-66.600000,-25.200000,-81.000000)
v(-66.600000,-16.200000,-167.400000)
v(-61.200000,-28.800000,-36.000000)
v(-57.600000,-27.000000,-77.400000)
v(-50.400000,-12.600000,208.800000)
v(-50.400000,-12.600000,201.600000)
v(-57.600000,-28.800000,77.400000)
v(-64.800000,-14.400000,210.600000)
v(-54.000000,0.000000,203.400000)
v(-52.200000,-9.000000,199.800000)
v(-54.000000,0.000000,196.200000)
v(0.000000,-10.800000,208.800000)
v(0.000000,-14.400000,208.800000)
v(-50.400000,-54.000000,54.000000)
v(-54.000000,-54.000000,54.000000)
v(-61.200000,-28.800000,73.800000)
v(-54.000000,-54.000000,50.400000)
v(-50.400000,-61.200000,50.400000)
v(-52.200000,-57.600000,-19.800000)
v(-55.800000,-48.600000,-18.000000)
v(-55.800000,-50.400000,-3.600000)
v(-55.800000,-50.400000,0.000000)
v(-61.200000,-28.800000,-3.600000)
v(-52.200000,-52.200000,-50.400000)
v(-75.600000,12.600000,203.400000)
v(-75.600000,12.600000,180.000000)
v(-75.600000,5.400000,180.000000)
v(-75.600000,0.000000,174.600000)
v(-79.200000,14.400000,207.000000)
v(-79.200000,16.200000,207.000000)
v(-79.200000,16.200000,180.000000)
v(-79.200000,14.400000,180.000000)
v(-77.400000,25.200000,180.000000)
v(-77.400000,25.200000,203.400000)
v(-54.000000,12.600000,203.400000)
v(-50.400000,16.200000,207.000000)
v(-50.400000,14.400000,207.000000)
v(-55.800000,25.200000,203.400000)
v(-54.000000,12.600000,196.200000)
v(-50.400000,14.400000,199.800000)
v(-50.400000,16.200000,199.800000)
v(-55.800000,25.200000,196.200000)
v(0.000000,0.000000,203.400000)
v(0.000000,12.600000,203.400000)
v(0.000000,14.400000,207.000000)
v(0.000000,16.200000,207.000000)
v(0.000000,25.200000,203.400000)
v(77.400000,-14.400000,77.400000)
v(79.200000,0.000000,77.400000)
v(77.400000,0.000000,138.600000)
v(77.400000,0.000000,174.600000)
v(75.600000,0.000000,203.400000)
v(79.200000,-12.600000,208.800000)
v(64.800000,-23.400000,77.400000)
v(64.800000,-19.800000,203.400000)
v(61.200000,-28.800000,77.400000)
v(79.200000,0.000000,0.000000)
v(77.400000,-23.400000,0.000000)
v(77.400000,-14.400000,50.400000)
v(61.200000,-28.800000,0.000000)
v(77.400000,21.600000,77.400000)
v(77.400000,21.600000,115.200000)
v(77.400000,19.800000,0.000000)
v(77.400000,19.800000,-50.400000)
v(77.400000,18.000000,-95.400000)
v(75.600000,23.400000,-99.000000)
v(77.400000,16.200000,-171.000000)
v(79.200000,0.000000,-171.000000)
v(77.400000,-14.400000,-171.000000)
v(73.800000,28.800000,77.400000)
v(73.800000,28.800000,106.200000)
v(73.800000,28.800000,-46.800000)
v(72.000000,-21.600000,-167.400000)
v(70.200000,-32.400000,-172.800000)
v(70.200000,-32.400000,-61.200000)
v(70.200000,-28.800000,-54.000000)
v(72.000000,-23.400000,-81.000000)
v(72.000000,-16.200000,-167.400000)
v(66.600000,-21.600000,-167.400000)
v(66.600000,-25.200000,-81.000000)
v(66.600000,-16.200000,-167.400000)
v(61.200000,-28.800000,-36.000000)
v(57.600000,-27.000000,-77.400000)
v(50.400000,-12.600000,208.800000)
v(50.400000,-12.600000,201.600000)
v(57.600000,-28.800000,77.400000)
v(64.800000,-14.400000,210.600000)
v(54.000000,0.000000,203.400000)
v(52.200000,-9.000000,199.800000)
v(54.000000,0.000000,196.200000)
v(50.400000,-54.000000,54.000000)
v(54.000000,-54.000000,54.000000)
v(61.200000,-28.800000,73.800000)
v(54.000000,-54.000000,50.400000)
v(50.400000,-61.200000,50.400000)
v(52.200000,-57.600000,-19.800000)
v(55.800000,-48.600000,-18.000000)
v(55.800000,-50.400000,-3.600000)
v(55.800000,-50.400000,0.000000)
v(61.200000,-28.800000,-3.600000)
v(52.200000,-52.200000,-50.400000)
v(75.600000,12.600000,203.400000)
v(75.600000,12.600000,180.000000)
v(75.600000,5.400000,180.000000)
v(75.600000,0.000000,174.600000)
v(79.200000,14.400000,207.000000)
v(79.200000,16.200000,207.000000)
v(79.200000,16.200000,180.000000)
v(79.200000,14.400000,180.000000)
v(77.400000,25.200000,180.000000)
v(77.400000,25.200000,203.400000)
v(54.000000,12.600000,203.400000)
v(50.400000,16.200000,207.000000)
v(50.400000,14.400000,207.000000)
v(55.800000,25.200000,203.400000)
v(54.000000,12.600000,196.200000)
v(50.400000,14.400000,199.800000)
v(50.400000,16.200000,199.800000)
v(55.800000,25.200000,196.200000)
v(-30.600000,-28.800000,91.800000)
v(30.600000,-28.800000,91.800000)
v(27.000000,-54.000000,61.200000)
v(-27.000000,-54.000000,61.200000)
v(-61.200000,-28.800000,55.800000)
v(61.200000,-28.800000,55.800000)
v(50.400000,-27.000000,-81.000000)
v(50.400000,-30.600000,-73.800000)
v(45.000000,-46.800000,-54.000000)
v(21.600000,-46.800000,-55.800000)
v(-21.600000,-46.800000,-55.800000)
v(-45.000000,-46.800000,-54.000000)
v(-50.400000,-30.600000,-73.800000)
v(-50.400000,-27.000000,-81.000000)
v(-25.200000,-30.600000,-77.400000)
v(25.200000,-30.600000,-77.400000)
v(-25.200000,-27.000000,-84.600000)
v(25.200000,-27.000000,-84.600000)
v(-64.800000,-14.400000,-171.000000)
v(-61.200000,-16.200000,-167.400000)
v(64.800000,-14.400000,-171.000000)
v(61.200000,-16.200000,-167.400000)
v(-64.800000,16.200000,-171.000000)
v(-63.000000,0.000000,-171.000000)
v(64.800000,16.200000,-171.000000)
v(63.000000,0.000000,-171.000000)
v(61.200000,-9.000000,-172.800000)
v(0.000000,-5.400000,-172.800000)
v(-61.200000,-9.000000,-172.800000)
v(-63.000000,5.400000,-172.800000)
v(0.000000,3.600000,-172.800000)
v(63.000000,5.400000,-172.800000)
v(-64.800000,-14.400000,-178.200000)
v(-64.800000,16.200000,-178.200000)
v(-63.000000,0.000000,-178.200000)
v(-77.400000,-14.400000,-178.200000)
v(-77.400000,16.200000,-178.200000)
v(-79.200000,0.000000,-178.200000)
v(-66.600000,0.000000,-174.600000)
v(-68.400000,12.600000,-174.600000)
v(-73.800000,12.600000,-174.600000)
v(-75.600000,0.000000,-174.600000)
v(-73.800000,-10.800000,-174.600000)
v(-68.400000,-10.800000,-174.600000)
v(64.800000,-14.400000,-178.200000)
v(64.800000,16.200000,-178.200000)
v(63.000000,0.000000,-178.200000)
v(77.400000,-14.400000,-178.200000)
v(77.400000,16.200000,-178.200000)
v(79.200000,0.000000,-178.200000)
v(66.600000,0.000000,-174.600000)
v(68.400000,12.600000,-174.600000)
v(73.800000,12.600000,-174.600000)
v(75.600000,0.000000,-174.600000)
v(73.800000,-10.800000,-174.600000)
v(68.400000,-10.800000,-174.600000)
v(-50.400000,-5.400000,207.000000)
v(-52.200000,-10.800000,207.000000)
v(-57.600000,-12.600000,207.000000)
v(-63.000000,-10.800000,207.000000)
v(-64.800000,-5.400000,207.000000)
v(-63.000000,0.000000,207.000000)
v(-57.600000,1.800000,207.000000)
v(-52.200000,0.000000,207.000000)
v(-66.600000,-10.800000,207.000000)
v(-72.000000,-12.600000,207.000000)
v(-77.400000,-10.800000,207.000000)
v(-79.200000,-5.400000,207.000000)
v(-77.400000,0.000000,207.000000)
v(-72.000000,1.800000,207.000000)
v(-66.600000,0.000000,207.000000)
v(50.400000,-5.400000,207.000000)
v(52.200000,-10.800000,207.000000)
v(57.600000,-12.600000,207.000000)
v(63.000000,-10.800000,207.000000)
v(64.800000,-5.400000,207.000000)
v(63.000000,0.000000,207.000000)
v(57.600000,1.800000,207.000000)
v(52.200000,0.000000,207.000000)
v(66.600000,-10.800000,207.000000)
v(72.000000,-12.600000,207.000000)
v(77.400000,-10.800000,207.000000)
v(79.200000,-5.400000,207.000000)
v(77.400000,0.000000,207.000000)
v(72.000000,1.800000,207.000000)
v(66.600000,0.000000,207.000000)
v(54.000000,25.200000,180.000000)
v(-54.000000,25.200000,180.000000)
v(-54.000000,28.800000,106.200000)
v(54.000000,28.800000,106.200000)
v(-54.000000,0.000000,138.600000)
v(-54.000000,0.000000,174.600000)
v(-54.000000,5.400000,180.000000)
v(-75.600000,25.200000,180.000000)
v(54.000000,0.000000,138.600000)
v(54.000000,0.000000,174.600000)
v(54.000000,5.400000,180.000000)
v(75.600000,25.200000,180.000000)
v(75.600000,21.600000,-97.200000)
v(-75.600000,21.600000,-97.200000)
v(54.000000,28.800000,-46.800000)
v(-54.000000,28.800000,-46.800000)
v(-54.000000,21.600000,-97.200000)
v(54.000000,21.600000,-97.200000)

<p>
c(103,22,255)
outline()
n(0.998408,-0.056102,-0.005867)
C(-77.700000,-4.500000,146.700000)
p(6,0,1,2,3,4,5)
t(4,5,0)
t(0,1,2)
t(3,4,0)
t(0,2,3)
</p>

<p>
c(103,22,255)
outline()
n(-0.511159,-0.859368,0.014252)
C(-71.550000,-17.550000,141.750000)
p(4,6,0,5,7)
t(0,6,7)
t(7,5,0)
</p>

<p>
c(103,22,255)
outline()
n(0.831946,0.554631,-0.015847)
C(-63.600000,-24.000000,119.400000)
p(3,6,8,7)
t(8,6,7)
</p>

<p>
c(103,22,255)
outline()
n(-0.995545,-0.094090,0.006033)
C(-78.120000,-10.440000,41.040000)
p(5,1,9,10,11,0)
t(11,0,1)
t(1,9,10)
t(10,11,1)
</p>

<p>
c(103,22,255)
outline()
n(0.646479,0.756833,-0.096274)
C(-74.250000,-18.900000,51.300000)
p(4,6,0,11,10)
t(0,6,10)
t(10,11,0)
</p>

<p>
c(103,22,255)
outline()
n(0.379129,0.924828,-0.030897)
C(-66.150000,-26.100000,38.700000)
p(4,10,12,8,6)
t(12,10,6)
t(6,8,12)
</p>

<p>
c(103,22,255)
outline()
n(0.998359,-0.053167,-0.021264)
C(-77.850000,10.800000,102.150000)
p(4,2,1,13,14)
t(13,14,2)
t(2,1,13)
</p>

<p>
c(103,22,255)
outline()
n(0.996254,-0.086469,0.001005)
C(-78.300000,10.350000,38.700000)
p(4,9,1,13,15)
t(1,9,15)
t(15,13,1)
</p>

<p>
c(103,22,255)
outline()
n(-0.992925,0.118725,-0.002025)
C(-77.657143,13.885714,-83.828571)
p(7,9,15,16,17,18,19,20)
t(19,20,9)
t(9,15,16)
t(17,18,19)
t(9,16,17)
t(17,19,9)
</p>

<p>
c(103,22,255)
outline()
n(0.995957,0.089805,0.002363)
C(-78.300000,-9.450000,-85.500000)
p(4,10,9,20,21)
t(9,10,21)
t(21,20,9)
</p>

<p>
c(103,22,255)
outline()
n(-0.894427,0.447214,0.000000)
C(-75.600000,25.200000,94.050000)
p(4,13,22,23,14)
t(22,13,14)
t(14,23,22)
</p>

<p>
c(103,22,255)
outline()
n(-0.920051,0.391786,-0.002996)
C(-75.960000,23.760000,11.520000)
p(5,15,13,22,24,16)
t(24,16,15)
t(15,13,22)
t(22,24,15)
</p>

<p>
c(103,22,255)
outline()
n(0.964111,0.264516,0.022824)
C(-72.000000,-25.457143,-100.542857)
p(7,25,26,27,28,10,29,30)
t(25,30,29)
t(29,10,28)
t(28,27,26)
t(26,25,29)
t(29,28,26)
</p>

<p>
c(103,22,255)
outline()
n(0.997015,-0.066898,0.038553)
C(-69.685714,-25.714286,-100.542857)
p(7,31,26,27,28,10,32,33)
t(31,33,32)
t(32,10,28)
t(28,27,26)
t(26,31,32)
t(32,28,26)
</p>

<p>
c(103,22,255)
outline()
n(-0.536392,-0.842485,-0.050033)
C(-74.700000,-19.350000,-104.850000)
p(4,29,30,21,10)
t(30,29,10)
t(10,21,30)
</p>

<p>
c(103,22,255)
outline()
n(-0.389917,-0.918988,-0.058540)
C(-65.100000,-24.900000,-60.300000)
p(6,10,12,34,35,33,32)
t(12,10,32)
t(32,33,35)
t(34,12,32)
t(32,35,34)
</p>

<p>
c(103,22,255)
outline()
n(0.424970,-0.901333,0.083662)
C(-56.880000,-20.520000,153.720000)
p(5,8,7,36,37,38)
t(7,8,38)
t(38,37,36)
t(36,7,38)
</p>

<p>
c(103,22,255)
outline()
n(-0.172380,-0.788024,0.591018)
C(-69.600000,-15.600000,207.600000)
p(3,7,5,39)
t(5,7,39)
</p>

<p>
c(103,22,255)
outline()
n(0.172380,-0.788024,0.591018)
C(-60.000000,-15.600000,207.600000)
p(3,7,36,39)
t(36,39,7)
</p>

<p>
c(103,22,255) // lantern lights here // can bend in lines
outline()
n(0.000000,0.418856,0.908053)
C(-64.800000,-7.920000,207.000000)
p(5,5,4,40,36,39)
t(4,5,39)
t(39,36,40)
t(40,4,39)
</p>

<p>
c(103,22,255) 
outline()
n(-0.966629,-0.253816,0.034711)
C(-52.200000,-6.840000,201.960000)
p(5,40,36,37,41,42)
t(36,40,42)
t(42,41,37)
t(37,36,42)
</p>

<p>
c(103,22,255) 
outline()
n(0.145408,-0.212232,-0.966341)
C(-25.650000,-11.700000,204.750000)
p(4,37,41,43,44)
t(43,44,37)
t(37,41,43)
</p>

<p>
c(255,255,255)
outline()
n(0.000000,-0.680451,0.732793)
C(-55.800000,-41.400000,65.700000)
p(4,8,38,45,46)
t(38,8,46)
t(46,45,38)
</p>

<p>
c(255,255,255)
outline()
n(0.961524,0.274721,0.000000)
C(-57.600000,-41.400000,63.900000)
p(4,8,47,48,46)
t(47,8,46)
t(46,48,47)
</p>

<p>
c(255,255,255)
outline()
n(0.904057,0.427406,0.002500)
C(-54.000000,-53.742857,16.200000)
p(7,49,50,51,52,53,48,46)
t(48,46,49)
t(49,50,51)
t(52,53,48)
t(49,51,52)
t(52,48,49)
</p>

<p>
c(255,255,255)
outline()
n(-0.970143,-0.242536,0.000000)
C(-58.500000,-39.600000,-1.800000)
p(4,52,53,12,54)
t(12,54,52)
t(52,53,12)
</p>

<p>
c(255,255,255)
outline()
n(-0.942636,-0.327569,-0.064312)
C(-55.350000,-46.800000,-31.050000)
p(4,55,50,51,34)
t(51,34,55)
t(55,50,51)
</p>

<p>
c(255,255,255)
outline()
n(-0.947373,-0.305505,-0.095663)
C(-57.000000,-36.000000,-54.600000)
p(3,34,55,35)
t(55,34,35)
</p>

<p>
c(150,150,150)
outline()
n(1.000000,0.000000,0.000000)
C(-75.600000,6.120000,188.280000)
p(5,4,56,57,58,59)
t(56,4,59)
t(58,57,56)
t(56,59,58)
</p>

<p>
c(200,200,200)
outline()
n(1.000000,0.000000,0.000000)
C(-79.200000,15.300000,193.500000)
p(4,60,61,62,63)
t(61,60,63)
t(63,62,61)
</p>

<p>
c(200,200,200)
outline()
n(-0.447214,-0.894427,0.000000)
C(-77.400000,13.500000,192.600000)
p(4,56,60,63,57)
t(63,57,56)
t(56,60,63)
</p>

<p>
c(200,200,200)
outline()
n(-0.980581,0.196116,0.000000)
C(-78.300000,20.700000,192.600000)
p(4,61,62,64,65)
t(62,61,65)
t(65,64,62)
</p>

<p>
c(150,150,150)
outline()
n(0.000000,0.000000,1.000000)
C(-64.800000,6.300000,203.400000)
p(4,4,56,66,40)
t(56,4,40)
t(40,66,56)
</p>

<p>
c(200,200,200)
outline()
n(0.000000,0.000000,1.000000)
C(-64.800000,15.300000,207.000000)
p(4,60,61,67,68)
t(61,60,68)
t(68,67,61)
</p>

<p>
c(200,200,200)
outline()
n(0.000000,0.371391,0.928477)
C(-65.700000,20.700000,205.200000)
p(4,61,65,69,67)
t(65,61,67)
t(67,69,65)
</p>

<p>
c(200,200,200)
outline()
n(-0.000000,-0.894427,0.447214)
C(-64.800000,13.500000,205.200000)
p(4,56,60,68,66)
t(60,56,66)
t(66,68,60)
</p>

<p>
c(150,150,150)
outline()
n(1.000000,0.000000,0.000000)
C(-54.000000,6.300000,199.800000)
p(4,66,40,42,70)
t(42,70,66)
t(66,40,42)
</p>

<p>
c(200,200,200)
outline()
n(1.000000,0.000000,0.000000)
C(-50.400000,15.300000,203.400000)
p(4,67,68,71,72)
t(71,72,67)
t(67,68,71)
</p>

<p>
c(200,200,200)
outline()
n(0.447214,-0.894427,0.000000)
C(-52.200000,13.500000,201.600000)
p(4,68,66,70,71)
t(70,71,68)
t(68,66,70)
</p>

<p>
c(200,200,200)
outline()
n(0.857493,0.514496,0.000000)
C(-53.100000,20.700000,201.600000)
p(4,69,67,72,73)
t(72,73,69)
t(69,67,72)
</p>

<p>
c(100,100,100)
outline()
n(-0.130909,0.405878,0.904503)
C(-26.550000,-4.950000,202.050000)
p(4,41,43,74,42)
t(74,42,41)
t(41,43,74)
</p>

<p>
c(100,100,100)
outline()
n(-0.132164,0.000000,0.991228)
C(-27.000000,6.300000,199.800000)
p(4,75,74,42,70)
t(74,75,70)
t(70,42,74)
</p>

<p>
c(200,200,200)
outline()
n(-0.064822,-0.879990,0.470549)
C(-26.100000,13.500000,201.600000)
p(4,76,75,70,71)
t(75,76,71)
t(71,70,75)
</p>

<p>
c(200,200,200)
outline()
n(-0.141421,0.000000,0.989949)
C(-25.200000,15.300000,203.400000)
p(4,77,76,71,72)
t(76,77,72)
t(72,71,76)
</p>

<p>
c(200,200,200)
outline()
n(0.126234,-0.335964,-0.933377)
C(-26.550000,20.700000,201.600000)
p(4,78,77,72,73)
t(72,73,78)
t(78,77,72)
</p>

<p>
c(103,22,255)
outline()
n(-0.998408,-0.056102,-0.005867)
C(77.700000,-4.500000,146.700000)
p(6,79,80,81,82,83,84)
t(80,79,84)
t(84,83,82)
t(82,81,80)
t(80,84,82)
</p>

<p>
c(103,22,255)
outline()
n(0.511159,-0.859368,0.014252)
C(71.550000,-17.550000,141.750000)
p(4,85,79,84,86)
t(84,86,85)
t(85,79,84)
</p>

<p>
c(103,22,255)
outline()
n(-0.831946,0.554631,-0.015847)
C(63.600000,-24.000000,119.400000)
p(3,85,87,86)
t(87,86,85)
</p>

<p>
c(103,22,255)
outline()
n(-0.995545,0.094090,-0.006033)
C(78.120000,-10.440000,41.040000)
p(5,80,88,89,90,79)
t(90,79,80)
t(80,88,89)
t(89,90,80)
</p>

<p>
c(103,22,255)
outline()
n(-0.646479,0.756833,-0.096274)
C(74.250000,-18.900000,51.300000)
p(4,85,79,90,89)
t(90,89,85)
t(85,79,90)
</p>

<p>
c(103,22,255)
outline()
n(-0.379129,0.924828,-0.030897)
C(66.150000,-26.100000,38.700000)
p(4,89,91,87,85)
t(87,85,89)
t(89,91,87)
</p>

<p>
c(103,22,255)
outline()
n(-0.998359,-0.053167,-0.021264)
C(77.850000,10.800000,102.150000)
p(4,81,80,92,93)
t(80,81,93)
t(93,92,80)
</p>

<p>
c(103,22,255)
outline()
n(0.996254,0.086469,-0.001005)
C(78.300000,10.350000,38.700000)
p(4,88,80,92,94)
t(80,88,94)
t(94,92,80)
</p>

<p>
c(103,22,255)
outline()
n(-0.992925,-0.118725,0.002025)
C(77.657143,13.885714,-83.828571)
p(7,88,94,95,96,97,98,99)
t(98,99,88)
t(88,94,95)
t(96,97,98)
t(88,95,96)
t(96,98,88)
</p>

<p>
c(103,22,255)
outline()
n(0.995957,-0.089805,-0.002363)
C(78.300000,-9.450000,-85.500000)
p(4,89,88,99,100)
t(88,89,100)
t(100,99,88)
</p>

<p>
c(103,22,255)
outline()
n(-0.894427,-0.447214,-0.000000)
C(75.600000,25.200000,94.050000)
p(4,92,101,102,93)
t(101,92,93)
t(93,102,101)
</p>

<p>
c(103,22,255)
outline()
n(-0.920051,-0.391786,0.002996)
C(75.960000,23.760000,11.520000)
p(5,94,92,101,103,95)
t(103,95,94)
t(94,92,101)
t(101,103,94)
</p>

<p>
c(103,22,255)
outline()
n(-0.964111,0.264516,0.022824)
C(72.000000,-25.457143,-100.542857)
p(7,104,105,106,107,89,108,109)
t(108,109,104)
t(104,105,106)
t(107,89,108)
t(108,104,106)
t(106,107,108)
</p>

<p>
c(103,22,255)
outline()
n(-0.997015,-0.066898,0.038553)
C(69.685714,-25.714286,-100.542857)
p(7,110,105,106,107,89,111,112)
t(111,112,110)
t(110,105,106)
t(107,89,111)
t(111,110,106)
t(106,107,111)
</p>

<p>
c(103,22,255)
outline()
n(0.536392,-0.842485,-0.050033)
C(74.700000,-19.350000,-104.850000)
p(4,108,109,100,89)
t(100,89,108)
t(108,109,100)
</p>

<p>
c(103,22,255)
outline()
n(0.389917,-0.918988,-0.058540)
C(65.100000,-24.900000,-60.300000)
p(6,89,91,113,114,112,111)
t(111,89,91)
t(113,114,112)
t(112,111,91)
t(91,113,112)
</p>

<p>
c(103,22,255)
outline()
n(-0.424970,-0.901333,0.083662)
C(56.880000,-20.520000,153.720000)
p(5,87,86,115,116,117)
t(116,117,87)
t(87,86,115)
t(115,116,87)
</p>

<p>
c(103,22,255)
outline()
n(0.172380,-0.788024,0.591018)
C(69.600000,-15.600000,207.600000)
p(3,86,84,118)
t(84,118,86)
</p>

<p>
c(103,22,255)
outline()
n(-0.172380,-0.788024,0.591018)
C(60.000000,-15.600000,207.600000)
p(3,86,115,118)
t(115,86,118)
</p>

<p>
c(103,22,255) // lantern lights here // can bend in lines
outline()
n(-0.000000,0.418856,0.908053)
C(64.800000,-7.920000,207.000000)
p(5,84,83,119,115,118)
t(115,118,84)
t(84,83,119)
t(119,115,84)
</p>

<p>
c(103,22,255) 
outline()
n(0.966629,-0.253816,0.034711)
C(52.200000,-6.840000,201.960000)
p(5,119,115,116,120,121)
t(120,121,119)
t(119,115,116)
t(116,120,119)
</p>

<p>
c(103,22,255) 
outline()
n(-0.145408,-0.212232,-0.966341)
C(25.650000,-11.700000,204.750000)
p(4,116,120,43,44)
t(120,116,44)
t(44,43,120)
</p>

<p>
c(255,255,255)
outline()
n(-0.000000,-0.680451,0.732793)
C(55.800000,-41.400000,65.700000)
p(4,87,117,122,123)
t(122,123,87)
t(87,117,122)
</p>

<p>
c(255,255,255)
outline()
n(-0.961524,0.274721,0.000000)
C(57.600000,-41.400000,63.900000)
p(4,87,124,125,123)
t(125,123,87)
t(87,124,125)
</p>

<p>
c(255,255,255)
outline()
n(-0.904057,0.427406,0.002500)
C(54.000000,-53.742857,16.200000)
p(7,126,127,128,129,130,125,123)
t(127,126,123)
t(125,130,129)
t(129,128,127)
t(127,123,125)
t(125,129,127)
</p>

<p>
c(255,255,255)
outline()
n(-0.970143,0.242536,0.000000)
C(58.500000,-39.600000,-1.800000)
p(4,129,130,91,131)
t(91,131,129)
t(129,130,91)
</p>

<p>
c(255,255,255)
outline()
n(-0.942636,0.327569,0.064312)
C(55.350000,-46.800000,-31.050000)
p(4,132,127,128,113)
t(128,113,132)
t(132,127,128)
</p>

<p>
c(255,255,255)
outline()
n(-0.947373,0.305505,0.095663)
C(57.000000,-36.000000,-54.600000)
p(3,113,132,114)
t(132,113,114)
</p>

<p>
c(150,150,150)
outline()
n(1.000000,0.000000,0.000000)
C(75.600000,6.120000,188.280000)
p(5,83,133,134,135,136)
t(133,83,136)
t(135,134,133)
t(133,136,135)
</p>

<p>
c(200,200,200)
outline()
n(1.000000,0.000000,0.000000)
C(79.200000,15.300000,193.500000)
p(4,137,138,139,140)
t(138,137,140)
t(140,139,138)
</p>

<p>
c(200,200,200)
outline()
n(0.447214,-0.894427,0.000000)
C(77.400000,13.500000,192.600000)
p(4,133,137,140,134)
t(137,133,134)
t(134,140,137)
</p>

<p>
c(200,200,200)
outline()
n(-0.980581,-0.196116,-0.000000)
C(78.300000,20.700000,192.600000)
p(4,138,139,141,142)
t(139,138,142)
t(142,141,139)
</p>

<p>
c(150,150,150)
outline()
n(0.000000,0.000000,1.000000)
C(64.800000,6.300000,203.400000)
p(4,83,133,143,119)
t(143,119,83)
t(83,133,143)
</p>

<p>
c(200,200,200)
outline()
n(0.000000,0.000000,1.000000)
C(64.800000,15.300000,207.000000)
p(4,137,138,144,145)
t(144,145,137)
t(137,138,144)
</p>

<p>
c(200,200,200)
outline()
n(-0.000000,0.371391,0.928477)
C(65.700000,20.700000,205.200000)
p(4,138,142,146,144)
t(146,144,138)
t(138,142,146)
</p>

<p>
c(200,200,200)
outline()
n(0.000000,-0.894427,0.447214)
C(64.800000,13.500000,205.200000)
p(4,133,137,145,143)
t(145,143,133)
t(133,137,145)
</p>

<p>
c(150,150,150)
outline()
n(1.000000,0.000000,0.000000)
C(54.000000,6.300000,199.800000)
p(4,143,119,121,147)
t(121,147,143)
t(143,119,121)
</p>

<p>
c(200,200,200)
outline()
n(1.000000,0.000000,0.000000)
C(50.400000,15.300000,203.400000)
p(4,144,145,148,149)
t(148,149,144)
t(144,145,148)
</p>

<p>
c(200,200,200)
outline()
n(-0.447214,-0.894427,0.000000)
C(52.200000,13.500000,201.600000)
p(4,145,143,147,148)
t(143,145,148)
t(148,147,143)
</p>

<p>
c(200,200,200)
outline()
n(-0.857493,0.514496,0.000000)
C(53.100000,20.700000,201.600000)
p(4,146,144,149,150)
t(144,146,150)
t(150,149,144)
</p>

<p>
c(100,100,100)
outline()
n(0.130909,0.405878,0.904503)
C(26.550000,-4.950000,202.050000)
p(4,120,43,74,121)
t(43,120,121)
t(121,74,43)
</p>

<p>
c(100,100,100)
outline()
n(0.132164,0.000000,0.991228)
C(27.000000,6.300000,199.800000)
p(4,75,74,121,147)
t(121,147,75)
t(75,74,121)
</p>

<p>
c(200,200,200)
outline()
n(0.064822,-0.879990,0.470549)
C(26.100000,13.500000,201.600000)
p(4,76,75,147,148)
t(147,148,76)
t(76,75,147)
</p>

<p>
c(200,200,200)
outline()
n(0.141421,0.000000,0.989949)
C(25.200000,15.300000,203.400000)
p(4,77,76,148,149)
t(148,149,77)
t(77,76,148)
</p>

<p>
c(200,200,200)
outline()
n(-0.126234,-0.335964,-0.933377)
C(26.550000,20.700000,201.600000)
p(4,78,77,149,150)
t(77,78,150)
t(150,149,77)
</p>

<p>
c(103,22,255) 
outline()
n(0.000000,0.991774,-0.128004)
C(0.000000,-22.114286,135.771429)
p(7,117,116,44,37,38,151,152)
t(116,117,152)
t(151,38,37)
t(37,44,116)
t(116,152,151)
t(151,37,116)
</p>

<p>
glass()
outline()
n(0.000000,-0.762270,0.647259)
C(-0.000000,-41.400000,71.100000)
p(8,152,117,122,153,154,45,38,151)
t(117,152,151)
t(151,38,45)
t(153,122,117)
t(117,151,45)
t(154,153,117)
t(117,45,154)
</p>

<p>
c(255,255,255)
outline()
n(0.000000,-0.815583,0.578640)
C(0.000000,-55.800000,54.900000)
p(8,49,126,123,122,153,154,45,46)
t(45,46,49)
t(49,126,123)
t(122,153,154)
t(154,45,49)
t(49,123,122)
t(122,154,49)
</p>

<p>
glass()
outline()
n(-0.961524,-0.274721,0.000000)
C(-58.800000,-37.200000,60.000000)
p(3,48,155,47)
t(155,48,47)
</p>

<p>
glass()
outline()
n(-0.965003,-0.262142,0.007106)
C(-58.050000,-40.500000,26.550000)
p(4,48,155,12,53)
t(12,53,48)
t(48,155,12)
</p>

<p>
glass()
outline()
n(-0.967257,-0.253749,-0.005009)
C(-58.500000,-39.150000,-15.300000)
p(4,52,54,34,51)
t(34,51,52)
t(52,54,34)
</p>

<p>
glass()
outline()
n(0.961524,-0.274721,0.000000)
C(58.800000,-37.200000,60.000000)
p(3,125,156,124)
t(156,124,125)
</p>

<p>
glass()
outline()
n(-0.965003,0.262142,-0.007106)
C(58.050000,-40.500000,26.550000)
p(4,125,156,91,130)
t(91,130,125)
t(125,156,91)
</p>

<p>
glass()
outline()
n(-0.967257,0.253749,0.005009)
C(58.500000,-39.150000,-15.300000)
p(4,129,131,113,128)
t(113,128,129)
t(129,131,113)
</p>

<p>
c(255,255,255)
outline()
n(0.000000,0.998688,0.051215)
C(0.000000,-59.400000,15.300000)
p(4,49,126,127,50)
t(127,50,49)
t(49,126,127)
</p>

<p>
c(255,255,255)
outline()
n(0.000000,0.984784,0.173785)
C(0.000000,-54.900000,-35.100000)
p(4,55,132,127,50)
t(132,55,50)
t(50,127,132)
</p>

<p>
c(255,255,255)
outline()
n(0.000000,0.762649,0.646812)
C(-0.000000,-38.400000,-65.400000)
p(12,35,55,132,114,157,158,159,160,161,162,163,164)
t(163,164,35)
t(132,114,157)
t(159,160,161)
t(162,163,35)
t(132,157,158)
t(159,161,162)
t(162,35,55)
t(132,158,159)
t(159,162,55)
t(55,132,159)
</p>

<p>
glass()
outline()
n(0.000000,0.790989,0.611830)
C(0.000000,-38.700000,-65.250000)
p(8,158,159,160,161,162,163,165,166)
t(159,158,166)
t(166,165,163)
t(163,162,161)
t(160,159,166)
t(166,163,161)
t(161,160,166)
</p>

<p>
c(255,255,255)
outline()
n(0.000000,0.923880,0.382683)
C(0.000000,-28.800000,-79.200000)
p(8,163,164,167,168,157,158,166,165)
t(164,163,165)
t(166,158,157)
t(157,168,167)
t(167,164,165)
t(165,166,157)
t(157,167,165)
</p>

<p>
c(103,22,255) 
outline()
n(0.000000,-0.992347,-0.123480)
C(-0.000000,-24.300000,-102.600000)
p(8,33,112,114,157,168,167,164,35)
t(164,35,33)
t(33,112,114)
t(167,164,33)
t(33,114,157)
t(168,167,33)
t(33,157,168)
</p>

<p>
c(103,22,255) 
outline()
n(-0.000000,0.894427,0.447214)
C(-68.400000,-15.480000,-168.840000)
p(5,21,169,170,33,30)
t(169,21,30)
t(33,170,169)
t(169,30,33)
</p>

<p>
c(103,22,255) 
outline()
n(0.000000,0.894427,0.447214)
C(68.400000,-15.480000,-168.840000)
p(5,100,171,172,112,109)
t(112,109,100)
t(100,171,172)
t(172,112,100)
</p>

<p>
c(103,22,255) 
outline()
n(0.707294,-0.006721,-0.706888)
C(-63.450000,-3.600000,-170.100000)
p(4,169,170,173,174)
t(170,169,174)
t(174,173,170)
</p>

<p>
c(103,22,255) 
outline()
n(-0.707294,-0.006721,-0.706888)
C(63.450000,-3.600000,-170.100000)
p(4,171,172,175,176)
t(176,171,172)
t(172,175,176)
</p>

<p>
c(103,22,255) 
outline()
n(0.000000,-0.513702,-0.857969)
C(0.000000,-11.160000,-170.640000)
p(5,170,172,177,178,179)
t(172,170,179)
t(179,178,177)
t(177,172,179)
</p>

<p>
c(150,150,150) 
outline()
n(0.000000,0.000000,1.000000)
C(0.000000,-1.500000,-172.800000)
p(6,179,180,181,182,177,178)
t(180,179,178)
t(178,177,182)
t(181,180,178)
t(178,182,181)
</p>

<p>
c(200,200,200) 
outline()
n(0.000000,0.153932,-0.988081)
C(0.000000,9.360000,-172.080000)
p(5,175,173,180,181,182)
t(173,175,182)
t(182,181,180)
t(180,173,182)
</p>

<p>
c(200,200,200) 
outline()
n(-0.999997,-0.002315,0.000000)
C(-64.200000,0.600000,-174.600000)
p(6,183,169,174,173,184,185)
t(185,183,169)
t(169,174,173)
t(173,184,185)
t(185,169,173)
</p>

<p>
c(200,200,200) 
outline()
n(0.999997,-0.002315,0.000000)
C(-78.000000,0.600000,-174.600000)
p(6,186,21,20,19,187,188)
t(21,186,188)
t(188,187,19)
t(19,20,21)
t(21,188,19)
</p>

<p>
c(200,200,200) 
outline()
n(0.000000,1.000000,0.000000)
C(-71.100000,-14.400000,-174.600000)
p(4,186,21,169,183)
t(169,183,186)
t(186,21,169)
</p>

<p>
c(200,200,200) 
outline()
n(0.000000,1.000000,0.000000)
C(-71.100000,16.200000,-174.600000)
p(4,19,187,184,173)
t(187,19,173)
t(173,184,187)
</p>

<p>
c(200,200,200) 
outline()
n(-0.016661,-0.000075,-0.999861)
C(-70.200000,0.514286,-176.400000)
p(14,183,186,188,187,184,185,189,190,191,192,193,194,189,185)
t(185,189,190)
t(194,189,185)
t(186,188,187)
t(184,185,190)
t(194,185,183)
t(187,184,190)
t(193,194,183)
t(187,190,191)
t(193,183,186)
t(187,191,192)
t(192,193,186)
t(186,187,192)
</p>

<p>
c(200,60,60) 
light()
outline()
n(0.000000,0.000000,1.000000)
C(-71.100000,0.600000,-174.600000)
p(6,189,190,191,192,193,194)
t(193,194,189)
t(189,190,191)
t(191,192,193)
t(193,189,191)
</p>

<p>
c(200,60,60) 
light()
outline()
n(-0.000000,-0.447214,0.894427)
C(-69.600000,-25.200000,-169.200000)
p(3,26,31,25)
t(31,25,26)
</p>

<p>
c(200,60,60) 
light()
outline()
n(0.000000,0.000000,1.000000)
C(-69.300000,-18.900000,-167.400000)
p(4,31,25,30,33)
t(25,31,33)
t(33,30,25)
</p>

<p>
c(200,200,200) 
outline()
n(-0.999997,0.002315,0.000000)
C(64.200000,0.600000,-174.600000)
p(6,195,171,176,175,196,197)
t(196,197,195)
t(195,171,176)
t(176,175,196)
t(196,195,176)
</p>

<p>
c(200,200,200) 
outline()
n(0.999997,0.002315,-0.000000)
C(78.000000,0.600000,-174.600000)
p(6,198,100,99,98,199,200)
t(100,198,200)
t(200,199,98)
t(99,100,200)
t(200,98,99)
</p>

<p>
c(200,200,200) 
outline()
n(0.000000,1.000000,0.000000)
C(71.100000,-14.400000,-174.600000)
p(4,198,100,171,195)
t(100,198,195)
t(195,171,100)
</p>

<p>
c(200,200,200) 
outline()
n(0.000000,1.000000,0.000000)
C(71.100000,16.200000,-174.600000)
p(4,98,199,196,175)
t(196,175,98)
t(98,199,196)
</p>

<p>
c(200,200,200) 
outline()
n(0.016661,-0.000075,-0.999861)
C(70.200000,0.514286,-176.400000)
p(14,195,198,200,199,196,197,201,202,203,204,205,206,201,197)
t(195,197,196)
t(199,200,204)
t(205,204,200)
t(199,204,203)
t(205,200,198)
t(196,199,203)
t(206,205,198)
t(196,203,202)
t(206,198,195)
t(196,202,201)
t(201,206,195)
t(195,196,201)
</p>

<p>
c(200,60,60) 
light()
outline()
n(0.000000,0.000000,1.000000)
C(71.100000,0.600000,-174.600000)
p(6,201,202,203,204,205,206)
t(202,201,206)
t(206,205,204)
t(204,203,202)
t(202,206,204)
</p>

<p>
c(200,60,60) 
light()
outline()
n(0.000000,-0.447214,0.894427)
C(69.600000,-25.200000,-169.200000)
p(3,105,110,104)
t(110,105,104)
</p>

<p>
c(200,60,60) 
light()
outline()
n(0.000000,0.000000,1.000000)
C(69.300000,-18.900000,-167.400000)
p(4,110,104,109,112)
t(109,112,110)
t(110,104,109)
</p>

<p>
c(225,225,255) 
light()
outline()
n(0.000000,0.000000,1.000000)
C(-57.600000,-5.400000,207.000000)
p(8,207,208,209,210,211,212,213,214)
t(208,207,214)
t(214,213,212)
t(212,211,210)
t(210,209,208)
t(208,214,212)
t(212,210,208)
</p>

<p>
c(225,225,255) 
light()
outline()
n(0.000000,0.000000,1.000000)
C(-72.000000,-5.400000,207.000000)
p(8,211,215,216,217,218,219,220,221)
t(215,211,221)
t(221,220,219)
t(219,218,217)
t(217,216,215)
t(215,221,219)
t(219,217,215)
</p>

<p>
c(225,225,255) 
light()
outline()
n(0.000000,0.000000,1.000000)
C(57.600000,-5.400000,207.000000)
p(8,222,223,224,225,226,227,228,229)
t(228,229,222)
t(222,223,224)
t(224,225,226)
t(226,227,228)
t(228,222,224)
t(224,226,228)
</p>

<p>
c(225,225,255) 
light()
outline()
n(0.000000,0.000000,1.000000)
C(72.000000,-5.400000,207.000000)
p(8,226,230,231,232,233,234,235,236)
t(235,236,226)
t(226,230,231)
t(231,232,233)
t(233,234,235)
t(235,226,231)
t(231,233,235)
</p>

<p>
c(100,100,100) 
outline()
n(0.000000,1.000000,0.000000)
C(0.000000,25.200000,196.600000)
p(9,64,141,142,146,150,78,73,69,65)
t(64,65,69)
t(73,78,150)
t(150,146,142)
t(64,69,73)
t(150,142,141)
t(141,64,73)
t(73,150,141)
</p>

<p>
c(100,100,100) 
outline()
n(0.000000,0.998812,0.048723)
C(0.000000,27.000000,143.100000)
p(4,237,238,239,240)
t(238,237,240)
t(240,239,238)
</p>

<p>
c(100,100,100) 
outline()
n(0.009952,0.745806,0.666089)
C(-67.320000,15.840000,120.960000)
p(5,23,239,241,2,14)
t(239,23,14)
t(14,2,241)
t(241,239,14)
</p>

<p>
c(100,100,100) 
outline()
n(0.000000,1.000000,0.000000)
C(-65.250000,0.000000,156.600000)
p(4,241,2,59,242)
t(59,242,241)
t(241,2,59)
</p>

<p>
c(100,100,100) 
outline()
n(-0.000000,-0.707107,0.707107)
C(-64.800000,2.700000,177.300000)
p(4,243,58,59,242)
t(59,242,243)
t(243,58,59)
</p>

<p>
c(100,100,100) 
outline()
n(0.000000,0.000000,1.000000)
C(-64.800000,15.300000,180.000000)
p(4,243,58,244,238)
t(58,243,238)
t(238,244,58)
</p>

<p>
c(100,100,100) 
outline()
n(1.000000,0.000000,0.000000)
C(-54.000000,11.880000,155.880000)
p(5,239,238,243,242,241)
t(242,241,239)
t(239,238,243)
t(243,242,239)
</p>

<p>
c(100,100,100) 
outline()
n(-0.009952,0.745806,0.666089)
C(67.320000,15.840000,120.960000)
p(5,102,240,245,81,93)
t(81,93,102)
t(102,240,245)
t(245,81,102)
</p>

<p>
c(100,100,100) 
outline()
n(0.000000,1.000000,0.000000)
C(65.250000,0.000000,156.600000)
p(4,245,81,136,246)
t(81,245,246)
t(246,136,81)
</p>

<p>
c(100,100,100) 
outline()
n(-0.000000,0.707107,-0.707107)
C(64.800000,2.700000,177.300000)
p(4,247,135,136,246)
t(136,246,247)
t(247,135,136)
</p>

<p>
c(100,100,100) 
outline()
n(0.000000,0.000000,1.000000)
C(64.800000,15.300000,180.000000)
p(4,247,135,248,237)
t(248,237,247)
t(247,135,248)
</p>

<p>
c(100,100,100) 
outline()
n(1.000000,0.000000,0.000000)
C(54.000000,11.880000,155.880000)
p(5,240,237,247,246,245)
t(246,245,240)
t(240,237,247)
t(247,246,240)
</p>

<p>
c(100,100,100) 
outline()
n(0.000000,1.000000,0.000000)
C(0.000000,28.800000,29.700000)
p(4,23,102,103,24)
t(103,24,23)
t(23,102,103)
</p>

<p>
c(100,100,100) 
outline()
n(0.000000,0.997334,-0.072976)
C(0.000000,18.900000,-134.100000)
p(4,19,98,249,250)
t(98,19,250)
t(250,249,98)
</p>

<p>
c(100,100,100) 
outline()
n(0.000000,0.989949,-0.141421)
C(0.000000,25.200000,-72.000000)
p(4,251,252,253,254)
t(252,251,254)
t(254,253,252)
</p>

