v(-700.000000,0.000000,-1050.000000)
v(-840.000000,0.000000,-1750.000000)
v(0.000000,0.000000,-1750.000000)
v(0.000000,0.000000,-1470.000000)
v(-20.000000,0.000000,-1470.000000)
v(-20.000000,0.000000,-1050.000000)
v(20.000000,0.000000,-1470.000000)
v(20.000000,0.000000,-1053.076923)
v(910.000000,0.000000,-1190.000000)
v(840.000000,0.000000,-1750.000000)
v(-350.000000,0.000000,-490.000000)
v(0.000000,0.000000,-490.000000)
v(0.000000,0.000000,-996.373391)
v(-20.000000,0.000000,-1035.000000)
v(213.000000,0.000000,-585.000000)
v(250.000000,0.000000,-600.000000)
v(20.000000,0.000000,-1050.000000)
v(350.000000,0.000000,-490.000000)
v(0.000000,0.000000,0.000000)
v(490.000000,0.000000,-350.000000)
v(1120.000000,0.000000,-980.000000)
v(490.000000,0.000000,0.000000)
v(490.000000,0.000000,350.000000)
v(996.373391,0.000000,0.000000)
v(1035.000000,0.000000,20.000000)
v(1050.000000,0.000000,20.000000)
v(1050.000000,0.000000,700.000000)
v(585.000000,0.000000,-213.000000)
v(600.000000,0.000000,-250.000000)
v(1050.000000,0.000000,-20.000000)
v(1051.428571,0.000000,-20.000000)
v(1750.000000,0.000000,840.000000)
v(1470.000000,0.000000,20.000000)
v(1470.000000,0.000000,0.000000)
v(1750.000000,0.000000,0.000000)
v(1750.000000,0.000000,-840.000000)
v(1470.000000,0.000000,-20.000000)
v(-1190.000000,0.000000,-1750.000000)
v(-910.000000,0.000000,-1050.000000)
v(1190.000000,0.000000,-1750.000000)
v(1260.000000,0.000000,-1260.000000)
v(-630.000000,0.000000,-420.000000)
v(-140.000000,0.000000,140.000000)
v(1050.000000,0.000000,980.000000)
v(630.000000,0.000000,700.000000)
v(1330.000000,0.000000,-1190.000000)
v(1750.000000,0.000000,-1190.000000)
v(1750.000000,0.000000,1190.000000)

<p>
c(218,191,135)
n(0.000000,1.000000,0.000000)
C(-263.333333,0.000000,-1423.333333)
p(6,0,1,2,3,4,5)
t(1,0,5)
t(4,3,2)
t(1,5,4)
t(4,2,1)
</p>

<p>
c(217,188,128)
n(0.000000,1.000000,0.000000)
C(298.333333,0.000000,-1447.179487)
p(6,3,6,7,8,9,2)
t(9,2,3)
t(6,7,8)
t(9,3,6)
t(6,8,9)
</p>

<p>
c(218,191,135)
n(0.000000,1.000000,0.000000)
C(-181.666667,0.000000,-851.895565)
p(6,0,10,11,12,13,5)
t(13,5,0)
t(0,10,11)
t(11,12,13)
t(13,0,11)
</p>

<p>
c(217,188,128)
n(0.000000,1.000000,0.000000)
C(220.375000,0.000000,-806.806289)
p(8,12,14,15,16,7,8,17,11)
t(14,12,11)
t(17,8,7)
t(7,16,15)
t(15,14,11)
t(17,7,15)
t(15,11,17)
</p>

<p>
c(218,191,135)
n(0.000000,1.000000,0.000000)
C(116.666667,0.000000,-326.666667)
p(3,17,11,18)
t(11,18,17)
</p>

<p>
c(218,191,135)
n(0.000000,1.000000,0.000000)
C(-116.666667,0.000000,-326.666667)
p(3,10,11,18)
t(11,10,18)
</p>

<p>
c(218,191,135)
n(0.000000,1.000000,0.000000)
C(280.000000,0.000000,-280.000000)
p(3,17,18,19)
t(18,19,17)
</p>

<p>
c(217,188,128)
n(0.000000,1.000000,0.000000)
C(717.500000,0.000000,-752.500000)
p(4,17,19,20,8)
t(20,8,17)
t(17,19,20)
</p>

<p>
c(218,191,135)
n(0.000000,1.000000,0.000000)
C(326.666667,0.000000,-116.666667)
p(3,19,21,18)
t(21,19,18)
</p>

<p>
c(218,191,135)
n(0.000000,1.000000,0.000000)
C(326.666667,0.000000,116.666667)
p(3,22,21,18)
t(21,18,22)
</p>

<p>
c(218,191,135)
n(0.000000,1.000000,0.000000)
C(851.895565,0.000000,181.666667)
p(6,21,23,24,25,26,22)
t(23,21,22)
t(22,26,25)
t(24,23,22)
t(22,25,24)
</p>

<p>
c(217,188,128)
n(0.000000,1.000000,0.000000)
C(797.850245,0.000000,-229.125000)
p(8,19,21,23,27,28,29,30,20)
t(30,20,19)
t(21,23,27)
t(28,29,30)
t(19,21,27)
t(28,30,19)
t(19,27,28)
</p>

<p>
c(218,191,135)
n(0.000000,1.000000,0.000000)
C(1423.333333,0.000000,263.333333)
p(6,31,26,25,32,33,34)
t(26,31,34)
t(34,33,32)
t(32,25,26)
t(26,34,32)
</p>

<p>
c(217,188,128)
n(0.000000,1.000000,0.000000)
C(1435.238095,0.000000,-310.000000)
p(6,34,35,20,30,36,33)
t(36,33,34)
t(34,35,20)
t(20,30,36)
t(36,34,20)
</p>

<p>
c(191,159,100)
n(0.000000,1.000000,0.000000)
C(-910.000000,0.000000,-1400.000000)
p(4,0,1,37,38)
t(37,38,0)
t(0,1,37)
</p>

<p>
c(191,159,100)
n(0.000000,1.000000,0.000000)
C(1050.000000,0.000000,-1487.500000)
p(4,8,9,39,40)
t(9,8,40)
t(40,39,9)
</p>

<p>
c(191,159,100)
n(0.000000,1.000000,0.000000)
C(-647.500000,0.000000,-752.500000)
p(4,0,38,41,10)
t(41,10,0)
t(0,38,41)
</p>

<p>
c(191,159,100)
n(0.000000,1.000000,0.000000)
C(-280.000000,0.000000,-192.500000)
p(4,41,10,18,42)
t(10,41,42)
t(42,18,10)
</p>

<p>
c(191,159,100)
n(0.000000,1.000000,0.000000)
C(805.000000,0.000000,682.500000)
p(4,26,43,44,22)
t(43,26,22)
t(22,44,43)
</p>

<p>
c(191,159,100)
n(0.000000,1.000000,0.000000)
C(245.000000,0.000000,297.500000)
p(4,44,22,18,42)
t(18,42,44)
t(44,22,18)
</p>

<p>
c(191,159,100)
n(0.000000,1.000000,0.000000)
C(1155.000000,0.000000,-1155.000000)
p(4,45,20,8,40)
t(20,45,40)
t(40,8,20)
</p>

<p>
c(191,159,100)
n(0.000000,1.000000,0.000000)
C(1487.500000,0.000000,-1050.000000)
p(4,20,35,46,45)
t(46,45,20)
t(20,35,46)
</p>

<p>
c(191,159,100)
n(0.000000,1.000000,0.000000)
C(1400.000000,0.000000,927.500000)
p(4,26,31,47,43)
t(31,26,43)
t(43,47,31)
</p>

<p>
c(210,196,167)
n(0.000000,1.000000,0.000000)
C(0.000000,0.000000,-1256.250000)
p(4,13,4,6,16)
t(4,13,16)
t(16,6,4)
</p>

<p>
c(210,196,167)
n(0.000000,1.000000,0.000000)
C(1256.250000,0.000000,0.000000)
p(4,29,36,32,24)
t(36,29,24)
t(24,32,36)
</p>

<p>
c(210,196,167)
n(0.000000,1.000000,0.000000)
C(115.750000,0.000000,-817.500000)
p(4,16,13,14,15)
t(14,15,16)
t(16,13,14)
</p>

<p>
c(210,196,167)
n(0.000000,1.000000,0.000000)
C(817.500000,0.000000,-115.750000)
p(4,29,24,27,28)
t(24,29,28)
t(28,27,24)
</p>

