v(-325.000000,0.000000,-891.500000)
v(0.000000,0.000000,-891.500000)
v(-35.000000,-85.000000,-621.000000)
v(-315.000000,-77.500000,-621.000000)
v(325.000000,0.000000,-891.500000)
v(315.000000,-77.500000,-621.000000)
v(-300.000000,-210.000000,-367.500000)
v(45.000000,-195.000000,-390.000000)
v(295.000000,-205.000000,-325.000000)
v(-240.000000,-350.000000,-125.000000)
v(-25.000000,-377.500000,-130.000000)
v(210.000000,-335.000000,-90.000000)
v(-275.000000,-385.000000,0.000000)
v(0.000000,-376.000000,0.000000)
v(250.000000,-355.000000,0.000000)
v(-325.000000,0.000000,891.500000)
v(0.000000,0.000000,891.500000)
v(-35.000000,-85.000000,621.000000)
v(-315.000000,-77.500000,621.000000)
v(325.000000,0.000000,891.500000)
v(315.000000,-77.500000,621.000000)
v(-300.000000,-210.000000,367.500000)
v(20.000000,-195.000000,390.000000)
v(295.000000,-205.000000,325.000000)
v(-240.000000,-350.000000,125.000000)
v(-25.000000,-377.500000,130.000000)
v(210.000000,-335.000000,90.000000)
v(-410.000000,-160.000000,50.000000)
v(375.000000,-175.000000,-25.000000)
v(-575.000000,0.000000,0.000000)
v(-450.000000,0.000000,-390.000000)
v(-435.000000,0.000000,350.000000)
v(575.000000,0.000000,0.000000)
v(425.000000,0.000000,-380.000000)
v(455.000000,0.000000,370.000000)
v(-415.000000,0.000000,-621.000000)
v(425.000000,0.000000,-645.000000)
v(-420.000000,0.000000,600.000000)
v(410.000000,0.000000,650.000000)

<p>
c(218,191,135)
n(-0.010931,-0.957516,-0.288172)
p(4,0,1,2,3)
t(2,3,0)
t(0,1,2)
</p>

<p>
c(217,188,128)
n(-0.011021,0.957910,0.286857)
p(4,4,1,2,5)
t(2,5,4)
t(4,1,2)
</p>

<p>
c(218,188,130)
n(0.003560,0.894084,0.447884)
p(4,6,7,2,3)
t(2,3,6)
t(6,7,2)
</p>

<p>
c(218,188,130)
n(-0.036426,0.910905,0.411004)
p(4,8,7,2,5)
t(7,8,5)
t(5,2,7)
</p>

<p>
c(218,191,135)
n(0.032921,0.839257,0.542737)
p(4,9,6,7,10)
t(6,9,10)
t(10,7,6)
</p>

<p>
c(218,191,135)
n(-0.161104,0.854263,0.494247)
p(4,11,8,7,10)
t(7,10,11)
t(11,8,7)
</p>

<p>
c(218,191,135)
n(-0.029290,-0.990943,-0.131052)
p(4,12,9,10,13)
t(10,13,12)
t(12,9,10)
</p>

<p>
c(218,191,135)
n(0.134736,-0.985749,-0.100726)
p(4,14,11,10,13)
t(11,14,13)
t(13,10,11)
</p>

<p>
c(218,191,135)
n(0.010931,0.957516,-0.288172)
p(4,15,16,17,18)
t(17,18,15)
t(15,16,17)
</p>

<p>
c(217,188,128)
n(0.011021,-0.957910,0.286857)
p(4,19,16,17,20)
t(17,20,19)
t(19,16,17)
</p>

<p>
c(218,188,130)
n(-0.004385,-0.894044,0.447958)
p(4,21,22,17,18)
t(17,18,21)
t(21,22,17)
</p>

<p>
c(218,188,130)
n(0.036271,-0.911414,0.409889)
p(4,23,22,17,20)
t(22,23,20)
t(20,17,22)
</p>

<p>
c(218,191,135)
n(-0.036461,-0.839947,0.541441)
p(4,24,21,22,25)
t(21,24,25)
t(25,22,21)
</p>

<p>
c(218,191,135)
n(0.151403,-0.850939,0.502972)
p(4,26,23,22,25)
t(22,25,26)
t(26,23,22)
</p>

<p>
c(218,191,135)
n(-0.029290,-0.990943,0.131052)
p(4,12,24,25,13)
t(24,12,13)
t(13,25,24)
</p>

<p>
c(218,191,135)
n(-0.134736,0.985749,-0.100726)
p(4,14,26,25,13)
t(26,14,13)
t(13,25,26)
</p>

<p>
c(218,191,135)
n(-0.833867,-0.523966,-0.173564)
p(4,12,9,6,27)
t(9,12,27)
t(27,6,9)
</p>

<p>
c(214,183,120)
n(-0.750631,0.640192,0.163426)
p(4,14,11,8,28)
t(11,14,28)
t(28,8,11)
</p>

<p>
c(218,191,135)
n(-0.791483,-0.575535,0.205705)
p(4,12,24,21,27)
t(21,27,12)
t(12,24,21)
</p>

<p>
c(214,183,120)
n(-0.772974,0.617467,-0.145757)
p(4,14,26,23,28)
t(23,28,14)
t(14,26,23)
</p>

<p>
c(169,144,97)
n(0.736197,0.654532,0.172053)
p(4,6,27,29,30)
t(27,6,30)
t(30,29,27)
</p>

<p>
c(174,149,100)
n(0.777738,0.575428,-0.252996)
p(4,21,27,29,31)
t(29,31,21)
t(21,27,29)
</p>

<p>
c(174,149,100)
n(-0.726229,0.648755,0.227393)
p(4,8,28,32,33)
t(32,33,8)
t(8,28,32)
</p>

<p>
c(169,144,97)
n(0.699939,-0.694178,0.167935)
p(4,23,28,32,34)
t(32,34,23)
t(23,28,32)
</p>

<p>
c(218,191,135)
n(-0.600232,-0.774493,-0.199707)
p(3,0,3,35)
t(3,35,0)
</p>

<p>
c(217,188,128)
n(0.530629,-0.819813,-0.215265)
p(3,4,5,36)
t(5,4,36)
</p>

<p>
c(218,191,135)
n(0.607422,0.769318,-0.197959)
p(3,15,18,37)
t(18,37,15)
</p>

<p>
c(217,188,128)
n(-0.580580,0.788143,-0.204345)
p(3,19,20,38)
t(20,19,38)
</p>

<p>
c(218,188,130)
n(-0.753864,-0.623934,-0.205900)
p(4,3,35,30,6)
t(35,3,6)
t(6,30,35)
</p>

<p>
c(218,188,130)
n(-0.771410,0.625370,0.117638)
p(4,5,36,33,8)
t(36,5,8)
t(8,33,36)
</p>

<p>
c(218,188,130)
n(-0.795835,-0.584266,0.158997)
p(4,18,37,31,21)
t(31,21,18)
t(18,37,31)
</p>

<p>
c(218,188,130)
n(-0.729222,0.660852,-0.177510)
p(4,20,38,34,23)
t(34,23,20)
t(20,38,34)
</p>

