v(-16.000000,-20.000000,20.000000)
v(-16.000000,-27.000000,7.000000)
v(-16.000000,-27.000000,-7.000000)
v(-16.000000,-20.000000,-20.000000)
v(-16.000000,-7.000000,-27.000000)
v(-16.000000,7.000000,-27.000000)
v(-16.000000,20.000000,-20.000000)
v(-16.000000,27.000000,-7.000000)
v(-16.000000,27.000000,7.000000)
v(-16.000000,20.000000,20.000000)
v(-16.000000,7.000000,27.000000)
v(-16.000000,-7.000000,27.000000)
v(-16.000000,0.000000,24.000000)
v(-16.000000,20.000000,12.000000)
v(-16.000000,20.000000,-12.000000)
v(-16.000000,0.000000,-24.000000)
v(-16.000000,-20.000000,-12.000000)
v(-16.000000,-20.000000,12.000000)
v(-4.000000,0.000000,0.000000)
v(16.000000,-27.000000,-7.000000)
v(16.000000,-27.000000,7.000000)
v(16.000000,-20.000000,-20.000000)
v(16.000000,-7.000000,-27.000000)
v(16.000000,7.000000,-27.000000)
v(16.000000,20.000000,-20.000000)
v(16.000000,27.000000,-7.000000)
v(16.000000,27.000000,7.000000)
v(16.000000,20.000000,20.000000)
v(16.000000,7.000000,27.000000)
v(16.000000,-7.000000,27.000000)
v(16.000000,-20.000000,20.000000)

<p>
c(45,45,45)
outline()
n(1.000000,0.000000,0.000000)
p(20,0,1,2,3,4,5,6,7,8,9,10,11,12,13,14,15,16,17,12,11)
t(11,0,1)
t(1,2,3)
t(3,4,5)
t(5,6,7)
t(7,8,9)
t(9,10,11)
t(9,11,12)
t(17,12,11)
t(9,12,13)
t(17,11,1)
t(7,9,13)
t(16,17,1)
t(7,13,14)
t(16,1,3)
t(5,7,14)
t(15,16,3)
t(5,14,15)
t(15,3,5)
</p>

<p>
c(0,90,40)
outline()
n(-0.863868,-0.259161,-0.431934)
p(3,12,13,18)
t(13,18,12)
</p>

<p>
c(0,90,40)
outline()
n(-0.857493,-0.514496,0.000000)
p(3,13,14,18)
t(14,18,13)
</p>

<p>
c(0,90,40)
outline()
n(-0.863868,-0.259161,0.431934)
p(3,14,15,18)
t(15,18,14)
</p>

<p>
c(0,90,40)
outline()
n(-0.863868,0.259161,0.431934)
p(3,15,16,18)
t(16,18,15)
</p>

<p>
c(0,90,40)
outline()
n(-0.857493,0.514496,0.000000)
p(3,16,17,18)
t(17,18,16)
</p>

<p>
c(0,90,40)
outline()
n(-0.863868,0.259161,-0.431934)
p(3,17,12,18)
t(12,18,17)
</p>

<p>
c(45,45,45)
n(0.000000,1.000000,0.000000)
p(4,1,2,19,20)
t(2,1,20)
t(20,19,2)
</p>

<p>
c(45,45,45)
n(0.000000,0.880471,0.474100)
p(4,3,2,19,21)
t(19,21,3)
t(3,2,19)
</p>

<p>
c(45,45,45)
n(0.000000,-0.474100,-0.880471)
p(4,3,4,22,21)
t(22,21,3)
t(3,4,22)
</p>

<p>
c(45,45,45)
n(0.000000,0.000000,1.000000)
p(4,4,5,23,22)
t(5,4,22)
t(22,23,5)
</p>

<p>
c(45,45,45)
n(0.000000,0.474100,-0.880471)
p(4,6,5,23,24)
t(5,6,24)
t(24,23,5)
</p>

<p>
c(45,45,45)
n(0.000000,0.880471,-0.474100)
p(4,6,7,25,24)
t(25,24,6)
t(6,7,25)
</p>

<p>
c(45,45,45)
n(0.000000,1.000000,0.000000)
p(4,7,8,26,25)
t(26,25,7)
t(7,8,26)
</p>

<p>
c(45,45,45)
n(0.000000,0.880471,0.474100)
p(4,9,8,26,27)
t(8,9,27)
t(27,26,8)
</p>

<p>
c(45,45,45)
n(0.000000,-0.474100,-0.880471)
p(4,9,10,28,27)
t(10,9,27)
t(27,28,10)
</p>

<p>
c(45,45,45)
n(0.000000,0.000000,1.000000)
p(4,10,11,29,28)
t(29,28,10)
t(10,11,29)
</p>

<p>
c(45,45,45)
n(0.000000,0.474100,-0.880471)
p(4,0,11,29,30)
t(29,30,0)
t(0,11,29)
</p>

<p>
c(45,45,45)
n(0.000000,0.880471,-0.474100)
p(4,0,1,20,30)
t(1,0,30)
t(30,20,1)
</p>

