v(-142.000000,-94.000000,234.000000)
v(-290.000000,0.000000,312.000000)
v(-8.000000,0.000000,428.000000)
v(290.000000,0.000000,386.000000)
v(228.000000,-84.000000,188.000000)
v(122.000000,-168.000000,82.000000)
v(-10.000000,-188.000000,160.000000)
v(340.000000,0.000000,22.000000)
v(262.000000,0.000000,-360.000000)
v(148.000000,-120.000000,-194.000000)
v(106.000000,-180.000000,0.000000)
v(-170.000000,-64.000000,-294.000000)
v(-266.000000,0.000000,-428.000000)
v(72.000000,0.000000,-480.000000)
v(-76.000000,-160.000000,-144.000000)
v(-380.000000,0.000000,-190.000000)

<p>
c(217,188,128)
n(-0.007812,-0.852274,0.523036)
C(27.142857,-76.285714,255.714286)
p(7,0,1,2,3,4,5,6)
t(0,6,5)
t(5,4,3)
t(3,2,1)
t(1,0,5)
t(5,3,1)
</p>

<p>
c(213,180,113)
n(-0.668760,0.742628,0.035543)
C(213.714286,-78.857143,17.714286)
p(7,4,3,7,8,9,10,5)
t(10,5,4)
t(4,3,7)
t(7,8,9)
t(9,10,4)
t(4,7,9)
</p>

<p>
c(218,191,135) 
n(-0.040580,0.906844,0.419508)
C(10.857143,-74.857143,-271.428571)
p(7,11,12,13,8,9,10,14)
t(11,14,10)
t(9,8,13)
t(13,12,11)
t(11,10,9)
t(9,13,11)
</p>

<p>
c(214,183,120)
n(0.510485,0.859871,0.005132)
C(-190.571429,-72.285714,-50.000000)
p(7,0,1,15,12,11,14,6)
t(1,0,6)
t(6,14,11)
t(11,12,15)
t(15,1,6)
t(6,11,15)
</p>

<p>
c(217,188,128)
n(-0.016249,0.996708,0.079425)
C(35.500000,-174.000000,24.500000)
p(4,5,10,14,6)
t(14,6,5)
t(5,10,14)
</p>

