v(-530.000000,-118.000000,233.000000)
v(-625.000000,0.000000,438.000000)
v(0.000000,0.000000,438.000000)
v(-100.000000,-110.000000,233.000000)
v(540.000000,-118.000000,233.000000)
v(625.000000,0.000000,438.000000)
v(-500.000000,-157.000000,0.000000)
v(0.000000,-167.000000,0.000000)
v(500.000000,-159.000000,0.000000)
v(0.000000,-95.000000,-233.000000)
v(-550.000000,-118.000000,-233.000000)
v(550.000000,-118.000000,-233.000000)
v(-625.000000,0.000000,-438.000000)
v(100.000000,0.000000,-438.000000)
v(625.000000,0.000000,-438.000000)
v(690.000000,0.000000,0.000000)
v(-690.000000,0.000000,0.000000)

<p>
c(214,183,120)
n(0.005223,-0.873890,0.486096)
p(4,0,1,2,3)
t(1,0,3)
t(3,2,1)
</p>

<p>
c(213,180,113)
n(-0.005591,-0.872810,0.488028)
p(4,4,5,2,3)
t(2,3,4)
t(4,5,2)
</p>

<p>
c(218,191,135)
n(-0.003495,-0.979563,0.201105)
p(4,0,6,7,3)
t(7,3,0)
t(0,6,7)
</p>

<p>
c(217,188,128)
n(-0.001657,-0.978590,0.205813)
p(4,4,8,7,3)
t(8,4,3)
t(3,7,8)
</p>

<p>
c(218,191,135)
n(0.013495,-0.972126,-0.234072)
p(4,6,7,9,10)
t(7,6,10)
t(10,9,7)
</p>

<p>
c(217,188,128)
n(-0.015236,-0.971129,-0.238069)
p(4,8,7,9,11)
t(9,11,8)
t(8,7,9)
</p>

<p>
c(214,183,120)
n(-0.013546,0.887056,0.461462)
p(4,12,13,9,10)
t(13,12,10)
t(10,9,13)
</p>

<p>
c(213,180,113)
n(0.019404,0.883359,0.468295)
p(4,14,13,9,11)
t(9,11,14)
t(14,13,9)
</p>

<p>
c(214,183,120)
n(-0.672174,0.736196,0.078725)
p(4,14,11,8,15)
t(8,15,14)
t(14,11,8)
</p>

<p>
c(213,180,113)
n(-0.663946,0.743139,-0.083189)
p(4,5,4,8,15)
t(4,5,15)
t(15,8,4)
</p>

<p>
c(213,180,113)
n(-0.669350,-0.738907,-0.077375)
p(4,12,10,6,16)
t(6,16,12)
t(12,10,6)
</p>

<p>
c(214,183,120)
n(-0.652002,-0.753293,0.086277)
p(4,1,0,6,16)
t(0,1,16)
t(16,6,0)
</p>

