v(-802.800000,-180.000000,0.000000)
v(-634.500000,-180.000000,-60.300000)
v(-540.000000,-720.000000,-60.300000)
v(-675.000000,-720.000000,0.000000)
v(-666.000000,0.000000,-60.300000)
v(-630.000000,0.000000,-60.300000)
v(-504.000000,-720.000000,-60.300000)
v(802.800000,-180.000000,0.000000)
v(634.500000,-180.000000,-60.300000)
v(540.000000,-720.000000,-60.300000)
v(675.000000,-720.000000,0.000000)
v(666.000000,0.000000,-60.300000)
v(630.000000,0.000000,-60.300000)
v(504.000000,-720.000000,-60.300000)
v(522.000000,-756.000000,-60.300000)
v(-522.000000,-756.000000,-60.300000)
v(-495.000000,-882.000000,0.000000)
v(-567.000000,-828.000000,0.000000)
v(495.000000,-882.000000,0.000000)
v(567.000000,-828.000000,0.000000)
v(-634.500000,-180.000000,60.300000)
v(-540.000000,-720.000000,60.300000)
v(-666.000000,0.000000,60.300000)
v(-630.000000,0.000000,60.300000)
v(-504.000000,-720.000000,60.300000)
v(634.500000,-180.000000,60.300000)
v(540.000000,-720.000000,60.300000)
v(666.000000,0.000000,60.300000)
v(630.000000,0.000000,60.300000)
v(504.000000,-720.000000,60.300000)
v(522.000000,-756.000000,60.300000)
v(-522.000000,-756.000000,60.300000)
v(-365.850000,-816.300000,-54.000000)
v(-342.900000,-823.500000,-54.000000)
v(-368.550000,-835.200000,-54.000000)
v(-386.100000,-836.100000,-54.000000)
v(-411.750000,-828.900000,-54.000000)
v(-430.650000,-811.800000,-54.000000)
v(-433.350000,-799.200000,-54.000000)
v(-427.950000,-783.000000,-54.000000)
v(-407.700000,-772.200000,-54.000000)
v(-392.850000,-771.300000,-54.000000)
v(-376.650000,-774.000000,-54.000000)
v(-363.150000,-781.200000,-54.000000)
v(-376.650000,-788.400000,-54.000000)
v(-388.800000,-783.000000,-54.000000)
v(-405.000000,-784.800000,-54.000000)
v(-415.800000,-794.700000,-54.000000)
v(-411.750000,-811.800000,-54.000000)
v(-395.550000,-821.700000,-54.000000)
v(-378.000000,-822.600000,-54.000000)
v(-265.950000,-817.200000,-54.000000)
v(-252.450000,-835.200000,-54.000000)
v(-270.000000,-835.200000,-54.000000)
v(-278.100000,-825.300000,-54.000000)
v(-290.250000,-808.200000,-54.000000)
v(-298.350000,-810.000000,-54.000000)
v(-317.250000,-809.100000,-54.000000)
v(-297.000000,-835.200000,-54.000000)
v(-313.200000,-835.200000,-54.000000)
v(-333.450000,-810.000000,-54.000000)
v(-348.300000,-783.900000,-54.000000)
v(-352.350000,-771.300000,-54.000000)
v(-330.750000,-775.800000,-54.000000)
v(-322.650000,-795.600000,-54.000000)
v(-297.000000,-798.300000,-54.000000)
v(-309.150000,-774.000000,-54.000000)
v(-287.550000,-776.700000,-54.000000)
v(-278.100000,-795.600000,-54.000000)
v(-237.600000,-833.400000,-54.000000)
v(-171.450000,-836.100000,-54.000000)
v(-176.850000,-824.400000,-54.000000)
v(-214.650000,-824.400000,-54.000000)
v(-214.650000,-819.000000,-54.000000)
v(-220.050000,-810.000000,-54.000000)
v(-193.050000,-810.900000,-54.000000)
v(-198.450000,-800.100000,-54.000000)
v(-225.450000,-801.000000,-54.000000)
v(-232.200000,-784.800000,-54.000000)
v(-199.800000,-786.600000,-54.000000)
v(-205.200000,-774.900000,-54.000000)
v(-232.200000,-774.900000,-54.000000)
v(-256.500000,-772.200000,-54.000000)
v(-245.700000,-798.300000,-54.000000)
v(-230.850000,-821.700000,-54.000000)
v(-241.650000,-822.600000,-54.000000)
v(-101.250000,-816.300000,-54.000000)
v(-78.300000,-823.500000,-54.000000)
v(-103.950000,-835.200000,-54.000000)
v(-121.500000,-836.100000,-54.000000)
v(-147.150000,-828.900000,-54.000000)
v(-166.050000,-811.800000,-54.000000)
v(-168.750000,-799.200000,-54.000000)
v(-163.350000,-783.000000,-54.000000)
v(-143.100000,-772.200000,-54.000000)
v(-128.250000,-771.300000,-54.000000)
v(-112.050000,-774.000000,-54.000000)
v(-98.550000,-781.200000,-54.000000)
v(-112.050000,-788.400000,-54.000000)
v(-124.200000,-783.000000,-54.000000)
v(-140.400000,-784.800000,-54.000000)
v(-151.200000,-794.700000,-54.000000)
v(-147.150000,-811.800000,-54.000000)
v(-130.950000,-821.700000,-54.000000)
v(-113.400000,-822.600000,-54.000000)
v(-5.400000,-835.200000,-54.000000)
v(12.150000,-836.100000,-54.000000)
v(-1.350000,-821.700000,-54.000000)
v(-17.550000,-810.900000,-54.000000)
v(-41.850000,-801.000000,-54.000000)
v(-24.300000,-787.500000,-54.000000)
v(-21.600000,-776.700000,-54.000000)
v(-44.550000,-773.100000,-54.000000)
v(-47.250000,-789.300000,-54.000000)
v(-58.050000,-796.500000,-54.000000)
v(-67.500000,-774.900000,-54.000000)
v(-89.100000,-771.300000,-54.000000)
v(-78.300000,-794.700000,-54.000000)
v(-64.800000,-816.300000,-54.000000)
v(-49.950000,-835.200000,-54.000000)
v(-32.400000,-835.200000,-54.000000)
v(-51.300000,-808.200000,-54.000000)
v(-24.300000,-819.900000,-54.000000)
v(31.050000,-774.900000,-54.000000)
v(9.450000,-772.200000,-54.000000)
v(17.550000,-792.000000,-54.000000)
v(27.000000,-809.100000,-54.000000)
v(35.100000,-821.700000,-54.000000)
v(49.950000,-821.700000,-54.000000)
v(71.550000,-822.600000,-54.000000)
v(76.950000,-817.200000,-54.000000)
v(68.850000,-811.800000,-54.000000)
v(47.250000,-810.000000,-54.000000)
v(52.650000,-819.000000,-54.000000)
v(29.700000,-820.800000,-54.000000)
v(27.000000,-834.300000,-54.000000)
v(55.350000,-836.100000,-54.000000)
v(76.950000,-833.400000,-54.000000)
v(89.100000,-828.900000,-54.000000)
v(94.500000,-819.900000,-54.000000)
v(89.100000,-810.000000,-54.000000)
v(78.300000,-803.700000,-54.000000)
v(60.750000,-800.100000,-54.000000)
v(40.500000,-799.200000,-54.000000)
v(174.150000,-831.600000,-54.000000)
v(186.300000,-823.500000,-54.000000)
v(180.900000,-821.700000,-54.000000)
v(163.350000,-815.400000,-54.000000)
v(159.300000,-813.600000,-54.000000)
v(163.350000,-805.500000,-54.000000)
v(159.300000,-793.800000,-54.000000)
v(151.200000,-786.600000,-54.000000)
v(133.650000,-783.000000,-54.000000)
v(117.450000,-788.400000,-54.000000)
v(113.400000,-799.200000,-54.000000)
v(117.450000,-811.800000,-54.000000)
v(126.900000,-819.000000,-54.000000)
v(144.450000,-822.600000,-54.000000)
v(183.600000,-810.900000,-54.000000)
v(179.550000,-795.600000,-54.000000)
v(172.800000,-786.600000,-54.000000)
v(162.000000,-778.500000,-54.000000)
v(132.300000,-771.300000,-54.000000)
v(112.050000,-774.900000,-54.000000)
v(102.600000,-781.200000,-54.000000)
v(95.850000,-798.300000,-54.000000)
v(101.250000,-815.400000,-54.000000)
v(112.050000,-826.200000,-54.000000)
v(126.900000,-833.400000,-54.000000)
v(147.150000,-836.100000,-54.000000)
v(210.600000,-833.400000,-54.000000)
v(261.900000,-836.100000,-54.000000)
v(256.500000,-824.400000,-54.000000)
v(237.600000,-824.400000,-54.000000)
v(241.650000,-820.800000,-54.000000)
v(222.750000,-783.900000,-54.000000)
v(240.300000,-784.800000,-54.000000)
v(234.900000,-773.100000,-54.000000)
v(183.600000,-771.300000,-54.000000)
v(189.000000,-783.000000,-54.000000)
v(202.500000,-783.000000,-54.000000)
v(226.800000,-823.500000,-54.000000)
v(206.550000,-822.600000,-54.000000)
v(299.700000,-836.100000,-54.000000)
v(279.450000,-833.400000,-54.000000)
v(282.150000,-825.300000,-54.000000)
v(268.650000,-805.500000,-54.000000)
v(252.450000,-772.200000,-54.000000)
v(274.050000,-775.800000,-54.000000)
v(280.800000,-792.900000,-54.000000)
v(288.900000,-805.500000,-54.000000)
v(292.950000,-798.300000,-54.000000)
v(295.650000,-773.100000,-54.000000)
v(318.600000,-776.700000,-54.000000)
v(332.100000,-807.300000,-54.000000)
v(352.350000,-835.200000,-54.000000)
v(334.800000,-835.200000,-54.000000)
v(324.000000,-821.700000,-54.000000)
v(311.850000,-803.700000,-54.000000)
v(306.450000,-819.900000,-54.000000)
v(432.000000,-836.100000,-54.000000)
v(427.950000,-824.400000,-54.000000)
v(399.600000,-824.400000,-54.000000)
v(405.000000,-820.800000,-54.000000)
v(392.850000,-800.100000,-54.000000)
v(383.400000,-774.900000,-54.000000)
v(360.450000,-771.300000,-54.000000)
v(371.250000,-794.700000,-54.000000)
v(380.700000,-810.900000,-54.000000)
v(388.800000,-823.500000,-54.000000)
v(363.150000,-822.600000,-54.000000)
v(367.200000,-833.400000,-54.000000)
v(365.850000,-816.300000,54.000000)
v(342.900000,-823.500000,54.000000)
v(368.550000,-835.200000,54.000000)
v(386.100000,-836.100000,54.000000)
v(411.750000,-828.900000,54.000000)
v(430.650000,-811.800000,54.000000)
v(433.350000,-799.200000,54.000000)
v(427.950000,-783.000000,54.000000)
v(407.700000,-772.200000,54.000000)
v(392.850000,-771.300000,54.000000)
v(376.650000,-774.000000,54.000000)
v(363.150000,-781.200000,54.000000)
v(376.650000,-788.400000,54.000000)
v(388.800000,-783.000000,54.000000)
v(405.000000,-784.800000,54.000000)
v(415.800000,-794.700000,54.000000)
v(411.750000,-811.800000,54.000000)
v(395.550000,-821.700000,54.000000)
v(378.000000,-822.600000,54.000000)
v(265.950000,-817.200000,54.000000)
v(252.450000,-835.200000,54.000000)
v(270.000000,-835.200000,54.000000)
v(278.100000,-825.300000,54.000000)
v(290.250000,-808.200000,54.000000)
v(298.350000,-810.000000,54.000000)
v(317.250000,-809.100000,54.000000)
v(297.000000,-835.200000,54.000000)
v(313.200000,-835.200000,54.000000)
v(333.450000,-810.000000,54.000000)
v(348.300000,-783.900000,54.000000)
v(352.350000,-771.300000,54.000000)
v(330.750000,-775.800000,54.000000)
v(322.650000,-795.600000,54.000000)
v(297.000000,-798.300000,54.000000)
v(309.150000,-774.000000,54.000000)
v(287.550000,-776.700000,54.000000)
v(278.100000,-795.600000,54.000000)
v(237.600000,-833.400000,54.000000)
v(171.450000,-836.100000,54.000000)
v(176.850000,-824.400000,54.000000)
v(214.650000,-824.400000,54.000000)
v(214.650000,-819.000000,54.000000)
v(220.050000,-810.000000,54.000000)
v(193.050000,-810.900000,54.000000)
v(198.450000,-800.100000,54.000000)
v(225.450000,-801.000000,54.000000)
v(232.200000,-784.800000,54.000000)
v(199.800000,-786.600000,54.000000)
v(205.200000,-774.900000,54.000000)
v(232.200000,-774.900000,54.000000)
v(256.500000,-772.200000,54.000000)
v(245.700000,-798.300000,54.000000)
v(230.850000,-821.700000,54.000000)
v(241.650000,-822.600000,54.000000)
v(101.250000,-816.300000,54.000000)
v(78.300000,-823.500000,54.000000)
v(103.950000,-835.200000,54.000000)
v(121.500000,-836.100000,54.000000)
v(147.150000,-828.900000,54.000000)
v(166.050000,-811.800000,54.000000)
v(168.750000,-799.200000,54.000000)
v(163.350000,-783.000000,54.000000)
v(143.100000,-772.200000,54.000000)
v(128.250000,-771.300000,54.000000)
v(112.050000,-774.000000,54.000000)
v(98.550000,-781.200000,54.000000)
v(112.050000,-788.400000,54.000000)
v(124.200000,-783.000000,54.000000)
v(140.400000,-784.800000,54.000000)
v(151.200000,-794.700000,54.000000)
v(147.150000,-811.800000,54.000000)
v(130.950000,-821.700000,54.000000)
v(113.400000,-822.600000,54.000000)
v(5.400000,-835.200000,54.000000)
v(-12.150000,-836.100000,54.000000)
v(1.350000,-821.700000,54.000000)
v(17.550000,-810.900000,54.000000)
v(41.850000,-801.000000,54.000000)
v(24.300000,-787.500000,54.000000)
v(21.600000,-776.700000,54.000000)
v(44.550000,-773.100000,54.000000)
v(47.250000,-789.300000,54.000000)
v(58.050000,-796.500000,54.000000)
v(67.500000,-774.900000,54.000000)
v(89.100000,-771.300000,54.000000)
v(78.300000,-794.700000,54.000000)
v(64.800000,-816.300000,54.000000)
v(49.950000,-835.200000,54.000000)
v(32.400000,-835.200000,54.000000)
v(51.300000,-808.200000,54.000000)
v(24.300000,-819.900000,54.000000)
v(-31.050000,-774.900000,54.000000)
v(-9.450000,-772.200000,54.000000)
v(-17.550000,-792.000000,54.000000)
v(-27.000000,-809.100000,54.000000)
v(-35.100000,-821.700000,54.000000)
v(-49.950000,-821.700000,54.000000)
v(-71.550000,-822.600000,54.000000)
v(-76.950000,-817.200000,54.000000)
v(-68.850000,-811.800000,54.000000)
v(-47.250000,-810.000000,54.000000)
v(-52.650000,-819.000000,54.000000)
v(-29.700000,-820.800000,54.000000)
v(-27.000000,-834.300000,54.000000)
v(-55.350000,-836.100000,54.000000)
v(-76.950000,-833.400000,54.000000)
v(-89.100000,-828.900000,54.000000)
v(-94.500000,-819.900000,54.000000)
v(-89.100000,-810.000000,54.000000)
v(-78.300000,-803.700000,54.000000)
v(-60.750000,-800.100000,54.000000)
v(-40.500000,-799.200000,54.000000)
v(-174.150000,-831.600000,54.000000)
v(-186.300000,-823.500000,54.000000)
v(-180.900000,-821.700000,54.000000)
v(-163.350000,-815.400000,54.000000)
v(-159.300000,-813.600000,54.000000)
v(-163.350000,-805.500000,54.000000)
v(-159.300000,-793.800000,54.000000)
v(-151.200000,-786.600000,54.000000)
v(-133.650000,-783.000000,54.000000)
v(-117.450000,-788.400000,54.000000)
v(-113.400000,-799.200000,54.000000)
v(-117.450000,-811.800000,54.000000)
v(-126.900000,-819.000000,54.000000)
v(-144.450000,-822.600000,54.000000)
v(-183.600000,-810.900000,54.000000)
v(-179.550000,-795.600000,54.000000)
v(-172.800000,-786.600000,54.000000)
v(-162.000000,-778.500000,54.000000)
v(-132.300000,-771.300000,54.000000)
v(-112.050000,-774.900000,54.000000)
v(-102.600000,-781.200000,54.000000)
v(-95.850000,-798.300000,54.000000)
v(-101.250000,-815.400000,54.000000)
v(-112.050000,-826.200000,54.000000)
v(-126.900000,-833.400000,54.000000)
v(-147.150000,-836.100000,54.000000)
v(-210.600000,-833.400000,54.000000)
v(-261.900000,-836.100000,54.000000)
v(-256.500000,-824.400000,54.000000)
v(-237.600000,-824.400000,54.000000)
v(-241.650000,-820.800000,54.000000)
v(-222.750000,-783.900000,54.000000)
v(-240.300000,-784.800000,54.000000)
v(-234.900000,-773.100000,54.000000)
v(-183.600000,-771.300000,54.000000)
v(-189.000000,-783.000000,54.000000)
v(-202.500000,-783.000000,54.000000)
v(-226.800000,-823.500000,54.000000)
v(-206.550000,-822.600000,54.000000)
v(-299.700000,-836.100000,54.000000)
v(-279.450000,-833.400000,54.000000)
v(-282.150000,-825.300000,54.000000)
v(-268.650000,-805.500000,54.000000)
v(-252.450000,-772.200000,54.000000)
v(-274.050000,-775.800000,54.000000)
v(-280.800000,-792.900000,54.000000)
v(-288.900000,-805.500000,54.000000)
v(-292.950000,-798.300000,54.000000)
v(-295.650000,-773.100000,54.000000)
v(-318.600000,-776.700000,54.000000)
v(-332.100000,-807.300000,54.000000)
v(-352.350000,-835.200000,54.000000)
v(-334.800000,-835.200000,54.000000)
v(-324.000000,-821.700000,54.000000)
v(-311.850000,-803.700000,54.000000)
v(-306.450000,-819.900000,54.000000)
v(-432.000000,-836.100000,54.000000)
v(-427.950000,-824.400000,54.000000)
v(-399.600000,-824.400000,54.000000)
v(-405.000000,-820.800000,54.000000)
v(-392.850000,-800.100000,54.000000)
v(-383.400000,-774.900000,54.000000)
v(-360.450000,-771.300000,54.000000)
v(-371.250000,-794.700000,54.000000)
v(-380.700000,-810.900000,54.000000)
v(-388.800000,-823.500000,54.000000)
v(-363.150000,-822.600000,54.000000)
v(-367.200000,-833.400000,54.000000)
v(-487.800000,-535.500000,0.000000)
v(-499.500000,-501.300000,0.000000)
v(-460.800000,-505.800000,0.000000)
v(-450.000000,-540.000000,0.000000)
v(-427.500000,-532.800000,0.000000)
v(-436.500000,-501.300000,0.000000)
v(-400.500000,-505.800000,0.000000)
v(-391.500000,-540.000000,0.000000)
v(-504.000000,-469.800000,0.000000)
v(-513.000000,-433.800000,0.000000)
v(-477.000000,-438.300000,0.000000)
v(-469.800000,-474.300000,0.000000)
v(-442.800000,-469.800000,0.000000)
v(-450.000000,-433.800000,0.000000)
v(-415.800000,-441.000000,0.000000)
v(-406.800000,-472.500000,0.000000)
v(-339.300000,-562.500000,0.000000)
v(-360.000000,-562.500000,0.000000)
v(-351.000000,-589.500000,0.000000)
v(-240.300000,-595.800000,0.000000)
v(-249.300000,-567.000000,0.000000)
v(-315.000000,-567.000000,0.000000)
v(-310.500000,-559.800000,0.000000)
v(-321.300000,-531.000000,0.000000)
v(-276.300000,-532.800000,0.000000)
v(-285.300000,-505.800000,0.000000)
v(-330.300000,-504.000000,0.000000)
v(-346.500000,-438.300000,0.000000)
v(-384.300000,-433.800000,0.000000)
v(-364.500000,-501.300000,0.000000)
v(-117.000000,-595.800000,0.000000)
v(-202.500000,-589.500000,0.000000)
v(-211.500000,-559.800000,0.000000)
v(-175.500000,-564.300000,0.000000)
v(-195.300000,-519.300000,0.000000)
v(-216.000000,-463.500000,0.000000)
v(-238.500000,-463.500000,0.000000)
v(-247.500000,-433.800000,0.000000)
v(-162.000000,-438.300000,0.000000)
v(-153.000000,-468.000000,0.000000)
v(-181.800000,-465.300000,0.000000)
v(-148.500000,-559.800000,0.000000)
v(-157.500000,-567.000000,0.000000)
v(-126.000000,-567.000000,0.000000)
v(-54.000000,-598.500000,0.000000)
v(-90.000000,-589.500000,0.000000)
v(-82.800000,-567.000000,0.000000)
v(-114.300000,-496.800000,0.000000)
v(-132.300000,-436.500000,0.000000)
v(-96.300000,-445.500000,0.000000)
v(-69.300000,-522.000000,0.000000)
v(-60.300000,-438.300000,0.000000)
v(-22.500000,-447.300000,0.000000)
v(4.500000,-535.500000,0.000000)
v(33.300000,-595.800000,0.000000)
v(4.500000,-594.000000,0.000000)
v(-33.300000,-514.800000,0.000000)
v(154.800000,-595.800000,0.000000)
v(69.300000,-589.500000,0.000000)
v(60.300000,-559.800000,0.000000)
v(94.500000,-564.300000,0.000000)
v(76.500000,-522.000000,0.000000)
v(55.800000,-463.500000,0.000000)
v(33.300000,-463.500000,0.000000)
v(24.300000,-433.800000,0.000000)
v(109.800000,-438.300000,0.000000)
v(118.800000,-468.000000,0.000000)
v(90.000000,-465.300000,0.000000)
v(123.300000,-559.800000,0.000000)
v(114.300000,-567.000000,0.000000)
v(145.800000,-567.000000,0.000000)
v(240.300000,-567.000000,0.000000)
v(226.800000,-598.500000,0.000000)
v(204.300000,-591.300000,0.000000)
v(177.300000,-576.000000,0.000000)
v(168.300000,-558.000000,0.000000)
v(172.800000,-531.000000,0.000000)
v(184.500000,-510.300000,0.000000)
v(190.800000,-492.300000,0.000000)
v(175.500000,-474.300000,0.000000)
v(148.500000,-468.000000,0.000000)
v(154.800000,-429.300000,0.000000)
v(184.500000,-438.300000,0.000000)
v(204.300000,-450.000000,0.000000)
v(222.300000,-474.300000,0.000000)
v(225.000000,-496.800000,0.000000)
v(211.500000,-523.800000,0.000000)
v(202.500000,-544.500000,0.000000)
v(213.300000,-559.800000,0.000000)
v(289.800000,-526.500000,0.000000)
v(321.300000,-595.800000,0.000000)
v(292.500000,-594.000000,0.000000)
v(267.300000,-546.300000,0.000000)
v(249.300000,-505.800000,0.000000)
v(226.800000,-433.800000,0.000000)
v(265.500000,-442.800000,0.000000)
v(279.000000,-496.800000,0.000000)
v(321.300000,-501.300000,0.000000)
v(301.500000,-438.300000,0.000000)
v(339.300000,-447.300000,0.000000)
v(357.300000,-508.500000,0.000000)
v(378.000000,-558.000000,0.000000)
v(396.000000,-595.800000,0.000000)
v(366.300000,-594.000000,0.000000)
v(330.300000,-523.800000,0.000000)
v(321.300000,-531.000000,0.000000)
v(414.000000,-535.500000,0.000000)
v(405.000000,-501.300000,0.000000)
v(441.000000,-505.800000,0.000000)
v(451.800000,-540.000000,0.000000)
v(474.300000,-532.800000,0.000000)
v(465.300000,-504.000000,0.000000)
v(501.300000,-504.000000,0.000000)
v(510.300000,-540.000000,0.000000)
v(397.800000,-469.800000,0.000000)
v(388.800000,-433.800000,0.000000)
v(424.800000,-438.300000,0.000000)
v(436.500000,-472.500000,0.000000)
v(456.300000,-469.800000,0.000000)
v(450.000000,-433.800000,0.000000)
v(486.000000,-438.300000,0.000000)
v(495.000000,-472.500000,0.000000)
v(-846.000000,0.000000,0.000000)
v(-801.000000,0.000000,-15.300000)
v(-760.500000,-180.000000,-15.300000)
v(-756.000000,0.000000,-29.700000)
v(-718.200000,-180.000000,-29.700000)
v(-711.000000,0.000000,-45.000000)
v(-676.800000,-180.000000,-45.000000)
v(846.000000,0.000000,0.000000)
v(801.000000,0.000000,-15.300000)
v(760.500000,-180.000000,-15.300000)
v(756.000000,0.000000,-29.700000)
v(718.200000,-180.000000,-29.700000)
v(711.000000,0.000000,-45.000000)
v(676.800000,-180.000000,-45.000000)
v(-801.000000,0.000000,15.300000)
v(-760.500000,-180.000000,15.300000)
v(-756.000000,0.000000,29.700000)
v(-718.200000,-180.000000,29.700000)
v(-711.000000,0.000000,45.000000)
v(-676.800000,-180.000000,45.000000)
v(801.000000,0.000000,15.300000)
v(760.500000,-180.000000,15.300000)
v(756.000000,0.000000,29.700000)
v(718.200000,-180.000000,29.700000)
v(711.000000,0.000000,45.000000)
v(676.800000,-180.000000,45.000000)

<p>
c(37,37,218)
n(0.365173,0.075174,0.927900)
C(-663.075000,-450.000000,-30.150000)
p(4,0,1,2,3)
t(1,0,3)
t(3,2,1)
</p>

<p>
c(107,31,184)
n(0.000000,0.000000,1.000000)
C(-585.000000,-360.000000,-60.300000)
p(4,4,5,6,2)
t(5,4,2)
t(2,6,5)
</p>

<p>
c(37,37,218)
n(-0.365173,0.075174,0.927900)
C(663.075000,-450.000000,-30.150000)
p(4,7,8,9,10)
t(9,10,7)
t(7,8,9)
</p>

<p>
c(107,31,184)
n(0.000000,0.000000,1.000000)
C(585.000000,-360.000000,-60.300000)
p(4,11,12,13,9)
t(13,9,11)
t(11,12,13)
</p>

<p>
c(107,31,184)
n(0.000000,0.000000,1.000000)
C(0.000000,-732.000000,-60.300000)
p(6,14,15,2,6,13,9)
t(15,14,9)
t(6,2,15)
t(15,9,13)
t(13,6,15)
</p>

<p>
c(37,37,218)
n(0.388818,0.420019,0.820003)
C(-559.800000,-781.200000,-24.120000)
p(5,16,15,2,3,17)
t(3,17,16)
t(16,15,2)
t(2,3,16)
</p>

<p>
c(37,37,218)
n(-0.388818,0.420019,0.820003)
C(559.800000,-781.200000,-24.120000)
p(5,18,14,9,10,19)
t(14,18,19)
t(19,10,9)
t(9,14,19)
</p>

<p>
c(37,37,218)
n(-0.365173,-0.075174,0.927900)
C(-663.075000,-450.000000,30.150000)
p(4,0,20,21,3)
t(20,0,3)
t(3,21,20)
</p>

<p>
c(107,31,184)
n(0.000000,0.000000,1.000000)
C(-585.000000,-360.000000,60.300000)
p(4,22,23,24,21)
t(23,22,21)
t(21,24,23)
</p>

<p>
c(107,31,184)
n(-0.985030,-0.172380,0.000000)
C(-567.000000,-360.000000,0.000000)
p(4,23,24,6,5)
t(24,23,5)
t(5,6,24)
</p>

<p>
c(37,37,218)
n(0.365173,-0.075174,0.927900)
C(663.075000,-450.000000,30.150000)
p(4,7,25,26,10)
t(26,10,7)
t(7,25,26)
</p>

<p>
c(107,31,184)
n(0.000000,0.000000,1.000000)
C(585.000000,-360.000000,60.300000)
p(4,27,28,29,26)
t(29,26,27)
t(27,28,29)
</p>

<p>
c(107,31,184)
n(-0.985030,0.172380,0.000000)
C(567.000000,-360.000000,0.000000)
p(4,28,29,13,12)
t(29,28,12)
t(12,13,29)
</p>

<p>
c(107,31,184)
n(0.000000,0.000000,1.000000)
C(0.000000,-732.000000,60.300000)
p(6,30,31,21,24,29,26)
t(31,30,26)
t(24,21,31)
t(31,26,29)
t(29,24,31)
</p>

<p>
c(37,37,218)
n(-0.388818,-0.420019,0.820003)
C(-559.800000,-781.200000,24.120000)
p(5,16,31,21,3,17)
t(3,17,16)
t(16,31,21)
t(21,3,16)
</p>

<p>
c(37,37,218)
n(0.388818,-0.420019,0.820003)
C(559.800000,-781.200000,24.120000)
p(5,18,30,26,10,19)
t(30,18,19)
t(19,10,26)
t(26,30,19)
</p>

<p>
c(37,37,218)
n(0.000000,0.431683,-0.902025)
C(0.000000,-819.000000,30.150000)
p(4,31,30,18,16)
t(18,16,31)
t(31,30,18)
</p>

<p>
c(37,37,218)
n(0.000000,-0.431683,-0.902025)
C(0.000000,-819.000000,-30.150000)
p(4,15,14,18,16)
t(18,16,15)
t(15,14,18)
</p>

<p>
c(107,31,184)
n(0.000000,1.000000,0.000000)
C(0.000000,-720.000000,0.000000)
p(4,24,29,13,6)
t(13,6,24)
t(24,29,13)
</p>

<p>
c(255,255,255)
n(0.000000,0.000000,1.000000)
C(-393.631579,-802.089474,-54.000000)
p(19,32,33,34,35,36,37,38,39,40,41,42,43,44,45,46,47,48,49,50)
t(33,32,50)
t(45,44,43)
t(43,42,41)
t(41,40,39)
t(39,38,37)
t(37,36,35)
t(35,34,33)
t(45,43,41)
t(35,33,50)
t(46,45,41)
t(35,50,49)
t(47,46,41)
t(37,35,49)
t(47,41,39)
t(37,49,48)
t(48,47,39)
t(39,37,48)
</p>

<p>
c(255,255,255)
n(0.000000,0.000000,1.000000)
C(-302.325000,-805.100000,-54.000000)
p(18,51,52,53,54,55,56,57,58,59,60,61,62,63,64,65,66,67,68)
t(68,67,66)
t(64,63,62)
t(62,61,60)
t(60,59,58)
t(57,56,55)
t(55,54,53)
t(53,52,51)
t(51,68,66)
t(64,62,60)
t(60,58,57)
t(55,53,51)
t(51,66,65)
t(65,64,60)
t(55,51,65)
t(65,60,57)
t(57,55,65)
</p>

<p>
c(255,255,255)
n(0.000000,0.000000,1.000000)
C(-217.429412,-805.605882,-54.000000)
p(17,69,70,71,72,73,74,75,76,77,78,79,80,81,82,83,84,85)
t(84,85,69)
t(69,70,71)
t(72,73,74)
t(74,75,76)
t(78,79,80)
t(81,82,83)
t(69,71,72)
t(74,76,77)
t(78,80,81)
t(84,69,72)
t(72,74,77)
t(78,81,83)
t(83,84,72)
t(77,78,83)
t(83,72,77)
</p>

<p>
c(255,255,255)
n(0.000000,0.000000,1.000000)
C(-129.031579,-802.089474,-54.000000)
p(19,86,87,88,89,90,91,92,93,94,95,96,97,98,99,100,101,102,103,104)
t(87,86,104)
t(99,98,97)
t(97,96,95)
t(95,94,93)
t(93,92,91)
t(91,90,89)
t(89,88,87)
t(99,97,95)
t(89,87,104)
t(100,99,95)
t(89,104,103)
t(101,100,95)
t(91,89,103)
t(101,95,93)
t(91,103,102)
t(102,101,93)
t(93,91,102)
</p>

<p>
c(255,255,255)
n(0.000000,0.000000,1.000000)
C(-39.300000,-804.650000,-54.000000)
p(18,105,106,107,108,109,110,111,112,113,114,115,116,117,118,119,120,121,122)
t(122,105,106)
t(106,107,108)
t(109,110,111)
t(111,112,113)
t(114,115,116)
t(116,117,118)
t(118,119,120)
t(122,106,108)
t(109,111,113)
t(114,116,118)
t(118,120,121)
t(121,122,108)
t(109,113,114)
t(114,118,121)
t(121,108,109)
t(109,114,121)
</p>

<p>
c(255,255,255)
n(0.000000,0.000000,1.000000)
C(52.767391,-813.130435,-54.000000)
p(23,123,124,125,126,127,128,129,130,131,132,133,128,127,134,135,136,137,138,139,140,141,142,143)
t(143,123,124)
t(124,125,126)
t(127,134,135)
t(135,136,137)
t(137,138,139)
t(139,140,141)
t(141,142,143)
t(143,124,126)
t(127,135,137)
t(137,139,141)
t(141,143,126)
t(141,126,132)
t(128,133,132)
t(132,126,127)
t(141,132,131)
t(128,132,127)
t(141,131,130)
t(129,128,127)
t(137,141,130)
t(129,127,137)
t(137,130,129)
</p>

<p>
c(255,255,255)
n(0.000000,0.000000,1.000000)
C(145.125000,-805.757143,-54.000000)
p(28,144,145,146,147,148,149,150,151,152,153,154,155,156,157,147,146,158,159,160,161,162,163,164,165,166,167,168,169)
t(169,144,145)
t(146,158,159)
t(159,160,161)
t(161,162,163)
t(163,164,165)
t(165,154,153)
t(149,148,147)
t(155,154,165)
t(165,166,167)
t(167,168,169)
t(169,145,146)
t(146,159,161)
t(163,165,153)
t(156,155,165)
t(165,167,169)
t(163,153,152)
t(156,165,169)
t(161,163,152)
t(157,156,169)
t(161,152,151)
t(147,157,169)
t(161,151,150)
t(147,169,146)
t(146,161,150)
t(149,147,146)
t(146,150,149)
</p>

<p>
c(255,255,255)
n(0.000000,0.000000,1.000000)
C(224.203846,-804.946154,-54.000000)
p(13,170,171,172,173,174,175,176,177,178,179,180,181,182)
t(181,182,170)
t(170,171,172)
t(173,174,175)
t(175,176,177)
t(177,178,179)
t(170,172,173)
t(177,179,180)
t(181,170,173)
t(175,177,180)
t(180,181,173)
t(173,175,180)
</p>

<p>
c(255,255,255)
n(0.000000,0.000000,1.000000)
C(299.700000,-806.929412,-54.000000)
p(17,183,184,185,186,187,188,189,190,191,192,193,194,195,196,197,198,199)
t(184,183,199)
t(198,197,196)
t(196,195,194)
t(194,193,192)
t(189,188,187)
t(187,186,185)
t(185,184,199)
t(198,196,194)
t(194,192,191)
t(190,189,187)
t(185,199,198)
t(198,194,191)
t(190,187,185)
t(185,198,191)
t(191,190,185)
</p>

<p>
c(255,255,255)
n(0.000000,0.000000,1.000000)
C(389.362500,-811.425000,-54.000000)
p(12,200,201,202,203,204,205,206,207,208,209,210,211)
t(210,211,200)
t(200,201,202)
t(202,203,204)
t(204,205,206)
t(206,207,208)
t(209,210,200)
t(202,204,206)
t(206,208,209)
t(209,200,202)
t(202,206,209)
</p>

<p>
c(255,255,255)
n(0.000000,0.000000,1.000000)
C(393.631579,-802.089474,54.000000)
p(19,212,213,214,215,216,217,218,219,220,221,222,223,224,225,226,227,228,229,230)
t(230,212,213)
t(213,214,215)
t(215,216,217)
t(217,218,219)
t(219,220,221)
t(221,222,223)
t(223,224,225)
t(230,213,215)
t(219,221,223)
t(229,230,215)
t(219,223,225)
t(228,229,215)
t(219,225,226)
t(228,215,217)
t(219,226,227)
t(227,228,217)
t(217,219,227)
</p>

<p>
c(255,255,255)
n(0.000000,0.000000,1.000000)
C(302.325000,-805.100000,54.000000)
p(18,231,232,233,234,235,236,237,238,239,240,241,242,243,244,245,246,247,248)
t(231,232,233)
t(233,234,235)
t(235,236,237)
t(237,238,239)
t(239,240,241)
t(241,242,243)
t(245,246,247)
t(248,231,233)
t(237,239,241)
t(241,243,244)
t(245,247,248)
t(248,233,235)
t(237,241,244)
t(245,248,235)
t(235,237,244)
t(244,245,235)
</p>

<p>
c(255,255,255)
n(0.000000,0.000000,1.000000)
C(217.429412,-805.605882,54.000000)
p(17,249,250,251,252,253,254,255,256,257,258,259,260,261,262,263,264,265)
t(250,249,265)
t(264,263,262)
t(261,260,259)
t(257,256,255)
t(254,253,252)
t(252,251,250)
t(250,265,264)
t(262,261,259)
t(257,255,254)
t(252,250,264)
t(262,259,258)
t(257,254,252)
t(252,264,262)
t(262,258,257)
t(257,252,262)
</p>

<p>
c(255,255,255)
n(0.000000,0.000000,1.000000)
C(129.031579,-802.089474,54.000000)
p(19,266,267,268,269,270,271,272,273,274,275,276,277,278,279,280,281,282,283,284)
t(284,266,267)
t(267,268,269)
t(269,270,271)
t(271,272,273)
t(273,274,275)
t(275,276,277)
t(277,278,279)
t(284,267,269)
t(273,275,277)
t(283,284,269)
t(273,277,279)
t(282,283,269)
t(273,279,280)
t(282,269,271)
t(273,280,281)
t(281,282,271)
t(271,273,281)
</p>

<p>
c(255,255,255)
n(0.000000,0.000000,1.000000)
C(39.300000,-804.650000,54.000000)
p(18,285,286,287,288,289,290,291,292,293,294,295,296,297,298,299,300,301,302)
t(286,285,302)
t(301,300,299)
t(299,298,297)
t(297,296,295)
t(293,292,291)
t(291,290,289)
t(289,288,287)
t(287,286,302)
t(301,299,297)
t(297,295,294)
t(294,293,291)
t(289,287,302)
t(302,301,297)
t(294,291,289)
t(289,302,297)
t(297,294,289)
</p>

<p>
c(255,255,255)
n(0.000000,0.000000,1.000000)
C(-52.767391,-813.130435,54.000000)
p(23,303,304,305,306,307,308,309,310,311,312,313,308,307,314,315,316,317,318,319,320,321,322,323)
t(323,322,321)
t(321,320,319)
t(319,310,311)
t(312,313,308)
t(309,310,319)
t(319,318,317)
t(317,316,315)
t(315,314,307)
t(307,306,305)
t(305,304,303)
t(323,321,319)
t(309,319,317)
t(317,315,307)
t(307,305,303)
t(323,319,311)
t(308,309,317)
t(307,303,323)
t(323,311,312)
t(308,317,307)
t(307,323,312)
t(312,308,307)
</p>

<p>
c(255,255,255)
n(0.000000,0.000000,1.000000)
C(-145.125000,-805.757143,54.000000)
p(28,324,325,326,327,328,329,330,331,332,333,334,335,336,337,327,326,338,339,340,341,342,343,344,345,346,347,348,349)
t(324,349,348)
t(348,347,346)
t(346,345,344)
t(344,343,342)
t(342,341,340)
t(340,339,338)
t(338,327,328)
t(337,327,338)
t(326,325,324)
t(324,348,346)
t(342,340,338)
t(338,328,329)
t(337,338,326)
t(338,329,330)
t(337,326,324)
t(338,330,331)
t(336,337,324)
t(342,338,331)
t(336,324,346)
t(342,331,332)
t(335,336,346)
t(344,342,332)
t(334,335,346)
t(344,332,333)
t(333,334,346)
t(346,344,333)
</p>

<p>
c(255,255,255)
n(0.000000,0.000000,1.000000)
C(-224.203846,-804.946154,54.000000)
p(13,350,351,352,353,354,355,356,357,358,359,360,361,362)
t(351,350,362)
t(360,359,358)
t(358,357,356)
t(355,354,353)
t(353,352,351)
t(351,362,361)
t(358,356,355)
t(353,351,361)
t(360,358,355)
t(355,353,361)
t(361,360,355)
</p>

<p>
c(255,255,255)
n(0.000000,0.000000,1.000000)
C(-299.700000,-806.929412,54.000000)
p(17,363,364,365,366,367,368,369,370,371,372,373,374,375,376,377,378,379)
t(378,379,363)
t(363,364,365)
t(365,366,367)
t(367,368,369)
t(371,372,373)
t(374,375,376)
t(376,377,378)
t(378,363,365)
t(365,367,369)
t(370,371,373)
t(373,374,376)
t(365,369,370)
t(373,376,378)
t(378,365,370)
t(370,373,378)
</p>

<p>
c(255,255,255)
n(0.000000,0.000000,1.000000)
C(-389.362500,-811.425000,54.000000)
p(12,380,381,382,383,384,385,386,387,388,389,390,391)
t(381,380,391)
t(391,390,389)
t(389,388,387)
t(387,386,385)
t(384,383,382)
t(382,381,391)
t(389,387,385)
t(385,384,382)
t(382,391,389)
t(389,385,382)
</p>

<p>
c(107,31,184)
finish()
n(0.000000,0.000000,1.000000)
C(-474.525000,-520.650000,0.000000)
p(4,392,393,394,395)
t(393,392,395)
t(395,394,393)
</p>

<p>
c(107,31,184)
finish()
n(0.000000,0.000000,1.000000)
C(-414.000000,-519.975000,0.000000)
p(4,396,397,398,399)
t(397,396,399)
t(399,398,397)
</p>

<p>
c(107,31,184)
finish()
n(0.000000,0.000000,1.000000)
C(-490.950000,-454.050000,0.000000)
p(4,400,401,402,403)
t(401,400,403)
t(403,402,401)
</p>

<p>
c(107,31,184)
finish()
n(0.000000,0.000000,1.000000)
C(-428.850000,-454.275000,0.000000)
p(4,404,405,406,407)
t(405,404,407)
t(407,406,405)
</p>

<p>
c(107,31,184)
finish()
n(0.000000,0.000000,1.000000)
C(-319.564286,-532.221429,0.000000)
p(14,408,409,410,411,412,413,414,415,416,417,418,419,420,421)
t(420,421,408)
t(408,409,410)
t(410,411,412)
t(413,414,415)
t(415,416,417)
t(418,419,420)
t(410,412,413)
t(415,417,418)
t(418,420,408)
t(408,410,413)
t(413,415,418)
t(418,408,413)
</p>

<p>
c(107,31,184)
finish()
n(0.000000,0.000000,1.000000)
C(-180.900000,-518.207143,0.000000)
p(14,422,423,424,425,426,427,428,429,430,431,432,433,434,435)
t(423,422,435)
t(434,433,432)
t(432,431,430)
t(430,429,428)
t(427,426,425)
t(425,424,423)
t(423,435,434)
t(430,428,427)
t(425,423,434)
t(432,430,427)
t(427,425,434)
t(434,432,427)
</p>

<p>
c(107,31,184)
finish()
n(0.000000,0.000000,1.000000)
C(-54.830769,-521.653846,0.000000)
p(13,436,437,438,439,440,441,442,443,444,445,446,447,448)
t(437,436,448)
t(448,447,446)
t(445,444,443)
t(442,441,440)
t(440,439,438)
t(438,437,448)
t(448,446,445)
t(442,440,438)
t(448,445,443)
t(442,438,448)
t(448,443,442)
</p>

<p>
c(107,31,184)
finish()
n(0.000000,0.000000,1.000000)
C(90.771429,-518.400000,0.000000)
p(14,449,450,451,452,453,454,455,456,457,458,459,460,461,462)
t(450,449,462)
t(461,460,459)
t(459,458,457)
t(457,456,455)
t(454,453,452)
t(452,451,450)
t(450,462,461)
t(457,455,454)
t(452,450,461)
t(459,457,454)
t(454,452,461)
t(461,459,454)
</p>

<p>
c(107,31,184)
finish()
n(0.000000,0.000000,1.000000)
C(194.850000,-515.750000,0.000000)
p(18,463,464,465,466,467,468,469,470,471,472,473,474,475,476,477,478,479,480)
t(464,463,480)
t(478,477,476)
t(476,475,474)
t(474,473,472)
t(469,468,467)
t(467,466,465)
t(465,464,480)
t(479,478,476)
t(476,474,472)
t(470,469,467)
t(467,465,480)
t(476,472,471)
t(467,480,479)
t(476,471,470)
t(470,467,479)
t(479,476,470)
</p>

<p>
c(107,31,184)
finish()
n(0.000000,0.000000,1.000000)
C(311.929412,-519.988235,0.000000)
p(17,481,482,483,484,485,486,487,488,489,490,491,492,493,494,495,496,497)
t(481,497,496)
t(496,495,494)
t(492,491,490)
t(488,487,486)
t(486,485,484)
t(484,483,482)
t(496,494,493)
t(493,492,490)
t(488,486,484)
t(484,482,481)
t(496,493,490)
t(488,484,481)
t(496,490,489)
t(489,488,481)
t(481,496,489)
</p>

<p>
c(107,31,184)
finish()
n(0.000000,0.000000,1.000000)
C(427.950000,-520.650000,0.000000)
p(4,498,499,500,501)
t(499,498,501)
t(501,500,499)
</p>

<p>
c(107,31,184)
finish()
n(0.000000,0.000000,1.000000)
C(487.800000,-520.200000,0.000000)
p(4,502,503,504,505)
t(503,502,505)
t(505,504,503)
</p>

<p>
c(107,31,184)
finish()
n(0.000000,0.000000,1.000000)
C(411.975000,-453.600000,0.000000)
p(4,506,507,508,509)
t(507,506,509)
t(509,508,507)
</p>

<p>
c(107,31,184)
finish()
n(0.000000,0.000000,1.000000)
C(471.825000,-453.600000,0.000000)
p(4,510,511,512,513)
t(511,510,513)
t(513,512,511)
</p>

<p>
c(237,137,8)
n(0.329563,0.076624,0.941019)
C(-802.575000,-90.000000,-7.650000)
p(4,514,515,516,0)
t(515,514,0)
t(0,516,515)
</p>

<p>
c(40,40,40)
n(0.312324,0.067931,0.947544)
C(-758.925000,-90.000000,-22.500000)
p(4,517,515,516,518)
t(516,518,517)
t(517,515,516)
</p>

<p>
c(237,137,8)
n(0.332653,0.066531,0.940699)
C(-715.500000,-90.000000,-37.350000)
p(4,517,519,520,518)
t(519,517,518)
t(518,520,519)
</p>

<p>
c(40,40,40)
n(0.329934,0.060213,0.942082)
C(-672.075000,-90.000000,-52.650000)
p(4,4,519,520,1)
t(520,1,4)
t(4,519,520)
</p>

<p>
c(237,137,8)
n(-0.329563,0.076624,0.941019)
C(802.575000,-90.000000,-7.650000)
p(4,521,522,523,7)
t(523,7,521)
t(521,522,523)
</p>

<p>
c(40,40,40)
n(-0.312324,0.067931,0.947544)
C(758.925000,-90.000000,-22.500000)
p(4,524,522,523,525)
t(522,524,525)
t(525,523,522)
</p>

<p>
c(237,137,8)
n(-0.332653,0.066531,0.940699)
C(715.500000,-90.000000,-37.350000)
p(4,524,526,527,525)
t(527,525,524)
t(524,526,527)
</p>

<p>
c(40,40,40)
n(-0.329934,0.060213,0.942082)
C(672.075000,-90.000000,-52.650000)
p(4,11,526,527,8)
t(526,11,8)
t(8,527,526)
</p>

<p>
c(237,137,8)
n(-0.329563,-0.076624,0.941019)
C(-802.575000,-90.000000,7.650000)
p(4,514,528,529,0)
t(528,514,0)
t(0,529,528)
</p>

<p>
c(40,40,40)
n(-0.312324,-0.067931,0.947544)
C(-758.925000,-90.000000,22.500000)
p(4,530,528,529,531)
t(529,531,530)
t(530,528,529)
</p>

<p>
c(237,137,8)
n(-0.332653,-0.066531,0.940699)
C(-715.500000,-90.000000,37.350000)
p(4,530,532,533,531)
t(532,530,531)
t(531,533,532)
</p>

<p>
c(40,40,40)
n(-0.329934,-0.060213,0.942082)
C(-672.075000,-90.000000,52.650000)
p(4,22,532,533,20)
t(533,20,22)
t(22,532,533)
</p>

<p>
c(237,137,8)
n(0.329563,-0.076624,0.941019)
C(802.575000,-90.000000,7.650000)
p(4,521,534,535,7)
t(535,7,521)
t(521,534,535)
</p>

<p>
c(40,40,40)
n(0.312324,-0.067931,0.947544)
C(758.925000,-90.000000,22.500000)
p(4,536,534,535,537)
t(534,536,537)
t(537,535,534)
</p>

<p>
c(237,137,8)
n(0.332653,-0.066531,0.940699)
C(715.500000,-90.000000,37.350000)
p(4,536,538,539,537)
t(539,537,536)
t(536,538,539)
</p>

<p>
c(40,40,40)
n(0.329934,-0.060213,0.942082)
C(672.075000,-90.000000,52.650000)
p(4,27,538,539,25)
t(538,27,25)
t(25,539,538)
</p>

