v(-400.000000,-1136.000000,-1319.000000)
v(0.000000,-1136.000000,-1319.000000)
v(0.000000,-1364.000000,-807.000000)
v(-400.000000,-1364.000000,-807.000000)
v(-400.000000,-1537.000000,-274.000000)
v(0.000000,-1537.000000,-274.000000)
v(0.000000,-1653.000000,274.000000)
v(-400.000000,-1653.000000,274.000000)
v(-400.000000,-1712.000000,831.000000)
v(0.000000,-1712.000000,831.000000)
v(0.000000,-1712.000000,1391.000000)
v(-400.000000,-1712.000000,1391.000000)
v(400.000000,-1136.000000,-1319.000000)
v(400.000000,-1364.000000,-807.000000)
v(400.000000,-1537.000000,-274.000000)
v(400.000000,-1653.000000,274.000000)
v(400.000000,-1712.000000,831.000000)
v(400.000000,-1712.000000,1391.000000)
v(-400.000000,-1612.000000,831.000000)
v(-400.000000,-1612.000000,1391.000000)
v(400.000000,-1612.000000,831.000000)
v(400.000000,-1612.000000,1391.000000)
v(-400.000000,-1544.000000,284.000000)
v(400.000000,-1544.000000,284.000000)
v(-400.000000,-1439.000000,-253.000000)
v(400.000000,-1439.000000,-253.000000)
v(-400.000000,-1269.000000,-776.000000)
v(400.000000,-1269.000000,-776.000000)
v(-400.000000,-1045.000000,-1278.000000)
v(400.000000,-1045.000000,-1278.000000)
v(-147.000000,-1200.000000,61.000000)
v(-147.000000,-1200.000000,-61.000000)
v(147.000000,-1200.000000,61.000000)
v(147.000000,-1200.000000,-61.000000)
v(61.000000,-1200.000000,147.000000)
v(-61.000000,-1200.000000,147.000000)
v(61.000000,-1200.000000,-147.000000)
v(-61.000000,-1200.000000,-147.000000)
v(-147.000000,-350.000000,-61.000000)
v(-147.000000,-350.000000,61.000000)
v(147.000000,-350.000000,-61.000000)
v(147.000000,-350.000000,61.000000)
v(-61.000000,-350.000000,147.000000)
v(61.000000,-350.000000,147.000000)
v(-61.000000,-350.000000,-147.000000)
v(61.000000,-350.000000,-147.000000)
v(-250.000000,0.000000,-250.000000)
v(-250.000000,0.000000,250.000000)
v(250.000000,0.000000,-250.000000)
v(250.000000,0.000000,250.000000)

<p>
c(142,142,142)
n(0.000000,0.913517,0.406801)
C(-200.000000,-1250.000000,-1063.000000)
p(4,0,1,2,3)
t(1,0,3)
t(3,2,1)
</p>

<p>
c(150,150,150)
n(0.000000,0.978322,0.207090)
C(-200.000000,-1595.000000,0.000000)
p(4,4,5,6,7)
t(5,4,7)
t(7,6,5)
</p>

<p>
c(150,150,150)
n(0.000000,1.000000,0.000000)
C(-200.000000,-1712.000000,1111.000000)
p(4,8,9,10,11)
t(9,8,11)
t(11,10,9)
</p>

<p>
c(137,137,137)
n(0.000000,0.913517,0.406801)
C(200.000000,-1250.000000,-1063.000000)
p(4,12,1,2,13)
t(2,13,12)
t(12,1,2)
</p>

<p>
c(147,147,147)
n(0.000000,0.951152,0.308723)
C(-200.000000,-1450.500000,-540.500000)
p(4,4,5,2,3)
t(2,3,4)
t(4,5,2)
</p>

<p>
c(142,142,142)
n(0.000000,0.951152,0.308723)
C(200.000000,-1450.500000,-540.500000)
p(4,14,5,2,13)
t(5,14,13)
t(13,2,5)
</p>

<p>
c(145,145,145)
n(0.000000,0.978322,0.207090)
C(200.000000,-1595.000000,0.000000)
p(4,14,5,6,15)
t(6,15,14)
t(14,5,6)
</p>

<p>
c(150,150,150)
n(0.000000,0.994437,0.105335)
C(-200.000000,-1682.500000,552.500000)
p(4,8,9,6,7)
t(6,7,8)
t(8,9,6)
</p>

<p>
c(145,145,145)
n(0.000000,0.994437,0.105335)
C(200.000000,-1682.500000,552.500000)
p(4,16,9,6,15)
t(9,16,15)
t(15,6,9)
</p>

<p>
c(145,145,145)
n(0.000000,1.000000,0.000000)
C(200.000000,-1712.000000,1111.000000)
p(4,16,9,10,17)
t(10,17,16)
t(16,9,10)
</p>

<p>
c(145,145,145)
n(1.000000,0.000000,0.000000)
C(-400.000000,-1662.000000,1111.000000)
p(4,8,18,19,11)
t(19,11,8)
t(8,18,19)
</p>

<p>
c(145,145,145)
n(1.000000,0.000000,0.000000)
C(400.000000,-1662.000000,1111.000000)
p(4,16,20,21,17)
t(21,17,16)
t(16,20,21)
</p>

<p>
c(176,176,176)
n(0.000000,0.000000,1.000000)
C(0.000000,-1672.000000,1391.000000)
p(5,17,21,19,11,10)
t(10,17,21)
t(21,19,11)
t(11,10,21)
</p>

<p>
c(145,145,145)
n(1.000000,0.000000,0.000000)
C(-400.000000,-1630.250000,555.000000)
p(4,8,18,22,7)
t(18,8,7)
t(7,22,18)
</p>

<p>
c(145,145,145)
n(1.000000,0.000000,0.000000)
C(400.000000,-1630.250000,555.000000)
p(4,16,20,23,15)
t(20,16,15)
t(15,23,20)
</p>

<p>
c(145,145,145)
n(1.000000,0.000000,0.000000)
C(-400.000000,-1543.250000,7.750000)
p(4,22,7,4,24)
t(4,24,22)
t(22,7,4)
</p>

<p>
c(145,145,145)
n(1.000000,0.000000,0.000000)
C(400.000000,-1543.250000,7.750000)
p(4,23,15,14,25)
t(14,25,23)
t(23,15,14)
</p>

<p>
c(145,145,145)
n(1.000000,0.000000,0.000000)
C(-400.000000,-1402.250000,-527.500000)
p(4,4,24,26,3)
t(24,4,3)
t(3,26,24)
</p>

<p>
c(145,145,145)
n(1.000000,0.000000,0.000000)
C(400.000000,-1402.250000,-527.500000)
p(4,14,25,27,13)
t(25,14,13)
t(13,27,25)
</p>

<p>
c(145,145,145)
n(1.000000,0.000000,0.000000)
C(-400.000000,-1203.500000,-1045.000000)
p(4,26,3,0,28)
t(0,28,26)
t(26,3,0)
</p>

<p>
c(145,145,145)
n(1.000000,0.000000,0.000000)
C(400.000000,-1203.500000,-1045.000000)
p(4,27,13,12,29)
t(12,29,27)
t(27,13,12)
</p>

<p>
c(176,176,176)
n(0.000000,0.410781,-0.911734)
C(0.000000,-1099.600000,-1302.600000)
p(5,12,29,28,0,1)
t(29,12,1)
t(1,0,28)
t(28,29,1)
</p>

<p>
c(195,195,195)
n(0.746989,-0.653623,-0.121589)
C(-273.500000,-1345.750000,7.750000)
p(4,24,22,30,31)
t(22,24,31)
t(31,30,22)
</p>

<p>
c(195,195,195)
n(0.746989,0.653623,0.121589)
C(273.500000,-1345.750000,7.750000)
p(4,25,23,32,33)
t(23,25,33)
t(33,32,23)
</p>

<p>
c(145,145,145)
n(0.000000,-0.369993,-0.929034)
C(0.000000,-1372.000000,215.500000)
p(4,22,23,34,35)
t(23,22,35)
t(35,34,23)
</p>

<p>
c(145,145,145)
n(0.000000,0.405429,-0.914127)
C(0.000000,-1319.500000,-200.000000)
p(4,24,25,36,37)
t(25,24,37)
t(37,36,25)
</p>

<p>
c(170,170,170)
n(0.427696,-0.796337,0.427696)
C(-202.666667,-1279.666667,-153.666667)
p(3,24,31,37)
t(31,24,37)
</p>

<p>
c(170,170,170)
n(-0.505419,0.699359,0.505419)
C(-202.666667,-1314.666667,164.000000)
p(3,22,30,35)
t(30,22,35)
</p>

<p>
c(170,170,170)
n(-0.427696,-0.796337,0.427696)
C(202.666667,-1279.666667,-153.666667)
p(3,25,33,36)
t(33,36,25)
</p>

<p>
c(170,170,170)
n(0.505419,0.699359,0.505419)
C(202.666667,-1314.666667,164.000000)
p(3,23,32,34)
t(32,34,23)
</p>

<p>
c(195,195,195)
n(1.000000,0.000000,0.000000)
C(-147.000000,-775.000000,0.000000)
p(4,30,31,38,39)
t(38,39,30)
t(30,31,38)
</p>

<p>
c(195,195,195)
n(1.000000,0.000000,0.000000)
C(147.000000,-775.000000,0.000000)
p(4,32,33,40,41)
t(40,41,32)
t(32,33,40)
</p>

<p>
c(145,145,145)
n(0.000000,0.000000,1.000000)
C(0.000000,-775.000000,147.000000)
p(4,34,35,42,43)
t(35,34,43)
t(43,42,35)
</p>

<p>
c(145,145,145)
n(0.000000,0.000000,1.000000)
C(0.000000,-775.000000,-147.000000)
p(4,36,37,44,45)
t(37,36,45)
t(45,44,37)
</p>

<p>
c(170,170,170)
n(-0.707107,0.000000,0.707107)
C(-104.000000,-775.000000,104.000000)
p(4,42,35,30,39)
t(35,42,39)
t(39,30,35)
</p>

<p>
c(170,170,170)
n(0.707107,0.000000,0.707107)
C(-104.000000,-775.000000,-104.000000)
p(4,44,37,31,38)
t(37,44,38)
t(38,31,37)
</p>

<p>
c(170,170,170)
n(0.707107,0.000000,0.707107)
C(104.000000,-775.000000,104.000000)
p(4,43,34,32,41)
t(32,41,43)
t(43,34,32)
</p>

<p>
c(170,170,170)
n(-0.707107,0.000000,0.707107)
C(104.000000,-775.000000,-104.000000)
p(4,45,36,33,40)
t(33,40,45)
t(45,36,33)
</p>

<p>
c(195,195,195)
n(-0.959322,-0.282315,0.000000)
C(-198.500000,-175.000000,0.000000)
p(4,46,47,39,38)
t(47,46,38)
t(38,39,47)
</p>

<p>
c(195,195,195)
n(-0.959322,0.282315,0.000000)
C(198.500000,-175.000000,0.000000)
p(4,48,49,41,40)
t(49,48,40)
t(40,41,49)
</p>

<p>
c(145,145,145)
n(0.000000,0.282315,-0.959322)
C(0.000000,-175.000000,198.500000)
p(4,47,49,43,42)
t(43,42,47)
t(47,49,43)
</p>

<p>
c(145,145,145)
n(0.000000,-0.282315,-0.959322)
C(0.000000,-175.000000,-198.500000)
p(4,46,48,45,44)
t(45,44,46)
t(46,48,45)
</p>

<p>
c(170,170,170)
n(0.609028,0.508104,0.609028)
C(-152.666667,-233.333333,-152.666667)
p(3,46,38,44)
t(38,44,46)
</p>

<p>
c(170,170,170)
n(-0.609028,-0.508104,0.609028)
C(-152.666667,-233.333333,152.666667)
p(3,47,39,42)
t(39,42,47)
</p>

<p>
c(170,170,170)
n(-0.609028,0.508104,0.609028)
C(152.666667,-233.333333,-152.666667)
p(3,48,40,45)
t(40,48,45)
</p>

<p>
c(170,170,170)
n(0.609028,-0.508104,0.609028)
C(152.666667,-233.333333,152.666667)
p(3,49,41,43)
t(41,49,43)
</p>

