v(-36.250000,12.000000,170.400000)
v(-40.000000,3.600000,165.600000)
v(-51.250000,1.200000,157.200000)
v(-66.250000,0.000000,141.600000)
v(-68.750000,0.000000,138.000000)
v(-68.750000,3.600000,139.200000)
v(-67.500000,10.800000,142.800000)
v(-60.000000,10.800000,152.400000)
v(-51.250000,10.800000,160.800000)
v(36.250000,12.000000,170.400000)
v(40.000000,3.600000,165.600000)
v(51.250000,1.200000,157.200000)
v(66.250000,0.000000,141.600000)
v(68.750000,0.000000,138.000000)
v(68.750000,3.600000,139.200000)
v(67.500000,10.800000,142.800000)
v(60.000000,10.800000,152.400000)
v(51.250000,10.800000,160.800000)
v(28.750000,6.000000,172.800000)
v(23.750000,4.800000,174.000000)
v(8.750000,4.800000,176.400000)
v(0.000000,4.800000,176.400000)
v(-8.750000,4.800000,176.400000)
v(-23.750000,4.800000,174.000000)
v(-28.750000,6.000000,172.800000)
v(-28.750000,10.800000,175.200000)
v(-26.250000,19.200000,177.600000)
v(-22.500000,28.800000,178.800000)
v(-16.250000,30.000000,178.800000)
v(0.000000,30.000000,178.800000)
v(16.250000,30.000000,178.800000)
v(22.500000,28.800000,178.800000)
v(26.250000,19.200000,177.600000)
v(28.750000,10.800000,175.200000)
v(0.000000,31.200000,180.000000)
v(12.500000,31.200000,180.000000)
v(25.000000,31.200000,178.800000)
v(30.000000,31.200000,176.400000)
v(42.500000,31.200000,169.200000)
v(56.250000,31.200000,158.400000)
v(61.250000,31.200000,153.600000)
v(63.750000,26.400000,151.200000)
v(57.500000,28.800000,158.400000)
v(42.500000,30.000000,169.200000)
v(30.000000,30.000000,176.400000)
v(27.500000,28.800000,177.600000)
v(28.750000,25.200000,176.400000)
v(33.750000,13.200000,174.000000)
v(38.750000,4.800000,168.000000)
v(-12.500000,31.200000,180.000000)
v(-25.000000,31.200000,178.800000)
v(-30.000000,31.200000,176.400000)
v(-42.500000,31.200000,169.200000)
v(-56.250000,31.200000,158.400000)
v(-61.250000,31.200000,153.600000)
v(-63.750000,26.400000,151.200000)
v(-57.500000,28.800000,158.400000)
v(-42.500000,30.000000,169.200000)
v(-30.000000,30.000000,176.400000)
v(-27.500000,28.800000,177.600000)
v(-28.750000,25.200000,176.400000)
v(-33.750000,13.200000,174.000000)
v(-38.750000,4.800000,168.000000)
v(35.000000,28.800000,169.200000)
v(33.750000,27.600000,170.400000)
v(40.000000,12.000000,164.400000)
v(-35.000000,28.800000,169.200000)
v(-33.750000,27.600000,170.400000)
v(-40.000000,12.000000,164.400000)
v(66.250000,12.000000,141.600000)
v(-66.250000,12.000000,141.600000)
v(66.250000,21.600000,147.600000)
v(63.750000,22.800000,146.400000)
v(57.500000,27.600000,151.200000)
v(-66.250000,21.600000,147.600000)
v(-63.750000,22.800000,146.400000)
v(-57.500000,27.600000,151.200000)
v(65.000000,14.400000,142.800000)
v(56.250000,15.600000,152.400000)
v(38.750000,15.600000,165.600000)
v(35.000000,16.800000,171.600000)
v(56.250000,15.600000,157.200000)
v(67.500000,14.400000,145.200000)
v(56.250000,19.200000,157.200000)
v(66.250000,19.200000,146.400000)
v(63.750000,19.200000,145.200000)
v(56.250000,19.200000,152.400000)
v(36.250000,21.600000,168.000000)
v(32.500000,21.600000,174.000000)
v(56.250000,24.000000,158.400000)
v(66.250000,22.800000,148.800000)
v(62.500000,22.800000,145.200000)
v(56.250000,24.000000,152.400000)
v(35.000000,25.200000,169.200000)
v(30.000000,26.400000,175.200000)
v(-65.000000,14.400000,142.800000)
v(-56.250000,15.600000,152.400000)
v(-38.750000,15.600000,165.600000)
v(-35.000000,16.800000,171.600000)
v(-56.250000,15.600000,157.200000)
v(-67.500000,14.400000,145.200000)
v(-56.250000,19.200000,157.200000)
v(-66.250000,19.200000,146.400000)
v(-63.750000,19.200000,145.200000)
v(-56.250000,19.200000,152.400000)
v(-36.250000,21.600000,168.000000)
v(-32.500000,21.600000,174.000000)
v(-56.250000,24.000000,158.400000)
v(-66.250000,22.800000,148.800000)
v(-62.500000,22.800000,145.200000)
v(-56.250000,24.000000,152.400000)
v(-35.000000,25.200000,169.200000)
v(-30.000000,26.400000,175.200000)
v(68.750000,31.200000,145.200000)
v(75.000000,31.200000,133.200000)
v(75.000000,21.600000,132.000000)
v(75.000000,12.000000,129.600000)
v(76.250000,3.600000,123.600000)
v(-68.750000,31.200000,145.200000)
v(-75.000000,31.200000,133.200000)
v(-75.000000,21.600000,132.000000)
v(-75.000000,12.000000,129.600000)
v(-76.250000,3.600000,123.600000)
v(-71.250000,38.400000,132.000000)
v(-65.000000,38.400000,144.000000)
v(-57.500000,38.400000,156.000000)
v(-50.000000,33.600000,163.200000)
v(-43.750000,33.600000,168.000000)
v(71.250000,38.400000,132.000000)
v(65.000000,38.400000,144.000000)
v(57.500000,38.400000,156.000000)
v(50.000000,33.600000,163.200000)
v(43.750000,33.600000,168.000000)
v(-30.000000,33.600000,176.400000)
v(-25.000000,33.600000,178.800000)
v(-12.500000,33.600000,180.000000)
v(0.000000,33.600000,180.000000)
v(12.500000,33.600000,180.000000)
v(25.000000,33.600000,178.800000)
v(30.000000,33.600000,176.400000)
v(47.500000,36.000000,163.200000)
v(55.000000,39.600000,158.400000)
v(65.000000,39.600000,144.000000)
v(71.250000,39.600000,132.000000)
v(-47.500000,36.000000,163.200000)
v(-55.000000,39.600000,158.400000)
v(-65.000000,39.600000,144.000000)
v(-71.250000,39.600000,132.000000)
v(-31.250000,36.000000,174.000000)
v(-10.000000,36.000000,176.400000)
v(0.000000,36.000000,177.600000)
v(10.000000,36.000000,176.400000)
v(31.250000,36.000000,174.000000)
v(63.750000,-15.600000,66.000000)
v(63.750000,-14.400000,72.000000)
v(61.250000,-13.200000,87.600000)
v(56.250000,-10.800000,112.800000)
v(48.750000,-6.000000,140.400000)
v(42.500000,0.000000,159.600000)
v(70.000000,-2.400000,133.200000)
v(71.250000,-9.600000,115.200000)
v(71.250000,-12.000000,102.000000)
v(72.500000,-9.600000,84.000000)
v(72.500000,-7.200000,67.200000)
v(67.500000,-12.000000,67.200000)
v(-63.750000,-15.600000,66.000000)
v(-63.750000,-14.400000,72.000000)
v(-61.250000,-13.200000,87.600000)
v(-56.250000,-10.800000,112.800000)
v(-48.750000,-6.000000,140.400000)
v(-42.500000,0.000000,159.600000)
v(-70.000000,-2.400000,133.200000)
v(-71.250000,-9.600000,115.200000)
v(-71.250000,-12.000000,102.000000)
v(-72.500000,-9.600000,84.000000)
v(-72.500000,-7.200000,67.200000)
v(-67.500000,-12.000000,67.200000)
v(-52.500000,-15.600000,86.400000)
v(-61.250000,-15.600000,75.600000)
v(-62.500000,-15.600000,68.400000)
v(62.500000,-15.600000,68.400000)
v(61.250000,-15.600000,75.600000)
v(52.500000,-15.600000,86.400000)
v(41.250000,-15.600000,94.800000)
v(18.750000,-15.600000,102.000000)
v(0.000000,-15.600000,103.200000)
v(-18.750000,-15.600000,102.000000)
v(-41.250000,-15.600000,94.800000)
v(76.250000,-2.400000,114.000000)
v(77.500000,-6.000000,102.000000)
v(77.500000,-3.600000,88.800000)
v(77.500000,2.400000,79.200000)
v(75.000000,2.400000,68.400000)
v(-76.250000,-2.400000,114.000000)
v(-77.500000,-6.000000,102.000000)
v(-77.500000,-3.600000,88.800000)
v(-77.500000,2.400000,79.200000)
v(-75.000000,2.400000,68.400000)
v(76.250000,3.600000,120.000000)
v(72.500000,38.400000,129.600000)
v(75.000000,31.200000,129.600000)
v(75.000000,20.400000,129.600000)
v(76.250000,12.000000,127.200000)
v(-76.250000,3.600000,120.000000)
v(-72.500000,38.400000,129.600000)
v(-75.000000,31.200000,129.600000)
v(-75.000000,20.400000,129.600000)
v(-76.250000,12.000000,127.200000)
v(77.500000,2.400000,84.000000)
v(76.250000,-1.200000,109.200000)
v(77.500000,-2.400000,100.800000)
v(77.500000,-1.200000,91.200000)
v(-77.500000,2.400000,84.000000)
v(-76.250000,-1.200000,109.200000)
v(-77.500000,-2.400000,100.800000)
v(-77.500000,-1.200000,91.200000)
v(76.250000,10.800000,75.600000)
v(76.250000,20.400000,72.000000)
v(76.250000,33.600000,72.000000)
v(76.250000,33.600000,67.200000)
v(76.250000,31.200000,67.200000)
v(76.250000,31.200000,68.400000)
v(76.250000,20.400000,69.600000)
v(76.250000,9.600000,73.200000)
v(-76.250000,10.800000,75.600000)
v(-76.250000,20.400000,72.000000)
v(-76.250000,33.600000,72.000000)
v(-76.250000,33.600000,67.200000)
v(-76.250000,31.200000,67.200000)
v(-76.250000,31.200000,68.400000)
v(-76.250000,20.400000,69.600000)
v(-76.250000,9.600000,73.200000)
v(31.250000,-15.600000,96.000000)
v(0.000000,-15.600000,99.600000)
v(-31.250000,-15.600000,96.000000)
v(-73.750000,27.600000,63.600000)
v(-72.500000,-10.800000,-37.200000)
v(-76.250000,-4.800000,-34.800000)
v(-75.000000,-2.400000,45.600000)
v(-71.250000,-4.800000,-34.800000)
v(-71.250000,18.000000,-22.800000)
v(-72.500000,22.800000,36.000000)
v(73.750000,27.600000,63.600000)
v(72.500000,-10.800000,-37.200000)
v(76.250000,-4.800000,-34.800000)
v(75.000000,-2.400000,45.600000)
v(71.250000,-4.800000,-34.800000)
v(71.250000,18.000000,-22.800000)
v(72.500000,22.800000,36.000000)
v(77.500000,30.000000,31.200000)
v(77.500000,26.400000,-19.200000)
v(-77.500000,30.000000,31.200000)
v(-77.500000,26.400000,-19.200000)
v(77.500000,32.400000,31.200000)
v(77.500000,31.200000,-16.800000)
v(-77.500000,32.400000,31.200000)
v(-77.500000,31.200000,-16.800000)
v(73.750000,39.600000,72.000000)
v(73.750000,39.600000,-15.600000)
v(73.750000,39.600000,-76.800000)
v(76.250000,28.800000,-75.600000)
v(-73.750000,39.600000,72.000000)
v(-73.750000,39.600000,-15.600000)
v(-73.750000,39.600000,-76.800000)
v(-76.250000,28.800000,-75.600000)
v(65.000000,-18.000000,-40.800000)
v(65.000000,-16.800000,-3.600000)
v(65.000000,-15.600000,48.000000)
v(-65.000000,-18.000000,-40.800000)
v(-65.000000,-16.800000,-3.600000)
v(-65.000000,-15.600000,48.000000)
v(57.500000,-18.000000,-39.600000)
v(60.000000,-18.000000,-25.200000)
v(61.250000,-18.000000,-13.200000)
v(62.500000,-16.800000,13.200000)
v(62.500000,-15.600000,54.000000)
v(61.250000,-15.600000,64.800000)
v(-57.500000,-18.000000,-39.600000)
v(-61.250000,-15.600000,64.800000)
v(-62.500000,-15.600000,54.000000)
v(-62.500000,-16.800000,13.200000)
v(-61.250000,-18.000000,-13.200000)
v(-60.000000,-18.000000,-25.200000)
v(60.000000,-21.600000,60.000000)
v(55.000000,-30.000000,48.000000)
v(51.250000,-37.200000,32.400000)
v(47.500000,-40.800000,12.000000)
v(47.500000,-40.800000,-10.800000)
v(48.750000,-39.600000,-30.000000)
v(51.250000,-34.800000,-45.600000)
v(43.750000,-40.800000,-46.800000)
v(43.750000,-43.200000,-20.400000)
v(43.750000,-44.400000,0.000000)
v(45.000000,-43.200000,20.400000)
v(47.500000,-39.600000,33.600000)
v(50.000000,-34.800000,45.600000)
v(55.000000,-25.200000,60.000000)
v(-60.000000,-21.600000,60.000000)
v(-55.000000,-30.000000,48.000000)
v(-51.250000,-37.200000,32.400000)
v(-47.500000,-40.800000,12.000000)
v(-47.500000,-40.800000,-10.800000)
v(-48.750000,-39.600000,-30.000000)
v(-51.250000,-34.800000,-45.600000)
v(-43.750000,-40.800000,-46.800000)
v(-43.750000,-43.200000,-20.400000)
v(-43.750000,-44.400000,0.000000)
v(-45.000000,-43.200000,20.400000)
v(-47.500000,-39.600000,33.600000)
v(-50.000000,-34.800000,45.600000)
v(-55.000000,-25.200000,60.000000)
v(42.500000,-40.800000,34.800000)
v(30.000000,-42.000000,38.400000)
v(12.500000,-43.200000,40.800000)
v(0.000000,-43.200000,42.000000)
v(0.000000,-42.000000,45.600000)
v(13.750000,-42.000000,44.400000)
v(31.250000,-40.800000,40.800000)
v(45.000000,-38.400000,38.400000)
v(46.250000,-37.200000,39.600000)
v(50.000000,-31.200000,51.600000)
v(55.000000,-24.000000,63.600000)
v(55.000000,-20.400000,68.400000)
v(53.750000,-16.800000,78.000000)
v(45.000000,-15.600000,84.000000)
v(25.000000,-15.600000,91.200000)
v(0.000000,-15.600000,92.400000)
v(-42.500000,-40.800000,34.800000)
v(-30.000000,-42.000000,38.400000)
v(-12.500000,-43.200000,40.800000)
v(-13.750000,-42.000000,44.400000)
v(-31.250000,-40.800000,40.800000)
v(-45.000000,-38.400000,38.400000)
v(-46.250000,-37.200000,39.600000)
v(-50.000000,-31.200000,51.600000)
v(-55.000000,-24.000000,63.600000)
v(-55.000000,-20.400000,68.400000)
v(-53.750000,-16.800000,78.000000)
v(-45.000000,-15.600000,84.000000)
v(-25.000000,-15.600000,91.200000)
v(22.500000,-48.000000,0.000000)
v(0.000000,-48.000000,0.000000)
v(-22.500000,-48.000000,0.000000)
v(37.500000,-42.000000,-48.000000)
v(20.000000,-44.400000,-49.200000)
v(0.000000,-44.400000,-49.200000)
v(-20.000000,-44.400000,-49.200000)
v(-37.500000,-42.000000,-48.000000)
v(57.500000,-25.200000,51.600000)
v(-57.500000,-25.200000,51.600000)
v(56.250000,-27.600000,46.800000)
v(51.250000,-36.000000,31.200000)
v(47.500000,-39.600000,12.000000)
v(47.500000,-39.600000,-10.800000)
v(47.500000,-37.200000,-30.000000)
v(48.750000,-33.600000,-44.400000)
v(-48.750000,-33.600000,-44.400000)
v(-47.500000,-37.200000,-30.000000)
v(-47.500000,-39.600000,-10.800000)
v(-47.500000,-39.600000,12.000000)
v(-51.250000,-36.000000,31.200000)
v(-56.250000,-27.600000,46.800000)
v(-55.000000,-24.000000,-78.000000)
v(-58.750000,-18.000000,-76.800000)
v(-53.750000,-27.600000,-75.600000)
v(55.000000,-24.000000,-78.000000)
v(58.750000,-18.000000,-76.800000)
v(53.750000,-27.600000,-75.600000)
v(72.500000,-12.000000,-74.400000)
v(-72.500000,-12.000000,-74.400000)
v(76.250000,24.000000,-52.800000)
v(76.250000,19.200000,-60.000000)
v(76.250000,3.600000,-68.400000)
v(75.000000,-7.200000,-73.200000)
v(-76.250000,24.000000,-52.800000)
v(-76.250000,19.200000,-60.000000)
v(-76.250000,3.600000,-68.400000)
v(-75.000000,-7.200000,-73.200000)
v(-45.000000,-38.400000,-56.400000)
v(-45.000000,-32.400000,-80.400000)
v(-46.250000,-25.200000,-106.800000)
v(-43.750000,-22.800000,-112.800000)
v(-46.250000,-20.400000,-120.000000)
v(-52.500000,-21.600000,-99.600000)
v(45.000000,-38.400000,-56.400000)
v(45.000000,-32.400000,-80.400000)
v(46.250000,-25.200000,-106.800000)
v(43.750000,-22.800000,-112.800000)
v(46.250000,-20.400000,-120.000000)
v(52.500000,-21.600000,-99.600000)
v(77.500000,2.400000,-85.200000)
v(77.500000,21.600000,-75.600000)
v(77.500000,12.000000,-78.000000)
v(-77.500000,2.400000,-85.200000)
v(-77.500000,21.600000,-75.600000)
v(-77.500000,12.000000,-78.000000)
v(72.500000,-14.400000,-93.600000)
v(71.250000,-15.600000,-110.400000)
v(71.250000,-14.400000,-127.200000)
v(70.000000,-9.600000,-140.400000)
v(45.000000,-13.200000,-152.400000)
v(45.000000,-14.400000,-150.000000)
v(46.250000,-16.800000,-139.200000)
v(47.500000,-19.200000,-124.800000)
v(-72.500000,-14.400000,-93.600000)
v(-71.250000,-15.600000,-110.400000)
v(-71.250000,-14.400000,-127.200000)
v(-70.000000,-9.600000,-140.400000)
v(-45.000000,-13.200000,-152.400000)
v(-45.000000,-14.400000,-150.000000)
v(-46.250000,-16.800000,-139.200000)
v(-47.500000,-19.200000,-124.800000)
v(77.500000,-2.400000,-92.400000)
v(77.500000,-6.000000,-103.200000)
v(77.500000,-6.000000,-116.400000)
v(77.500000,-2.400000,-124.800000)
v(77.500000,0.000000,-129.600000)
v(73.750000,-1.200000,-139.200000)
v(68.750000,-2.400000,-146.400000)
v(-77.500000,-2.400000,-92.400000)
v(-77.500000,-6.000000,-103.200000)
v(-77.500000,-6.000000,-116.400000)
v(-77.500000,-2.400000,-124.800000)
v(-77.500000,0.000000,-129.600000)
v(-73.750000,-1.200000,-139.200000)
v(-68.750000,-2.400000,-146.400000)
v(42.500000,-22.800000,-111.600000)
v(40.000000,-25.200000,-105.600000)
v(38.750000,-32.400000,-80.400000)
v(38.750000,-38.400000,-56.400000)
v(37.500000,-39.600000,-48.000000)
v(42.500000,-39.600000,-48.000000)
v(43.750000,-37.200000,-56.400000)
v(43.750000,-31.200000,-80.400000)
v(43.750000,-25.200000,-106.800000)
v(-42.500000,-22.800000,-111.600000)
v(-43.750000,-25.200000,-106.800000)
v(-43.750000,-31.200000,-80.400000)
v(-43.750000,-37.200000,-56.400000)
v(-42.500000,-39.600000,-48.000000)
v(-37.500000,-39.600000,-48.000000)
v(-38.750000,-38.400000,-56.400000)
v(-38.750000,-32.400000,-80.400000)
v(-40.000000,-25.200000,-105.600000)
v(22.500000,-40.800000,-49.200000)
v(20.000000,-43.200000,-49.200000)
v(0.000000,-43.200000,-49.200000)
v(-20.000000,-43.200000,-49.200000)
v(-22.500000,-40.800000,-49.200000)
v(0.000000,-42.000000,-49.200000)
v(36.250000,-22.800000,-117.600000)
v(22.500000,-22.800000,-124.800000)
v(11.250000,-22.800000,-126.000000)
v(0.000000,-22.800000,-127.200000)
v(0.000000,-22.800000,-124.800000)
v(8.750000,-22.800000,-123.600000)
v(22.500000,-22.800000,-121.200000)
v(33.750000,-22.800000,-116.400000)
v(33.750000,-32.400000,-80.400000)
v(32.500000,-38.400000,-56.400000)
v(16.250000,-40.800000,-56.400000)
v(0.000000,-40.800000,-56.400000)
v(-11.250000,-22.800000,-126.000000)
v(-22.500000,-22.800000,-124.800000)
v(-36.250000,-22.800000,-117.600000)
v(-16.250000,-40.800000,-56.400000)
v(-32.500000,-38.400000,-56.400000)
v(-33.750000,-32.400000,-80.400000)
v(-33.750000,-22.800000,-116.400000)
v(-22.500000,-22.800000,-121.200000)
v(-8.750000,-22.800000,-123.600000)
v(37.500000,-22.800000,-120.000000)
v(25.000000,-21.600000,-127.200000)
v(10.000000,-21.600000,-130.800000)
v(0.000000,-21.600000,-130.800000)
v(-10.000000,-21.600000,-130.800000)
v(-25.000000,-21.600000,-127.200000)
v(-37.500000,-22.800000,-120.000000)
v(28.750000,-19.200000,-144.000000)
v(8.750000,-19.200000,-146.400000)
v(0.000000,-19.200000,-146.400000)
v(-8.750000,-19.200000,-146.400000)
v(-28.750000,-19.200000,-144.000000)
v(45.000000,-20.400000,-150.000000)
v(28.750000,-21.600000,-154.800000)
v(0.000000,-21.600000,-157.200000)
v(0.000000,-20.400000,-154.800000)
v(28.750000,-20.400000,-152.400000)
v(42.500000,-19.200000,-148.800000)
v(43.750000,-18.000000,-142.800000)
v(28.750000,-19.200000,-146.400000)
v(0.000000,-19.200000,-148.800000)
v(-45.000000,-20.400000,-150.000000)
v(-28.750000,-21.600000,-154.800000)
v(-28.750000,-20.400000,-152.400000)
v(-42.500000,-19.200000,-148.800000)
v(-43.750000,-18.000000,-142.800000)
v(-28.750000,-19.200000,-146.400000)
v(-28.750000,-15.600000,-154.800000)
v(-10.000000,-16.800000,-157.200000)
v(0.000000,-16.800000,-157.200000)
v(10.000000,-16.800000,-157.200000)
v(28.750000,-15.600000,-154.800000)
v(73.750000,39.600000,-80.400000)
v(76.250000,28.800000,-79.200000)
v(-73.750000,39.600000,-80.400000)
v(-76.250000,28.800000,-79.200000)
v(77.500000,2.400000,-90.000000)
v(77.500000,20.400000,-80.400000)
v(77.500000,12.000000,-82.800000)
v(-77.500000,2.400000,-90.000000)
v(-77.500000,20.400000,-80.400000)
v(-77.500000,12.000000,-82.800000)
v(77.500000,1.200000,-126.000000)
v(77.500000,-1.200000,-99.600000)
v(77.500000,-2.400000,-109.200000)
v(77.500000,-1.200000,-120.000000)
v(-77.500000,1.200000,-126.000000)
v(-77.500000,-1.200000,-99.600000)
v(-77.500000,-2.400000,-109.200000)
v(-77.500000,-1.200000,-120.000000)
v(77.500000,7.200000,-132.000000)
v(76.250000,15.600000,-136.800000)
v(75.000000,25.200000,-139.200000)
v(75.000000,25.200000,-142.800000)
v(76.250000,18.000000,-141.600000)
v(77.500000,8.400000,-136.800000)
v(-77.500000,7.200000,-132.000000)
v(-76.250000,15.600000,-136.800000)
v(-75.000000,25.200000,-139.200000)
v(-75.000000,25.200000,-142.800000)
v(-76.250000,18.000000,-141.600000)
v(-77.500000,8.400000,-136.800000)
v(71.250000,33.600000,-139.200000)
v(63.750000,38.400000,-139.200000)
v(55.000000,39.600000,-139.200000)
v(55.000000,39.600000,-142.800000)
v(63.750000,38.400000,-142.800000)
v(71.250000,33.600000,-142.800000)
v(-71.250000,33.600000,-139.200000)
v(-63.750000,38.400000,-139.200000)
v(-55.000000,39.600000,-139.200000)
v(-55.000000,39.600000,-142.800000)
v(-63.750000,38.400000,-142.800000)
v(-71.250000,33.600000,-142.800000)
v(36.250000,-14.400000,-156.000000)
v(18.750000,-14.400000,-158.400000)
v(0.000000,-14.400000,-159.600000)
v(-18.750000,-14.400000,-158.400000)
v(-36.250000,-14.400000,-156.000000)
v(66.250000,-2.400000,-148.800000)
v(52.500000,-3.600000,-156.000000)
v(31.250000,-3.600000,-162.000000)
v(33.750000,-12.000000,-157.200000)
v(-66.250000,-2.400000,-148.800000)
v(-52.500000,-3.600000,-156.000000)
v(-31.250000,-3.600000,-162.000000)
v(-33.750000,-12.000000,-157.200000)
v(15.000000,-4.800000,-164.400000)
v(0.000000,-4.800000,-165.600000)
v(-15.000000,-4.800000,-164.400000)
v(-67.500000,4.800000,-151.200000)
v(-65.000000,12.000000,-154.800000)
v(-62.500000,16.800000,-158.400000)
v(-65.000000,24.000000,-154.800000)
v(-71.250000,24.000000,-148.800000)
v(67.500000,4.800000,-151.200000)
v(65.000000,12.000000,-154.800000)
v(62.500000,16.800000,-158.400000)
v(65.000000,24.000000,-154.800000)
v(71.250000,24.000000,-148.800000)
v(-32.500000,-3.600000,-160.800000)
v(32.500000,-3.600000,-160.800000)
v(15.000000,-4.800000,-163.200000)
v(0.000000,-4.800000,-163.200000)
v(-15.000000,-4.800000,-163.200000)
v(66.250000,-2.400000,-145.200000)
v(65.000000,-2.400000,-140.400000)
v(63.750000,7.200000,-146.400000)
v(62.500000,10.800000,-148.800000)
v(57.500000,12.000000,-151.200000)
v(42.500000,13.200000,-158.400000)
v(38.750000,12.000000,-159.600000)
v(30.000000,14.400000,-165.600000)
v(26.250000,14.400000,-168.000000)
v(43.750000,14.400000,-164.400000)
v(60.000000,13.200000,-157.200000)
v(63.750000,10.800000,-152.400000)
v(65.000000,4.800000,-150.000000)
v(-66.250000,-2.400000,-145.200000)
v(-65.000000,-2.400000,-140.400000)
v(-63.750000,7.200000,-146.400000)
v(-62.500000,10.800000,-148.800000)
v(-57.500000,12.000000,-151.200000)
v(-42.500000,13.200000,-158.400000)
v(-38.750000,12.000000,-159.600000)
v(-30.000000,14.400000,-165.600000)
v(-26.250000,14.400000,-168.000000)
v(-43.750000,14.400000,-164.400000)
v(-60.000000,13.200000,-157.200000)
v(-63.750000,10.800000,-152.400000)
v(-65.000000,4.800000,-150.000000)
v(60.000000,15.600000,-158.400000)
v(43.750000,15.600000,-165.600000)
v(25.000000,15.600000,-170.400000)
v(11.250000,15.600000,-171.600000)
v(0.000000,15.600000,-172.800000)
v(0.000000,14.400000,-170.400000)
v(10.000000,14.400000,-170.400000)
v(-60.000000,15.600000,-158.400000)
v(-43.750000,15.600000,-165.600000)
v(-25.000000,15.600000,-170.400000)
v(-11.250000,15.600000,-171.600000)
v(-10.000000,14.400000,-170.400000)
v(41.250000,-3.600000,-154.800000)
v(33.750000,-3.600000,-160.800000)
v(-33.750000,-3.600000,-160.800000)
v(-41.250000,-3.600000,-154.800000)
v(35.000000,0.000000,-160.800000)
v(41.250000,0.000000,-154.800000)
v(63.750000,0.000000,-142.800000)
v(65.000000,0.000000,-146.400000)
v(56.250000,0.000000,-153.600000)
v(45.000000,0.000000,-159.600000)
v(56.250000,2.400000,-154.800000)
v(43.750000,2.400000,-160.800000)
v(33.750000,1.200000,-162.000000)
v(40.000000,2.400000,-156.000000)
v(63.750000,2.400000,-144.000000)
v(65.000000,2.400000,-147.600000)
v(56.250000,6.000000,-156.000000)
v(43.750000,6.000000,-162.000000)
v(32.500000,6.000000,-163.200000)
v(40.000000,6.000000,-157.200000)
v(63.750000,6.000000,-146.400000)
v(65.000000,7.200000,-150.000000)
v(40.000000,9.600000,-158.400000)
v(61.250000,9.600000,-148.800000)
v(57.500000,10.800000,-157.200000)
v(43.750000,10.800000,-162.000000)
v(32.500000,10.800000,-164.400000)
v(-35.000000,0.000000,-160.800000)
v(-41.250000,0.000000,-154.800000)
v(-63.750000,0.000000,-142.800000)
v(-65.000000,0.000000,-146.400000)
v(-56.250000,0.000000,-153.600000)
v(-45.000000,0.000000,-159.600000)
v(-56.250000,2.400000,-154.800000)
v(-43.750000,2.400000,-160.800000)
v(-33.750000,1.200000,-162.000000)
v(-40.000000,2.400000,-156.000000)
v(-63.750000,2.400000,-144.000000)
v(-65.000000,2.400000,-147.600000)
v(-56.250000,6.000000,-156.000000)
v(-43.750000,6.000000,-162.000000)
v(-32.500000,6.000000,-163.200000)
v(-40.000000,6.000000,-157.200000)
v(-63.750000,6.000000,-146.400000)
v(-65.000000,7.200000,-150.000000)
v(-40.000000,9.600000,-158.400000)
v(-61.250000,9.600000,-148.800000)
v(-57.500000,10.800000,-157.200000)
v(-43.750000,10.800000,-162.000000)
v(-32.500000,10.800000,-164.400000)
v(27.500000,6.000000,-162.000000)
v(21.250000,8.400000,-164.400000)
v(0.000000,8.400000,-165.600000)
v(-21.250000,8.400000,-164.400000)
v(-27.500000,6.000000,-162.000000)
v(28.750000,4.800000,-164.400000)
v(27.500000,9.600000,-165.600000)
v(21.250000,10.800000,-168.000000)
v(10.000000,10.800000,-169.200000)
v(0.000000,10.800000,-169.200000)
v(-10.000000,10.800000,-169.200000)
v(-21.250000,10.800000,-168.000000)
v(-27.500000,9.600000,-165.600000)
v(-28.750000,4.800000,-164.400000)
v(53.750000,34.800000,-152.400000)
v(51.250000,28.800000,-158.400000)
v(48.750000,27.600000,-162.000000)
v(50.000000,27.600000,-162.000000)
v(61.250000,27.600000,-156.000000)
v(-53.750000,34.800000,-152.400000)
v(-51.250000,28.800000,-158.400000)
v(-48.750000,27.600000,-162.000000)
v(-50.000000,27.600000,-162.000000)
v(-61.250000,27.600000,-156.000000)
v(47.500000,16.800000,-163.200000)
v(45.000000,22.800000,-164.400000)
v(25.000000,22.800000,-170.400000)
v(11.250000,22.800000,-171.600000)
v(0.000000,22.800000,-171.600000)
v(-11.250000,22.800000,-171.600000)
v(-25.000000,22.800000,-170.400000)
v(-45.000000,22.800000,-164.400000)
v(-47.500000,16.800000,-163.200000)
v(43.750000,26.400000,-164.400000)
v(32.500000,26.400000,-166.800000)
v(21.250000,26.400000,-169.200000)
v(11.250000,25.200000,-170.400000)
v(0.000000,25.200000,-170.400000)
v(-11.250000,25.200000,-170.400000)
v(-21.250000,26.400000,-169.200000)
v(-32.500000,26.400000,-166.800000)
v(-43.750000,26.400000,-164.400000)
v(53.750000,39.600000,-142.800000)
v(52.500000,34.800000,-152.400000)
v(48.750000,30.000000,-159.600000)
v(42.500000,28.800000,-162.000000)
v(30.000000,27.600000,-166.800000)
v(25.000000,27.600000,-166.800000)
v(22.500000,30.000000,-165.600000)
v(18.750000,39.600000,-152.400000)
v(0.000000,39.600000,-153.600000)
v(0.000000,37.200000,-157.200000)
v(12.500000,37.200000,-157.200000)
v(15.000000,30.000000,-166.800000)
v(15.000000,27.600000,-169.200000)
v(10.000000,27.600000,-169.200000)
v(0.000000,27.600000,-169.200000)
v(-53.750000,39.600000,-142.800000)
v(-52.500000,34.800000,-152.400000)
v(-48.750000,30.000000,-159.600000)
v(-42.500000,28.800000,-162.000000)
v(-30.000000,27.600000,-166.800000)
v(-25.000000,27.600000,-166.800000)
v(-22.500000,30.000000,-165.600000)
v(-18.750000,39.600000,-152.400000)
v(-12.500000,37.200000,-157.200000)
v(-15.000000,30.000000,-166.800000)
v(-15.000000,27.600000,-169.200000)
v(-10.000000,27.600000,-169.200000)
v(10.000000,30.000000,-166.800000)
v(0.000000,30.000000,-166.800000)
v(-10.000000,30.000000,-166.800000)
v(52.500000,39.600000,-134.400000)
v(50.000000,33.600000,-132.000000)
v(-50.000000,33.600000,-132.000000)
v(-52.500000,39.600000,-134.400000)
v(35.000000,33.600000,-132.000000)
v(25.000000,39.600000,-134.400000)
v(-25.000000,39.600000,-134.400000)
v(-35.000000,33.600000,-132.000000)
v(-56.250000,39.600000,132.000000)
v(56.250000,39.600000,132.000000)
v(56.250000,39.600000,72.000000)
v(-56.250000,39.600000,72.000000)
v(-52.500000,39.600000,-80.400000)
v(52.500000,39.600000,-80.400000)

<p>
c(254,254,254)
light()
outline()
n(0.648546,0.258853,-0.715809)
p(9,0,1,2,3,4,5,6,7,8)
t(8,0,1)
t(1,2,3)
t(3,4,5)
t(5,6,7)
t(7,8,1)
t(1,3,5)
t(5,7,1)
</p>

<p>
c(254,254,254)
light()
outline()
n(-0.648546,0.258853,-0.715809)
p(9,9,10,11,12,13,14,15,16,17)
t(10,9,17)
t(17,16,15)
t(15,14,13)
t(13,12,11)
t(11,10,17)
t(17,15,13)
t(13,11,17)
</p>

<p>
c(35,35,35)
outline()
n(-0.000000,-0.169761,0.985485)
p(16,18,19,20,21,22,23,24,25,26,27,28,29,30,31,32,33)
t(19,18,33)
t(33,32,31)
t(31,30,29)
t(29,28,27)
t(27,26,25)
t(25,24,23)
t(20,19,33)
t(33,31,29)
t(29,27,25)
t(25,23,22)
t(21,20,33)
t(33,29,25)
t(25,22,21)
t(21,33,25)
</p>

<p>
c(166,208,248)
outline()
n(-0.432745,-0.059691,-0.899538)
p(21,18,33,32,31,30,29,34,35,36,37,38,39,40,41,42,43,44,45,46,47,48)
t(47,48,18)
t(30,29,34)
t(39,40,41)
t(46,47,18)
t(30,34,35)
t(39,41,42)
t(45,46,18)
t(31,30,35)
t(38,39,42)
t(45,18,33)
t(31,35,36)
t(37,38,42)
t(45,33,32)
t(32,31,36)
t(36,37,42)
t(45,32,36)
t(36,42,43)
t(44,45,36)
t(36,43,44)
</p>

<p>
c(166,208,248)
outline()
n(0.432745,-0.059691,-0.899538)
p(21,24,25,26,27,28,29,34,49,50,51,52,53,54,55,56,57,58,59,60,61,62)
t(25,24,62)
t(56,55,54)
t(49,34,29)
t(26,25,62)
t(57,56,54)
t(50,49,29)
t(26,62,61)
t(58,57,54)
t(51,50,29)
t(27,26,61)
t(58,54,53)
t(52,51,29)
t(27,61,60)
t(58,53,52)
t(52,29,28)
t(27,60,59)
t(58,52,28)
t(28,27,59)
t(59,58,28)
</p>

<p>
c(166,208,248)
outline()
n(0.792500,0.098763,0.601822)
p(10,48,47,46,45,44,63,64,65,9,10)
t(47,48,10)
t(9,65,64)
t(64,63,44)
t(44,45,46)
t(47,10,9)
t(9,64,44)
t(44,46,47)
t(47,9,44)
</p>

<p>
c(166,208,248)
outline()
n(-0.792500,0.098763,0.601822)
p(10,62,61,60,59,58,66,67,68,0,1)
t(0,1,62)
t(62,61,60)
t(60,59,58)
t(58,66,67)
t(67,68,0)
t(0,62,60)
t(60,58,67)
t(67,0,60)
</p>

<p>
c(45,45,45)
outline()
n(-0.187032,-0.963956,-0.189231)
p(6,15,16,17,9,65,69)
t(65,69,15)
t(15,16,17)
t(17,9,65)
t(65,15,17)
</p>

<p>
c(45,45,45)
outline()
n(0.187032,-0.963956,-0.189231)
p(6,6,7,8,0,68,70)
t(7,6,70)
t(70,68,0)
t(0,8,7)
t(7,70,0)
</p>

<p>
c(166,208,248)
outline()
n(0.544605,-0.334770,0.768983)
p(10,43,42,41,71,15,69,72,73,63,44)
t(42,43,44)
t(44,63,73)
t(72,69,15)
t(71,41,42)
t(42,44,73)
t(72,15,71)
t(71,42,73)
t(73,72,71)
</p>

<p>
c(166,208,248)
outline()
n(-0.544605,-0.334770,0.768983)
p(10,57,56,55,74,6,70,75,76,66,58)
t(66,58,57)
t(57,56,55)
t(74,6,70)
t(76,66,57)
t(74,70,75)
t(76,57,55)
t(55,74,75)
t(75,76,55)
</p>

<p>
c(25,25,25)
outline()
n(-0.629896,0.079159,-0.772635)
p(6,65,64,63,73,72,69)
t(72,69,65)
t(65,64,63)
t(63,73,72)
t(72,65,63)
</p>

<p>
c(25,25,25)
outline()
n(0.629896,0.079159,-0.772635)
p(6,68,70,75,76,66,67)
t(66,67,68)
t(68,70,75)
t(75,76,66)
t(66,68,75)
</p>

<p>
c(45,45,45)
outline()
n(0.031237,-0.993493,0.109522)
p(6,77,78,79,80,81,82)
t(78,77,82)
t(82,81,80)
t(80,79,78)
t(78,82,80)
</p>

<p>
c(45,45,45)
outline()
n(-0.139040,-0.987824,-0.069801)
p(6,83,84,85,86,87,88)
t(84,83,88)
t(88,87,86)
t(86,85,84)
t(84,88,86)
</p>

<p>
c(45,45,45)
outline()
n(-0.041547,-0.997060,0.064381)
p(6,89,90,91,92,93,94)
t(90,89,94)
t(94,93,92)
t(92,91,90)
t(90,94,92)
</p>

<p>
c(45,45,45)
outline()
n(-0.031237,-0.993493,0.109522)
p(6,95,96,97,98,99,100)
t(99,100,95)
t(96,97,98)
t(99,95,96)
t(96,98,99)
</p>

<p>
c(45,45,45)
outline()
n(0.139040,-0.987824,-0.069801)
p(6,101,102,103,104,105,106)
t(105,106,101)
t(101,102,103)
t(104,105,101)
t(101,103,104)
</p>

<p>
c(45,45,45)
outline()
n(0.041547,-0.997060,0.064381)
p(6,107,108,109,110,111,112)
t(111,112,107)
t(107,108,109)
t(110,111,107)
t(107,109,110)
</p>

<p>
c(166,208,248)
outline()
n(0.857989,-0.097415,0.504346)
p(10,14,15,71,41,40,113,114,115,116,117)
t(15,14,117)
t(115,114,113)
t(113,40,41)
t(71,15,117)
t(116,115,113)
t(113,41,71)
t(71,117,116)
t(116,113,71)
</p>

<p>
c(166,208,248)
outline()
n(-0.857989,-0.097415,0.504346)
p(10,5,6,74,55,54,118,119,120,121,122)
t(121,122,5)
t(5,6,74)
t(74,55,54)
t(54,118,119)
t(120,121,5)
t(74,54,119)
t(119,120,5)
t(5,74,119)
</p>

<p>
c(166,208,248)
outline()
n(0.688267,-0.404326,-0.602337)
p(10,118,119,123,124,125,126,127,52,53,54)
t(53,54,118)
t(118,119,123)
t(124,125,126)
t(126,127,52)
t(52,53,118)
t(118,123,124)
t(126,52,118)
t(118,124,126)
</p>

<p>
c(166,208,248)
outline()
n(-0.688267,-0.404326,-0.602337)
p(10,113,114,128,129,130,131,132,38,39,40)
t(114,113,40)
t(40,39,38)
t(38,132,131)
t(131,130,129)
t(129,128,114)
t(114,40,38)
t(131,129,114)
t(114,38,131)
</p>

<p>
c(166,208,248)
outline()
n(0.000000,-0.999959,-0.009008)
p(18,38,37,36,35,34,49,50,51,52,127,133,134,135,136,137,138,139,132)
t(139,132,38)
t(51,52,127)
t(139,38,37)
t(51,127,133)
t(138,139,37)
t(50,51,133)
t(138,37,36)
t(50,133,134)
t(137,138,36)
t(49,50,134)
t(137,36,35)
t(49,134,135)
t(136,137,35)
t(34,49,135)
t(135,136,35)
t(35,34,135)
</p>

<p>
c(45,45,45)
outline()
n(-0.697735,0.570559,-0.433161)
p(8,140,141,142,143,128,129,130,131)
t(130,131,140)
t(141,142,143)
t(143,128,129)
t(130,140,141)
t(141,143,129)
t(129,130,141)
</p>

<p>
c(45,45,45)
outline()
n(0.697735,0.570559,-0.433161)
p(8,144,145,146,147,123,124,125,126)
t(145,144,126)
t(124,123,147)
t(147,146,145)
t(145,126,125)
t(125,124,147)
t(147,145,125)
</p>

<p>
c(45,45,45)
outline()
n(-0.000000,0.999654,0.026313)
p(18,131,132,139,138,137,136,135,134,133,127,126,144,148,149,150,151,152,140)
t(132,131,140)
t(152,151,150)
t(150,149,148)
t(148,144,126)
t(126,127,133)
t(133,134,135)
t(136,137,138)
t(138,139,132)
t(132,140,152)
t(148,126,133)
t(133,135,136)
t(138,132,152)
t(150,148,133)
t(133,136,138)
t(138,152,150)
t(150,133,138)
</p>

<p>
c(166,208,248)
outline()
n(0.060367,-0.982960,0.173622)
p(17,153,154,155,156,157,158,48,10,11,12,13,159,160,161,162,163,164)
t(154,153,164)
t(164,163,162)
t(161,160,159)
t(159,13,12)
t(12,11,10)
t(10,48,158)
t(155,154,164)
t(164,162,161)
t(161,159,12)
t(12,10,158)
t(156,155,164)
t(164,161,12)
t(12,158,157)
t(156,164,12)
t(12,157,156)
</p>

<p>
c(166,208,248)
outline()
n(-0.060367,-0.982960,0.173622)
p(17,165,166,167,168,169,170,62,1,2,3,4,171,172,173,174,175,176)
t(176,165,166)
t(170,62,1)
t(1,2,3)
t(3,4,171)
t(171,172,173)
t(173,174,175)
t(175,176,166)
t(170,1,3)
t(3,171,173)
t(173,175,166)
t(169,170,3)
t(3,173,166)
t(168,169,3)
t(3,166,167)
t(167,168,3)
</p>

<p>
c(166,208,248)
outline()
n(0.000000,0.979128,-0.203243)
p(32,177,178,179,165,166,167,168,169,170,62,24,23,22,21,20,19,18,48,158,157,156,155,154,153,180,181,182,183,184,185,186,187)
t(178,179,165)
t(165,166,167)
t(167,168,169)
t(169,170,62)
t(62,24,23)
t(23,22,21)
t(21,20,19)
t(19,18,48)
t(48,158,157)
t(157,156,155)
t(155,154,153)
t(153,180,181)
t(178,165,167)
t(167,169,62)
t(62,23,21)
t(21,19,48)
t(48,157,155)
t(155,153,181)
t(177,178,167)
t(167,62,21)
t(21,48,155)
t(155,181,182)
t(187,177,167)
t(21,155,182)
t(187,167,21)
t(21,182,183)
t(186,187,21)
t(21,183,184)
t(185,186,21)
t(21,184,185)
</p>

<p>
c(166,208,248)
outline()
n(0.966896,-0.242152,0.080466)
p(13,14,117,188,189,190,191,192,163,162,161,160,159,13)
t(117,14,13)
t(13,159,160)
t(160,161,162)
t(162,163,192)
t(192,191,190)
t(188,117,13)
t(13,160,162)
t(162,192,190)
t(189,188,13)
t(162,190,189)
t(189,13,162)
</p>

<p>
c(166,208,248)
outline()
n(-0.966896,-0.242152,0.080466)
p(13,5,122,193,194,195,196,197,175,174,173,172,171,4)
t(171,4,5)
t(5,122,193)
t(195,196,197)
t(197,175,174)
t(174,173,172)
t(172,171,5)
t(5,193,194)
t(195,197,174)
t(174,172,5)
t(194,195,174)
t(174,5,194)
</p>

<p>
c(166,208,248)
outline()
n(-0.987924,-0.124285,0.092517)
p(10,198,117,116,115,114,128,199,200,201,202)
t(202,198,117)
t(117,116,115)
t(115,114,128)
t(128,199,200)
t(202,117,115)
t(115,128,200)
t(201,202,115)
t(115,200,201)
</p>

<p>
c(166,208,248)
outline()
n(0.987924,-0.124285,0.092517)
p(10,203,122,121,120,119,123,204,205,206,207)
t(122,203,207)
t(205,204,123)
t(123,119,120)
t(120,121,122)
t(206,205,123)
t(120,122,207)
t(206,123,120)
t(120,207,206)
</p>

<p>
c(166,208,248)
outline()
n(-0.998308,-0.046512,-0.034889)
p(10,208,191,190,189,188,117,198,209,210,211)
t(211,208,191)
t(191,190,189)
t(189,188,117)
t(117,198,209)
t(211,191,189)
t(189,117,209)
t(210,211,189)
t(189,209,210)
</p>

<p>
c(166,208,248)
outline()
n(0.998308,-0.046512,-0.034889)
p(10,212,196,195,194,193,122,203,213,214,215)
t(196,212,215)
t(213,203,122)
t(122,193,194)
t(194,195,196)
t(213,122,194)
t(194,196,215)
t(214,213,194)
t(194,215,214)
</p>

<p>
c(166,208,248)
outline()
n(-0.995965,0.003984,0.089655)
p(10,191,208,216,217,218,219,220,221,222,223)
t(222,223,191)
t(191,208,216)
t(218,219,220)
t(222,191,216)
t(218,220,221)
t(222,216,217)
t(217,218,221)
t(221,222,217)
</p>

<p>
c(166,208,248)
outline()
n(0.995965,0.003984,0.089655)
p(10,196,212,224,225,226,227,228,229,230,231)
t(212,196,231)
t(231,230,229)
t(229,228,227)
t(224,212,231)
t(229,227,226)
t(225,224,231)
t(229,226,225)
t(225,231,229)
</p>

<p>
c(166,208,248)
outline()
n(-0.974393,0.047710,0.219731)
p(6,221,220,192,191,223,222)
t(222,221,220)
t(192,191,223)
t(222,220,192)
t(192,223,222)
</p>

<p>
c(166,208,248)
outline()
n(-0.974393,-0.047710,-0.219731)
p(6,229,228,197,196,231,230)
t(230,229,228)
t(197,196,231)
t(230,228,197)
t(197,231,230)
</p>

<p>
c(25,25,25)
outline()
n(0.000000,1.000000,0.000000)
p(10,184,183,182,232,233,234,177,187,186,185)
t(186,185,184)
t(184,183,182)
t(234,177,187)
t(184,182,232)
t(234,187,186)
t(186,184,232)
t(233,234,186)
t(186,232,233)
</p>

<p>
c(166,208,248)
outline()
n(-0.999861,0.005098,-0.015855)
p(10,235,228,197,175,236,237,238,239,240,241)
t(241,240,239)
t(238,237,236)
t(175,197,228)
t(235,241,239)
t(238,236,175)
t(175,228,235)
t(235,239,238)
t(238,175,235)
</p>

<p>
c(166,208,248)
outline()
n(0.999861,0.005098,-0.015855)
p(10,242,220,192,163,243,244,245,246,247,248)
t(242,220,192)
t(163,243,244)
t(245,246,247)
t(248,242,192)
t(163,244,245)
t(245,247,248)
t(248,192,163)
t(163,245,248)
</p>

<p>
c(166,208,248)
outline()
n(-0.000000,-0.999555,0.029837)
p(3,246,244,245)
t(244,245,246)
</p>

<p>
c(166,208,248)
outline()
n(0.000000,-0.999555,0.029837)
p(3,239,237,238)
t(237,239,238)
</p>

<p>
c(166,208,248)
outline()
n(-0.810291,0.584530,-0.041872)
p(6,242,220,249,250,247,248)
t(247,248,242)
t(242,220,249)
t(249,250,247)
t(247,242,249)
</p>

<p>
c(166,208,248)
outline()
n(0.810291,0.584530,-0.041872)
p(6,235,228,251,252,240,241)
t(228,235,241)
t(241,240,252)
t(252,251,228)
t(228,241,252)
</p>

<p>
c(166,208,248)
outline()
n(-0.999610,0.023679,-0.014822)
p(6,249,220,219,253,254,250)
t(254,250,249)
t(249,220,219)
t(253,254,249)
t(249,219,253)
</p>

<p>
c(166,208,248)
outline()
n(0.999610,0.023679,-0.014822)
p(6,251,228,227,255,256,252)
t(251,252,256)
t(255,227,228)
t(228,251,256)
t(256,255,228)
</p>

<p>
c(15,15,15)
outline()
n(0.059563,-0.454318,0.888846)
p(4,247,250,244,246)
t(250,247,246)
t(246,244,250)
</p>

<p>
c(15,15,15)
outline()
n(-0.059563,-0.454318,0.888846)
p(4,240,239,237,252)
t(239,240,252)
t(252,237,239)
</p>

<p>
c(166,208,248)
outline()
n(0.941253,0.337653,-0.005717)
p(8,219,218,257,258,259,260,254,253)
t(219,253,254)
t(254,260,259)
t(259,258,257)
t(257,218,219)
t(219,254,259)
t(259,257,219)
</p>

<p>
c(166,208,248)
outline()
n(-0.941253,0.337653,-0.005717)
p(8,227,226,261,262,263,264,256,255)
t(256,255,227)
t(227,226,261)
t(261,262,263)
t(263,264,256)
t(256,227,261)
t(261,263,256)
</p>

<p>
c(166,208,248)
outline()
n(-0.695695,0.717943,-0.023799)
p(7,163,243,265,266,267,153,164)
t(153,164,163)
t(163,243,265)
t(267,153,163)
t(163,265,266)
t(266,267,163)
</p>

<p>
c(166,208,248)
outline()
n(-0.695695,-0.717943,0.023799)
p(7,175,236,268,269,270,165,176)
t(165,176,175)
t(175,236,268)
t(270,165,175)
t(175,268,269)
t(269,270,175)
</p>

<p>
c(45,45,45)
outline()
n(0.058959,-0.997972,0.023993)
p(11,271,272,273,274,275,276,180,153,267,266,265)
t(272,271,265)
t(265,266,267)
t(267,153,180)
t(180,276,275)
t(273,272,265)
t(265,267,180)
t(274,273,265)
t(265,180,275)
t(275,274,265)
</p>

<p>
c(45,45,45)
outline()
n(-0.058959,-0.997972,0.023993)
p(11,277,268,269,270,165,179,278,279,280,281,282)
t(268,277,282)
t(279,278,179)
t(179,165,270)
t(270,269,268)
t(268,282,281)
t(279,179,270)
t(270,268,281)
t(280,279,270)
t(270,281,280)
</p>

<p>
c(166,208,248)
outline()
n(-0.849537,0.527511,0.004479)
p(16,181,180,283,284,285,286,287,288,289,290,291,292,293,294,295,296)
t(296,181,180)
t(180,283,284)
t(288,289,290)
t(290,291,292)
t(292,293,294)
t(294,295,296)
t(296,180,284)
t(287,288,290)
t(294,296,284)
t(286,287,290)
t(294,284,285)
t(286,290,292)
t(292,294,285)
t(285,286,292)
</p>

<p>
c(166,208,248)
outline()
n(0.849537,0.527511,0.004479)
p(16,178,179,297,298,299,300,301,302,303,304,305,306,307,308,309,310)
t(179,178,310)
t(310,309,308)
t(308,307,306)
t(306,305,304)
t(304,303,302)
t(298,297,179)
t(179,310,308)
t(306,304,302)
t(298,179,308)
t(306,302,301)
t(299,298,308)
t(306,301,300)
t(300,299,308)
t(308,306,300)
</p>

<p>
c(45,45,45)
outline()
n(-0.144848,0.885081,-0.442325)
p(23,182,181,296,295,294,311,312,313,314,315,316,317,318,319,320,321,322,323,324,325,326,233,232)
t(233,232,182)
t(294,311,312)
t(313,314,315)
t(315,316,317)
t(319,320,321)
t(325,326,233)
t(312,313,315)
t(325,233,182)
t(294,312,315)
t(324,325,182)
t(294,315,317)
t(323,324,182)
t(294,317,318)
t(323,182,181)
t(294,318,319)
t(322,323,181)
t(295,294,319)
t(321,322,181)
t(296,295,319)
t(319,321,181)
t(181,296,319)
</p>

<p>
c(45,45,45)
outline()
n(-0.144848,-0.885081,0.442325)
p(23,177,178,310,309,308,327,328,329,314,315,330,331,332,333,334,335,336,337,338,339,326,233,234)
t(233,234,177)
t(308,327,328)
t(329,314,315)
t(315,330,331)
t(333,334,335)
t(339,326,233)
t(328,329,315)
t(339,233,177)
t(308,328,315)
t(338,339,177)
t(308,315,331)
t(337,338,177)
t(308,331,332)
t(337,177,178)
t(308,332,333)
t(336,337,178)
t(309,308,333)
t(335,336,178)
t(310,309,333)
t(333,335,178)
t(178,310,333)
</p>

<p>
c(166,208,248)
n(-0.000000,-0.992666,0.120890)
p(16,294,293,292,340,341,342,306,307,308,327,328,329,314,313,312,311)
t(293,294,311)
t(311,312,313)
t(313,314,329)
t(329,328,327)
t(327,308,307)
t(307,306,342)
t(341,340,292)
t(292,293,311)
t(311,313,329)
t(329,327,307)
t(307,342,341)
t(341,292,311)
t(311,329,307)
t(307,341,311)
</p>

<p>
c(166,208,248)
n(0.000000,0.997131,0.075701)
p(14,292,291,290,343,344,345,346,347,304,305,306,342,341,340)
t(341,340,292)
t(291,290,343)
t(343,344,345)
t(345,346,347)
t(347,304,305)
t(305,306,342)
t(342,341,292)
t(292,291,343)
t(343,345,347)
t(347,305,342)
t(342,292,343)
t(343,347,342)
</p>

<p>
c(45,45,45)
outline()
n(-0.871829,0.479304,-0.100906)
p(3,348,276,275)
t(276,275,348)
</p>

<p>
c(45,45,45)
outline()
n(0.871829,0.479304,-0.100906)
p(3,349,279,278)
t(279,278,349)
</p>

<p>
c(45,45,45)
outline()
n(-0.889200,0.456801,0.025608)
p(16,276,348,350,351,352,353,354,355,289,288,287,286,285,284,283,180)
t(283,180,276)
t(348,350,351)
t(354,355,289)
t(288,287,286)
t(285,284,283)
t(283,276,348)
t(354,289,288)
t(285,283,348)
t(353,354,288)
t(285,348,351)
t(353,288,286)
t(286,285,351)
t(352,353,286)
t(286,351,352)
</p>

<p>
c(45,45,45)
outline()
n(0.889200,0.456801,0.025608)
p(16,278,179,297,298,299,300,301,302,303,356,357,358,359,360,361,349)
t(349,278,179)
t(297,298,299)
t(300,301,302)
t(302,303,356)
t(360,361,349)
t(349,179,297)
t(302,356,357)
t(360,349,297)
t(302,357,358)
t(360,297,299)
t(300,302,358)
t(359,360,299)
t(300,358,359)
t(359,299,300)
</p>

<p>
c(45,45,45)
outline()
n(0.160068,-0.381493,0.910407)
p(4,289,355,271,265)
t(355,289,265)
t(265,271,355)
</p>

<p>
c(45,45,45)
outline()
n(-0.160068,-0.381493,0.910407)
p(4,303,268,277,356)
t(268,303,356)
t(356,277,268)
</p>

<p>
c(94,159,255)
outline()
n(-0.803793,-0.584168,-0.112536)
p(5,362,363,268,303,364)
t(363,362,364)
t(364,303,268)
t(268,363,364)
</p>

<p>
c(94,159,255)
outline()
n(-0.803793,0.584168,0.112536)
p(5,365,366,265,289,367)
t(366,365,367)
t(367,289,265)
t(265,366,367)
</p>

<p>
c(94,159,255)
outline()
n(0.504275,-0.863117,-0.027115)
p(4,368,366,265,243)
t(366,368,243)
t(243,265,366)
</p>

<p>
c(94,159,255)
outline()
n(-0.504275,-0.863117,-0.027115)
p(4,369,363,268,236)
t(268,236,369)
t(369,363,268)
</p>

<p>
c(94,159,255)
outline()
n(-0.996135,0.087585,0.006632)
p(8,370,371,372,373,368,243,244,250)
t(244,250,370)
t(370,371,372)
t(372,373,368)
t(368,243,244)
t(244,370,372)
t(372,368,244)
</p>

<p>
c(94,159,255)
outline()
n(-0.996135,-0.087585,-0.006632)
p(8,374,375,376,377,369,236,237,252)
t(237,252,374)
t(374,375,376)
t(376,377,369)
t(369,236,237)
t(237,374,376)
t(376,369,237)
</p>

<p>
c(166,208,248)
outline()
n(-0.667873,-0.721204,-0.183874)
p(11,304,378,379,380,381,382,383,363,362,364,303)
t(378,304,303)
t(362,363,383)
t(383,382,381)
t(380,379,378)
t(378,303,364)
t(364,362,383)
t(383,381,380)
t(380,378,364)
t(364,383,380)
</p>

<p>
c(166,208,248)
outline()
n(-0.667873,0.721204,0.183874)
p(11,290,384,385,386,387,388,389,366,365,367,289)
t(384,290,289)
t(365,366,389)
t(389,388,387)
t(386,385,384)
t(384,289,367)
t(367,365,389)
t(389,387,386)
t(386,384,367)
t(367,389,386)
</p>

<p>
c(166,208,248)
outline()
n(-0.999869,-0.013684,0.008666)
p(9,390,372,371,370,250,254,260,391,392)
t(392,390,372)
t(370,250,254)
t(254,260,391)
t(391,392,372)
t(370,254,391)
t(391,372,371)
t(371,370,391)
</p>

<p>
c(166,208,248)
outline()
n(0.999869,-0.013684,0.008666)
p(9,393,376,375,374,252,256,264,394,395)
t(376,393,395)
t(394,264,256)
t(256,252,374)
t(375,376,395)
t(394,256,374)
t(374,375,395)
t(395,394,374)
</p>

<p>
c(166,208,248)
outline()
n(0.247060,-0.965177,-0.085989)
p(12,366,368,396,397,398,399,400,401,402,403,388,389)
t(368,366,389)
t(389,388,403)
t(402,401,400)
t(400,399,398)
t(397,396,368)
t(368,389,403)
t(403,402,400)
t(400,398,397)
t(397,368,403)
t(403,400,397)
</p>

<p>
c(166,208,248)
outline()
n(-0.247060,-0.965177,-0.085989)
p(12,363,369,404,405,406,407,408,409,410,411,382,383)
t(382,383,363)
t(363,369,404)
t(405,406,407)
t(407,408,409)
t(411,382,363)
t(363,404,405)
t(405,407,409)
t(410,411,363)
t(363,405,409)
t(409,410,363)
</p>

<p>
c(166,208,248)
outline()
n(-0.949004,0.312594,0.040955)
p(15,373,372,390,412,413,414,415,416,417,418,399,398,397,396,368)
t(396,368,373)
t(373,372,390)
t(415,416,417)
t(417,418,399)
t(399,398,397)
t(397,396,373)
t(373,390,412)
t(414,415,417)
t(417,399,397)
t(397,373,412)
t(414,417,397)
t(397,412,413)
t(413,414,397)
</p>

<p>
c(166,208,248)
outline()
n(0.949004,0.312594,0.040955)
p(15,377,376,393,419,420,421,422,423,424,425,407,406,405,404,369)
t(377,369,404)
t(404,405,406)
t(406,407,425)
t(425,424,423)
t(419,393,376)
t(376,377,404)
t(404,406,425)
t(425,423,422)
t(420,419,376)
t(404,425,422)
t(420,376,404)
t(404,422,421)
t(421,420,404)
</p>

<p>
c(35,35,35)
outline()
n(-0.119195,0.962648,0.243106)
p(9,426,427,428,429,430,431,432,433,434)
t(433,434,426)
t(426,427,428)
t(429,430,431)
t(431,432,433)
t(433,426,428)
t(428,429,431)
t(431,433,428)
</p>

<p>
c(35,35,35)
outline()
n(0.119195,0.962648,0.243106)
p(9,435,436,437,438,439,440,441,442,443)
t(442,443,435)
t(435,436,437)
t(437,438,439)
t(439,440,441)
t(441,442,435)
t(435,437,439)
t(439,441,435)
</p>

<p>
c(166,208,248)
outline()
n(-0.000000,-0.318881,0.947795)
p(16,439,304,347,346,345,344,343,290,431,430,444,445,446,447,448,440)
t(448,440,439)
t(439,304,347)
t(344,343,290)
t(290,431,430)
t(430,444,445)
t(447,448,439)
t(439,347,346)
t(344,290,430)
t(447,439,346)
t(344,430,445)
t(446,447,346)
t(345,344,445)
t(445,446,346)
t(346,345,445)
</p>

<p>
c(130,0,0)
light()
outline()
n(0.000000,0.000000,1.000000)
p(6,445,444,449,448,447,446)
t(446,445,444)
t(449,448,447)
t(447,446,444)
t(444,449,447)
</p>

<p>
c(45,45,45)
outline()
n(0.069351,-0.966864,-0.245690)
p(19,450,451,452,453,454,455,456,457,458,459,460,461,449,444,430,429,428,427,426)
t(451,450,426)
t(428,429,430)
t(444,449,461)
t(455,454,453)
t(453,452,451)
t(430,444,461)
t(456,455,453)
t(430,461,460)
t(456,453,451)
t(430,460,459)
t(457,456,451)
t(428,430,459)
t(457,451,426)
t(427,428,459)
t(457,426,427)
t(427,459,458)
t(458,457,427)
</p>

<p>
c(45,45,45)
outline()
n(-0.069351,-0.966864,-0.245690)
p(19,454,453,462,463,464,435,443,442,441,440,448,449,461,465,466,467,468,469,470)
t(453,454,470)
t(465,461,449)
t(448,440,441)
t(443,435,464)
t(464,463,462)
t(462,453,470)
t(466,465,449)
t(449,448,441)
t(442,443,464)
t(462,470,469)
t(466,449,441)
t(441,442,464)
t(464,462,469)
t(467,466,441)
t(464,469,468)
t(468,467,441)
t(441,464,468)
</p>

<p>
c(166,208,248)
outline()
n(0.363563,0.900798,0.237456)
p(10,431,290,384,385,386,387,426,434,433,432)
t(432,431,290)
t(290,384,385)
t(385,386,387)
t(387,426,434)
t(434,433,432)
t(432,290,385)
t(385,387,434)
t(434,432,385)
</p>

<p>
c(166,208,248)
outline()
n(-0.363563,0.900798,0.237456)
p(10,439,438,437,436,435,381,380,379,378,304)
t(378,304,439)
t(438,437,436)
t(436,435,381)
t(381,380,379)
t(378,439,438)
t(436,381,379)
t(379,378,438)
t(438,436,379)
</p>

<p>
c(166,208,248)
outline()
n(0.000000,-0.998524,-0.054309)
p(18,471,472,473,474,475,476,477,381,435,464,463,462,453,452,451,450,426,387)
t(472,471,387)
t(387,426,450)
t(464,435,381)
t(381,477,476)
t(476,475,474)
t(474,473,472)
t(472,387,450)
t(464,381,476)
t(476,474,472)
t(472,450,451)
t(463,464,476)
t(472,451,452)
t(462,463,476)
t(472,452,453)
t(453,462,476)
t(476,472,453)
</p>

<p>
c(166,208,248)
outline()
n(0.000000,-0.993199,-0.116432)
p(20,388,403,402,478,479,480,481,482,410,411,382,381,477,476,475,474,473,472,471,387)
t(403,388,387)
t(477,381,382)
t(382,411,410)
t(410,482,481)
t(480,479,478)
t(478,402,403)
t(403,387,471)
t(476,477,382)
t(382,410,481)
t(481,480,478)
t(478,403,471)
t(476,382,481)
t(478,471,472)
t(475,476,481)
t(481,478,472)
t(474,475,481)
t(481,472,473)
t(473,474,481)
</p>

<p>
c(166,208,248)
outline()
n(-0.004754,-0.969708,0.244219)
p(13,478,402,483,484,485,486,487,488,489,490,491,480,479)
t(479,480,491)
t(491,490,489)
t(487,486,485)
t(485,484,483)
t(478,479,491)
t(487,485,483)
t(478,491,489)
t(488,487,483)
t(402,478,489)
t(489,488,483)
t(483,402,489)
</p>

<p>
c(166,208,248)
outline()
n(0.004754,-0.969708,0.244219)
p(13,482,410,492,493,485,486,494,495,496,497,491,480,481)
t(492,493,485)
t(485,486,494)
t(496,497,491)
t(491,480,481)
t(492,485,494)
t(496,491,481)
t(492,494,495)
t(496,481,482)
t(410,492,495)
t(496,482,410)
t(410,495,496)
</p>

<p>
c(45,45,45)
outline()
n(0.000000,0.977952,-0.208829)
p(10,487,486,494,495,496,497,491,490,489,488)
t(489,488,487)
t(487,486,494)
t(494,495,496)
t(490,489,487)
t(494,496,497)
t(491,490,487)
t(487,494,497)
t(497,491,487)
</p>

<p>
c(45,45,45)
outline()
n(-0.000000,-0.992450,-0.122647)
p(14,402,478,479,480,481,482,410,409,498,499,500,501,502,401)
t(502,401,402)
t(482,410,409)
t(409,498,499)
t(500,501,502)
t(502,402,478)
t(481,482,409)
t(409,499,500)
t(500,502,478)
t(480,481,409)
t(500,478,479)
t(479,480,409)
t(409,500,479)
</p>

<p>
c(166,208,248)
outline()
n(-0.974239,-0.225518,0.000000)
p(4,260,259,503,504)
t(503,504,260)
t(260,259,503)
</p>

<p>
c(166,208,248)
outline()
n(0.974239,-0.225518,0.000000)
p(4,264,263,505,506)
t(263,264,506)
t(506,505,263)
</p>

<p>
c(166,208,248)
outline()
n(-0.995819,-0.065286,0.063890)
p(8,507,390,392,391,260,504,508,509)
t(509,507,390)
t(390,392,391)
t(391,260,504)
t(508,509,390)
t(391,504,508)
t(508,390,391)
</p>

<p>
c(166,208,248)
outline()
n(0.995819,-0.065286,0.063890)
p(8,510,393,395,394,264,506,511,512)
t(393,510,512)
t(511,506,264)
t(264,394,395)
t(395,393,512)
t(512,511,264)
t(264,395,512)
</p>

<p>
c(166,208,248)
outline()
n(1.000000,0.000000,0.000000)
p(11,513,416,415,414,413,412,390,507,514,515,516)
t(416,513,516)
t(514,507,390)
t(390,412,413)
t(413,414,415)
t(415,416,516)
t(514,390,413)
t(413,415,516)
t(515,514,413)
t(413,516,515)
</p>

<p>
c(166,208,248)
outline()
n(1.000000,0.000000,0.000000)
p(11,517,423,422,421,420,419,393,510,518,519,520)
t(423,517,520)
t(518,510,393)
t(393,419,420)
t(420,421,422)
t(422,423,520)
t(518,393,420)
t(420,422,520)
t(519,518,420)
t(420,520,519)
</p>

<p>
c(166,208,248)
outline()
n(-0.986017,-0.147072,-0.078359)
p(8,513,521,522,523,524,525,526,416)
t(526,416,513)
t(522,523,524)
t(524,525,526)
t(526,513,521)
t(521,522,524)
t(524,526,521)
</p>

<p>
c(166,208,248)
outline()
n(0.986017,-0.147072,-0.078359)
p(8,517,527,528,529,530,531,532,423)
t(527,517,423)
t(423,532,531)
t(531,530,529)
t(528,527,423)
t(531,529,528)
t(528,423,531)
</p>

<p>
c(166,208,248)
outline()
n(0.000000,0.000000,1.000000)
p(8,524,523,533,534,535,536,537,538)
</p>

<p>
c(166,208,248)
outline()
n(-0.000000,0.000000,1.000000)
p(8,530,529,539,540,541,542,543,544)
</p>

<p>
c(166,208,248)
outline()
n(0.000000,-0.984108,0.177568)
p(14,400,545,546,547,548,549,408,409,498,499,500,501,502,401)
t(545,400,401)
t(498,409,408)
t(408,549,548)
t(548,547,546)
t(546,545,401)
t(498,408,548)
t(546,401,502)
t(499,498,548)
t(546,502,501)
t(500,499,548)
t(548,546,501)
t(501,500,548)
</p>

<p>
c(130,0,0)
light()
outline()
n(0.375469,-0.484911,-0.789864)
p(8,545,400,399,418,550,551,552,553)
t(400,545,553)
t(553,552,551)
t(551,550,418)
t(418,399,400)
t(400,553,551)
t(551,418,400)
</p>

<p>
c(130,0,0)
light()
outline()
n(-0.375469,-0.484911,-0.789864)
p(8,549,408,407,425,554,555,556,557)
t(556,557,549)
t(408,407,425)
t(425,554,555)
t(555,556,549)
t(549,408,425)
t(425,555,549)
</p>

<p>
c(166,208,248)
outline()
n(0.000000,0.553566,0.832805)
p(12,553,552,558,559,560,556,557,549,548,547,546,545)
t(546,545,553)
t(553,552,558)
t(558,559,560)
t(560,556,557)
t(557,549,548)
t(547,546,553)
t(553,558,560)
t(560,557,548)
t(547,553,560)
t(560,548,547)
</p>

<p>
c(166,208,248)
outline()
n(-0.823536,-0.125033,-0.553313)
p(11,425,561,562,563,564,565,530,531,532,423,424)
t(561,425,424)
t(424,423,532)
t(531,530,565)
t(565,564,563)
t(562,561,424)
t(424,532,531)
t(531,565,563)
t(563,562,424)
t(424,531,563)
</p>

<p>
c(166,208,248)
outline()
n(0.823536,-0.125033,-0.553313)
p(11,418,566,567,568,569,570,524,525,526,416,417)
t(417,418,566)
t(567,568,569)
t(570,524,525)
t(526,416,417)
t(417,566,567)
t(567,569,570)
t(570,525,526)
t(526,417,567)
t(567,570,526)
</p>

<p>
c(166,208,248)
outline()
n(0.000000,-0.944852,0.327497)
p(10,571,556,560,559,558,552,572,573,574,575)
t(575,571,556)
t(556,560,559)
t(559,558,552)
t(552,572,573)
t(575,556,559)
t(559,552,573)
t(574,575,559)
t(559,573,574)
</p>

<p>
c(166,208,248)
outline()
n(-0.263585,0.570026,0.778199)
p(13,576,577,578,579,580,581,582,583,584,585,586,587,588)
t(577,576,588)
t(587,586,585)
t(585,584,583)
t(583,582,581)
t(578,577,588)
t(587,585,583)
t(583,581,580)
t(579,578,588)
t(587,583,580)
t(579,588,587)
t(587,580,579)
</p>

<p>
c(166,208,248)
outline()
n(0.263585,0.570026,0.778199)
p(13,589,590,591,592,593,594,595,596,597,598,599,600,601)
t(601,589,590)
t(594,595,596)
t(596,597,598)
t(598,599,600)
t(601,590,591)
t(593,594,596)
t(596,598,600)
t(600,601,591)
t(593,596,600)
t(600,591,592)
t(592,593,600)
</p>

<p>
c(166,208,248)
outline()
n(-0.183156,0.584026,0.790802)
p(16,566,567,602,603,604,605,606,607,608,584,585,586,587,588,576,418)
t(576,418,566)
t(566,567,602)
t(602,603,604)
t(605,606,607)
t(588,576,566)
t(602,604,605)
t(605,607,608)
t(587,588,566)
t(605,608,584)
t(587,566,602)
t(605,584,585)
t(586,587,602)
t(602,605,585)
t(585,586,602)
</p>

<p>
c(166,208,248)
outline()
n(0.183156,0.584026,0.790802)
p(16,561,562,609,610,611,612,606,607,613,597,598,599,600,601,589,425)
t(562,561,425)
t(425,589,601)
t(613,607,606)
t(612,611,610)
t(562,425,601)
t(597,613,606)
t(606,612,610)
t(562,601,600)
t(598,597,606)
t(609,562,600)
t(598,606,610)
t(609,600,599)
t(599,598,610)
t(610,609,599)
</p>

<p>
c(45,45,45)
outline()
n(0.021241,-0.999141,0.035588)
p(8,550,418,576,577,614,615,552,551)
t(552,551,550)
t(550,418,576)
t(576,577,614)
t(615,552,550)
t(550,576,614)
t(614,615,550)
</p>

<p>
c(45,45,45)
outline()
n(-0.021241,-0.999141,0.035588)
p(8,554,555,556,616,617,590,589,425)
t(589,425,554)
t(554,555,556)
t(616,617,590)
t(590,589,554)
t(554,556,616)
t(616,590,554)
</p>

<p>
c(166,208,248)
outline()
n(-0.577388,0.121278,0.807412)
p(4,614,615,583,582)
t(615,614,582)
t(582,583,615)
</p>

<p>
c(166,208,248)
outline()
n(0.577388,0.121278,0.807412)
p(4,617,595,596,616)
t(595,617,616)
t(616,596,595)
</p>

<p>
c(25,25,25)
outline()
n(0.434550,-0.303483,-0.847977)
p(7,578,577,614,582,581,580,579)
t(580,579,578)
t(578,577,614)
t(614,582,581)
t(581,580,578)
t(578,614,581)
</p>

<p>
c(25,25,25)
outline()
n(-0.434550,-0.303483,-0.847977)
p(7,591,592,593,594,595,617,590)
t(617,590,591)
t(591,592,593)
t(593,594,595)
t(595,617,591)
t(591,593,595)
</p>

<p>
c(45,45,45)
outline()
n(0.000000,1.000000,0.000000)
p(6,618,619,620,621,622,623)
t(622,623,618)
t(618,619,620)
t(620,621,622)
t(622,618,620)
</p>

<p>
c(45,45,45)
outline()
n(0.028704,-0.999530,-0.010763)
p(6,624,625,626,627,628,629)
t(625,624,629)
t(629,628,627)
t(627,626,625)
t(625,629,627)
</p>

<p>
c(45,45,45)
outline()
n(0.029571,-0.999317,-0.022147)
p(6,630,631,632,633,634,635)
t(631,630,635)
t(635,634,633)
t(633,632,631)
t(631,635,633)
</p>

<p>
c(45,45,45)
outline()
n(-0.079618,0.975755,0.203871)
p(6,636,637,587,638,639,640)
t(639,640,636)
t(636,637,587)
t(587,638,639)
t(639,636,587)
</p>

<p>
c(45,45,45)
outline()
n(0.000000,1.000000,0.000000)
p(6,641,642,643,644,645,646)
t(642,641,646)
t(646,645,644)
t(644,643,642)
t(642,646,644)
</p>

<p>
c(45,45,45)
outline()
n(-0.028704,-0.999530,-0.010763)
p(6,647,648,649,650,651,652)
t(651,652,647)
t(647,648,649)
t(649,650,651)
t(651,647,649)
</p>

<p>
c(45,45,45)
outline()
n(-0.029571,-0.999317,-0.022147)
p(6,653,654,655,656,657,658)
t(657,658,653)
t(653,654,655)
t(655,656,657)
t(657,653,655)
</p>

<p>
c(45,45,45)
outline()
n(0.079618,0.975755,0.203871)
p(6,659,660,600,661,662,663)
t(660,659,663)
t(663,662,661)
t(661,600,660)
t(660,663,661)
</p>

<p>
c(166,208,248)
outline()
n(0.000000,-0.137395,-0.990516)
p(10,572,664,665,666,667,668,571,575,574,573)
t(664,572,573)
t(574,575,571)
t(571,668,667)
t(667,666,665)
t(665,664,573)
t(573,574,571)
t(571,667,665)
t(665,573,571)
</p>

<p>
c(166,208,248)
outline()
n(-0.000000,0.495053,0.868863)
p(16,572,669,670,671,672,673,674,675,676,677,571,668,667,666,665,664)
t(664,572,669)
t(669,670,671)
t(671,672,673)
t(673,674,675)
t(675,676,677)
t(677,571,668)
t(665,664,669)
t(671,673,675)
t(675,677,668)
t(665,669,671)
t(675,668,667)
t(666,665,671)
t(671,675,667)
t(667,666,671)
</p>

<p>
c(166,208,248)
outline()
n(-0.000000,0.418505,0.908214)
p(20,584,583,615,572,669,670,671,672,673,674,675,676,677,571,616,596,597,613,607,608)
t(583,584,608)
t(607,613,597)
t(597,596,616)
t(616,571,677)
t(670,669,572)
t(572,615,583)
t(583,608,607)
t(597,616,677)
t(670,572,583)
t(583,607,597)
t(597,677,676)
t(671,670,583)
t(597,676,675)
t(672,671,583)
t(597,675,674)
t(673,672,583)
t(583,597,674)
t(674,673,583)
</p>

<p>
c(166,208,248)
outline()
n(0.456699,0.633655,-0.624426)
p(11,524,538,537,536,678,679,680,681,682,569,570)
t(538,524,570)
t(570,569,682)
t(682,681,680)
t(678,536,537)
t(537,538,570)
t(682,680,679)
t(679,678,537)
t(537,570,682)
t(682,679,537)
</p>

<p>
c(166,208,248)
outline()
n(-0.456699,0.633655,-0.624426)
p(11,530,544,543,542,683,684,685,686,687,564,565)
t(564,565,530)
t(530,544,543)
t(543,542,683)
t(684,685,686)
t(687,564,530)
t(530,543,683)
t(684,686,687)
t(687,530,683)
t(683,684,687)
</p>

<p>
c(166,208,248)
outline()
n(-0.000000,-0.926156,-0.377141)
p(22,567,568,688,689,690,691,692,693,694,695,696,563,562,609,610,611,612,606,605,604,603,602)
t(568,567,602)
t(604,605,606)
t(606,612,611)
t(609,562,563)
t(695,694,693)
t(692,691,690)
t(688,568,602)
t(610,609,563)
t(695,693,692)
t(692,690,689)
t(689,688,603)
t(610,563,695)
t(689,603,604)
t(611,610,695)
t(692,689,604)
t(611,695,692)
t(692,604,606)
t(606,611,692)
</p>

<p>
c(35,35,35)
outline()
n(0.397558,0.136831,-0.907317)
p(6,569,682,681,689,688,568)
t(682,569,568)
t(568,688,689)
t(689,681,682)
t(682,568,689)
</p>

<p>
c(35,35,35)
outline()
n(-0.397558,0.136831,-0.907317)
p(6,564,563,696,695,686,687)
t(563,564,687)
t(687,686,695)
t(695,696,563)
t(563,687,695)
</p>

<p>
c(166,208,248)
outline()
n(-0.000000,0.930322,-0.366743)
p(20,680,697,698,699,700,701,702,703,704,705,685,686,695,694,693,692,691,690,689,681)
t(697,680,681)
t(689,690,691)
t(692,693,694)
t(695,686,685)
t(705,704,703)
t(699,698,697)
t(697,681,689)
t(689,691,692)
t(692,694,695)
t(695,685,705)
t(699,697,689)
t(695,705,703)
t(700,699,689)
t(692,695,703)
t(700,689,692)
t(692,703,702)
t(701,700,692)
t(692,702,701)
</p>

<p>
c(45,45,45)
outline()
n(-0.100576,-0.808123,0.580363)
p(24,701,700,699,698,697,680,679,678,536,706,707,708,709,710,711,712,713,714,715,716,717,718,719,720)
t(719,720,701)
t(701,700,699)
t(699,698,697)
t(697,680,679)
t(679,678,536)
t(536,706,707)
t(713,714,715)
t(718,719,701)
t(701,699,697)
t(679,536,707)
t(713,715,716)
t(718,701,697)
t(679,707,708)
t(712,713,716)
t(697,679,708)
t(712,716,717)
t(697,708,709)
t(711,712,717)
t(697,709,710)
t(711,717,718)
t(718,697,710)
t(710,711,718)
</p>

<p>
c(45,45,45)
outline()
n(0.100576,-0.808123,0.580363)
p(24,701,702,703,704,705,685,684,683,542,721,722,723,724,725,726,727,728,714,715,729,730,731,732,720)
t(702,701,720)
t(729,715,714)
t(722,721,542)
t(542,683,684)
t(684,685,705)
t(705,704,703)
t(703,702,720)
t(729,714,728)
t(722,542,684)
t(703,720,732)
t(730,729,728)
t(723,722,684)
t(703,732,731)
t(731,730,728)
t(724,723,684)
t(705,703,731)
t(731,728,727)
t(725,724,684)
t(731,727,726)
t(725,684,705)
t(731,726,725)
t(725,705,731)
</p>

<p>
c(140,0,0)
outline()
n(0.000000,0.707107,-0.707107)
p(10,719,718,717,733,734,735,730,731,732,720)
t(732,731,730)
t(733,717,718)
t(720,732,730)
t(734,733,718)
t(719,720,730)
t(735,734,718)
t(718,719,730)
t(730,735,718)
</p>

<p>
c(15,15,15)
outline()
n(0.000000,0.800000,-0.600000)
p(8,717,716,715,729,730,735,734,733)
t(716,717,733)
t(735,730,729)
t(715,716,733)
t(734,735,729)
t(729,715,733)
t(733,734,729)
</p>

<p>
c(45,45,45)
outline()
n(-0.867715,0.493875,-0.056207)
p(5,706,736,737,708,707)
t(736,706,707)
t(707,708,737)
t(737,736,707)
</p>

<p>
c(45,45,45)
outline()
n(0.867715,0.493875,-0.056207)
p(5,721,722,723,738,739)
t(722,721,739)
t(739,738,723)
t(723,722,739)
</p>

<p>
c(45,45,45)
outline()
n(0.619356,0.729715,-0.289679)
p(5,711,740,741,713,712)
t(740,711,712)
t(712,713,741)
t(741,740,712)
</p>

<p>
c(45,45,45)
outline()
n(-0.619356,0.729715,-0.289679)
p(5,726,727,728,742,743)
t(727,726,743)
t(743,742,728)
t(728,727,743)
</p>

<p>
c(45,45,45)
outline()
n(0.037726,-0.987554,0.152690)
p(6,708,737,740,711,710,709)
t(710,709,708)
t(708,737,740)
t(740,711,710)
t(710,708,740)
</p>

<p>
c(45,45,45)
outline()
n(-0.037726,-0.987554,0.152690)
p(6,723,724,725,726,743,738)
t(743,738,723)
t(723,724,725)
t(725,726,743)
t(743,723,725)
</p>

<p>
c(45,45,45)
outline()
n(0.000000,1.000000,0.000000)
p(5,713,741,742,728,714)
t(741,713,714)
t(714,728,742)
t(742,741,714)
</p>

<p>
glass()
n(-0.138043,0.874472,-0.465019)
p(12,315,326,325,324,323,322,321,320,319,318,317,316)
t(316,315,326)
t(326,325,324)
t(324,323,322)
t(322,321,320)
t(320,319,318)
t(318,317,316)
t(316,326,324)
t(324,322,320)
t(320,318,316)
t(316,324,320)
</p>

<p>
glass()
n(-0.138043,-0.874472,0.465019)
p(12,339,326,315,330,331,332,333,334,335,336,337,338)
t(326,339,338)
t(338,337,336)
t(336,335,334)
t(334,333,332)
t(332,331,330)
t(330,315,326)
t(326,338,336)
t(336,334,332)
t(332,330,326)
t(326,336,332)
</p>

<p>
glass()
outline()
n(-0.850260,0.526012,0.019204)
p(10,348,275,274,273,272,354,353,352,351,350)
t(350,348,275)
t(275,274,273)
t(273,272,354)
t(354,353,352)
t(352,351,350)
t(350,275,273)
t(273,354,352)
t(352,350,273)
</p>

<p>
glass()
outline()
n(0.859062,-0.502335,-0.098347)
p(4,272,271,355,354)
t(271,272,354)
t(354,355,271)
</p>

<p>
glass()
outline()
n(0.850260,0.526012,0.019204)
p(10,349,361,360,359,358,357,282,281,280,279)
t(280,279,349)
t(361,360,359)
t(359,358,357)
t(357,282,281)
t(281,280,349)
t(349,361,359)
t(359,357,281)
t(281,349,359)
</p>

<p>
glass()
outline()
n(-0.859062,-0.502335,-0.098347)
p(4,282,357,356,277)
t(357,282,277)
t(277,356,357)
</p>

<p>
glass()
outline()
n(0.000000,0.967734,0.251974)
p(14,460,459,458,457,456,455,454,470,469,468,467,466,465,461)
t(461,460,459)
t(459,458,457)
t(457,456,455)
t(455,454,470)
t(470,469,468)
t(468,467,466)
t(466,465,461)
t(461,459,457)
t(457,455,470)
t(470,468,466)
t(466,461,457)
t(457,470,466)
</p>

<p>
c(45,45,45)
outline()
n(0.000000,-0.996119,-0.088014)
p(15,143,142,141,140,152,151,150,149,148,144,145,146,147,744,745)
t(745,143,142)
t(142,141,140)
t(140,152,151)
t(151,150,149)
t(149,148,144)
t(144,145,146)
t(146,147,744)
t(744,745,142)
t(142,140,151)
t(151,149,144)
t(144,146,744)
t(744,142,151)
t(151,144,744)
</p>

<p>
c(45,45,45)
outline()
n(0.000000,1.000000,0.000000)
p(4,746,745,744,747)
t(745,746,747)
t(747,744,745)
</p>

<p>
c(45,45,45)
outline()
n(0.000000,-1.000000,0.000000)
p(12,258,257,746,747,261,262,263,505,748,749,503,259)
t(258,257,746)
t(747,261,262)
t(263,505,748)
t(749,503,259)
t(259,258,746)
t(746,747,262)
t(262,263,748)
t(748,749,259)
t(259,746,262)
t(262,748,259)
</p>

<p>
c(45,45,45)
outline()
n(-0.000000,-0.997387,0.072240)
p(8,740,737,749,748,738,743,742,741)
t(742,741,740)
t(740,737,749)
t(749,748,738)
t(743,742,740)
t(749,738,743)
t(743,740,749)
</p>

