v(0.000000,0.950000,170.050000)
v(33.915000,0.000000,169.100000)
v(32.917500,7.600000,166.250000)
v(0.000000,7.600000,167.200000)
v(-32.917500,7.600000,166.250000)
v(-33.915000,0.000000,169.100000)
v(31.920000,10.450000,165.300000)
v(0.000000,10.450000,165.300000)
v(-31.920000,10.450000,165.300000)
v(32.917500,24.700000,146.300000)
v(0.000000,24.700000,146.300000)
v(-32.917500,24.700000,146.300000)
v(43.890000,-0.950000,168.150000)
v(49.875000,-1.900000,164.350000)
v(51.870000,5.700000,161.500000)
v(44.887500,6.650000,164.350000)
v(64.837500,-15.200000,135.850000)
v(68.827500,-13.300000,135.850000)
v(57.855000,-5.700000,156.750000)
v(67.830000,-18.050000,126.350000)
v(72.817500,-22.800000,94.050000)
v(75.810000,-20.900000,94.050000)
v(70.822500,-16.150000,127.300000)
v(68.827500,0.000000,138.700000)
v(58.852500,3.800000,154.850000)
v(76.807500,-17.100000,94.050000)
v(75.810000,-11.400000,110.200000)
v(72.817500,0.000000,121.600000)
v(56.857500,24.700000,144.400000)
v(49.875000,19.000000,155.800000)
v(35.910000,10.450000,164.350000)
v(50.872500,17.100000,155.800000)
v(59.850000,24.700000,139.650000)
v(64.837500,23.750000,124.450000)
v(-43.890000,-0.950000,168.150000)
v(-49.875000,-1.900000,164.350000)
v(-51.870000,5.700000,161.500000)
v(-44.887500,6.650000,164.350000)
v(-64.837500,-15.200000,135.850000)
v(-68.827500,-13.300000,135.850000)
v(-57.855000,-5.700000,156.750000)
v(-67.830000,-18.050000,126.350000)
v(-72.817500,-22.800000,94.050000)
v(-75.810000,-20.900000,94.050000)
v(-70.822500,-16.150000,127.300000)
v(-68.827500,0.000000,138.700000)
v(-58.852500,3.800000,154.850000)
v(-76.807500,-17.100000,94.050000)
v(-75.810000,-11.400000,110.200000)
v(-72.817500,0.000000,121.600000)
v(-56.857500,24.700000,144.400000)
v(-49.875000,19.000000,155.800000)
v(-35.910000,10.450000,164.350000)
v(-50.872500,17.100000,155.800000)
v(-59.850000,24.700000,139.650000)
v(-64.837500,23.750000,124.450000)
v(0.000000,-2.850000,163.400000)
v(33.915000,-2.850000,163.400000)
v(-33.915000,-2.850000,163.400000)
v(33.915000,-12.350000,140.600000)
v(33.915000,-16.150000,126.350000)
v(-33.915000,-16.150000,126.350000)
v(-33.915000,-12.350000,140.600000)
v(29.925000,-19.950000,124.450000)
v(-29.925000,-19.950000,124.450000)
v(34.912500,-21.850000,83.600000)
v(-34.912500,-21.850000,83.600000)
v(37.905000,-22.800000,60.800000)
v(0.000000,-22.800000,66.500000)
v(-37.905000,-22.800000,60.800000)
v(36.907500,-13.300000,138.700000)
v(53.865000,-14.250000,137.750000)
v(58.852500,-12.350000,142.500000)
v(49.875000,-4.750000,160.550000)
v(43.890000,-2.850000,163.400000)
v(72.817500,-22.800000,43.700000)
v(69.825000,-22.800000,40.850000)
v(69.825000,-22.800000,42.750000)
v(53.865000,-22.800000,57.000000)
v(-36.907500,-13.300000,138.700000)
v(-53.865000,-14.250000,137.750000)
v(-58.852500,-12.350000,142.500000)
v(-49.875000,-4.750000,160.550000)
v(-43.890000,-2.850000,163.400000)
v(-72.817500,-22.800000,43.700000)
v(-69.825000,-22.800000,40.850000)
v(-69.825000,-22.800000,42.750000)
v(-53.865000,-22.800000,57.000000)
v(45.885000,-43.700000,5.700000)
v(23.940000,-43.700000,16.150000)
v(0.000000,-44.650000,18.050000)
v(46.882500,-43.700000,2.850000)
v(69.825000,-21.850000,37.050000)
v(46.882500,-43.700000,0.950000)
v(46.882500,-42.750000,-33.250000)
v(69.825000,-21.850000,-41.800000)
v(69.825000,-21.850000,-43.700000)
v(72.817500,-21.850000,-43.700000)
v(76.807500,-19.950000,47.500000)
v(76.807500,-19.950000,-43.700000)
v(46.882500,-42.750000,-35.150000)
v(44.887500,-42.750000,-38.000000)
v(68.827500,-21.850000,-52.250000)
v(-45.885000,-43.700000,5.700000)
v(-23.940000,-43.700000,16.150000)
v(-46.882500,-43.700000,2.850000)
v(-69.825000,-21.850000,37.050000)
v(-46.882500,-43.700000,0.950000)
v(-46.882500,-42.750000,-33.250000)
v(-69.825000,-21.850000,-41.800000)
v(-69.825000,-21.850000,-43.700000)
v(-72.817500,-21.850000,-43.700000)
v(-76.807500,-19.950000,47.500000)
v(-76.807500,-19.950000,-43.700000)
v(-46.882500,-42.750000,-35.150000)
v(-44.887500,-42.750000,-38.000000)
v(-68.827500,-21.850000,-52.250000)
v(0.000000,-44.650000,-38.000000)
v(48.877500,-31.350000,-110.200000)
v(0.000000,-32.300000,-110.200000)
v(-48.877500,-31.350000,-110.200000)
v(64.837500,-24.700000,-69.350000)
v(73.815000,-31.350000,-113.050000)
v(73.815000,-29.450000,-96.900000)
v(73.815000,-25.650000,-80.750000)
v(78.802500,-27.550000,-113.050000)
v(78.802500,-25.650000,-96.900000)
v(77.805000,-21.850000,-80.750000)
v(69.825000,-28.500000,-139.650000)
v(56.857500,-23.750000,-166.250000)
v(65.835000,-21.850000,-160.550000)
v(73.815000,-25.650000,-139.650000)
v(48.877500,-25.650000,-167.200000)
v(48.877500,-29.450000,-139.650000)
v(-64.837500,-24.700000,-69.350000)
v(-73.815000,-31.350000,-113.050000)
v(-73.815000,-29.450000,-96.900000)
v(-73.815000,-25.650000,-80.750000)
v(-78.802500,-27.550000,-113.050000)
v(-78.802500,-25.650000,-96.900000)
v(-77.805000,-21.850000,-80.750000)
v(-69.825000,-28.500000,-139.650000)
v(-56.857500,-23.750000,-166.250000)
v(-65.835000,-21.850000,-160.550000)
v(-73.815000,-25.650000,-139.650000)
v(-48.877500,-25.650000,-167.200000)
v(-48.877500,-29.450000,-139.650000)
v(0.000000,-25.650000,-167.200000)
v(52.867500,-27.550000,-174.800000)
v(48.877500,-28.500000,-174.800000)
v(0.000000,-28.500000,-174.800000)
v(-48.877500,-28.500000,-174.800000)
v(-52.867500,-27.550000,-174.800000)
v(57.855000,-22.800000,-172.900000)
v(60.847500,-20.900000,-168.150000)
v(-57.855000,-22.800000,-172.900000)
v(-60.847500,-20.900000,-168.150000)
v(76.807500,-17.100000,47.500000)
v(76.807500,-17.100000,56.050000)
v(75.810000,6.650000,56.050000)
v(75.810000,6.650000,62.700000)
v(76.807500,-11.400000,76.950000)
v(74.812500,13.300000,61.750000)
v(74.812500,13.300000,56.050000)
v(74.812500,14.250000,-31.350000)
v(75.810000,14.250000,-78.850000)
v(73.815000,20.900000,-78.850000)
v(72.817500,20.900000,61.750000)
v(71.820000,26.600000,-78.850000)
v(70.822500,26.600000,61.750000)
v(71.820000,-22.800000,94.050000)
v(75.810000,6.650000,-36.100000)
v(76.807500,1.900000,-38.000000)
v(76.807500,0.000000,47.500000)
v(73.815000,0.000000,-38.950000)
v(73.815000,-15.200000,-43.700000)
v(76.807500,-17.100000,-43.700000)
v(79.800000,-21.850000,-112.100000)
v(79.800000,-12.350000,-89.300000)
v(77.805000,6.650000,-79.800000)
v(77.805000,1.900000,-74.100000)
v(78.802500,-17.100000,-75.050000)
v(75.810000,-19.950000,-139.650000)
v(77.805000,-14.250000,-133.000000)
v(73.815000,-3.800000,-141.550000)
v(64.837500,12.350000,-145.350000)
v(61.845000,12.350000,-152.000000)
v(66.832500,-5.700000,-156.750000)
v(59.850000,-10.450000,-169.100000)
v(56.857500,11.400000,-154.850000)
v(-76.807500,-17.100000,47.500000)
v(-76.807500,-17.100000,56.050000)
v(-75.810000,6.650000,56.050000)
v(-75.810000,6.650000,62.700000)
v(-76.807500,-11.400000,76.950000)
v(-74.812500,13.300000,61.750000)
v(-74.812500,13.300000,56.050000)
v(-74.812500,14.250000,-31.350000)
v(-75.810000,14.250000,-78.850000)
v(-73.815000,20.900000,-78.850000)
v(-72.817500,20.900000,61.750000)
v(-71.820000,26.600000,-78.850000)
v(-70.822500,26.600000,61.750000)
v(-71.820000,-22.800000,94.050000)
v(-75.810000,6.650000,-36.100000)
v(-76.807500,1.900000,-38.000000)
v(-76.807500,0.000000,47.500000)
v(-73.815000,0.000000,-38.950000)
v(-73.815000,-15.200000,-43.700000)
v(-76.807500,-17.100000,-43.700000)
v(-79.800000,-21.850000,-112.100000)
v(-79.800000,-12.350000,-89.300000)
v(-77.805000,6.650000,-79.800000)
v(-77.805000,1.900000,-74.100000)
v(-78.802500,-17.100000,-75.050000)
v(-75.810000,-19.950000,-139.650000)
v(-77.805000,-14.250000,-133.000000)
v(-73.815000,-3.800000,-141.550000)
v(-64.837500,12.350000,-145.350000)
v(-61.845000,12.350000,-152.000000)
v(-66.832500,-5.700000,-156.750000)
v(-59.850000,-10.450000,-169.100000)
v(-56.857500,11.400000,-154.850000)
v(57.855000,-10.450000,-169.100000)
v(54.862500,-23.750000,-173.850000)
v(49.875000,-25.650000,-173.850000)
v(28.927500,-25.650000,-173.850000)
v(0.000000,-25.650000,-173.850000)
v(-28.927500,-25.650000,-173.850000)
v(-49.875000,-25.650000,-173.850000)
v(-54.862500,-23.750000,-173.850000)
v(-57.855000,-10.450000,-169.100000)
v(28.927500,-10.450000,-169.100000)
v(-28.927500,-10.450000,-169.100000)
v(0.000000,-10.450000,-169.100000)
v(45.885000,23.750000,124.450000)
v(45.885000,26.600000,61.750000)
v(-45.885000,26.600000,61.750000)
v(-45.885000,23.750000,124.450000)
v(45.885000,26.600000,-78.850000)
v(-45.885000,26.600000,-78.850000)
v(45.885000,12.350000,-145.350000)
v(-45.885000,12.350000,-145.350000)

<p>
c(116,61,198)
outline()
n(0.000000,-0.361952,-0.932197)
p(6,0,1,2,3,4,5)
t(0,5,4)
t(3,2,1)
t(1,0,4)
t(4,3,1)
</p>

<p>
c(116,61,198)
outline()
n(-0.000000,0.420466,0.907308)
p(6,3,2,6,7,8,4)
t(8,4,3)
t(3,2,6)
t(7,8,3)
t(3,6,7)
</p>

<p>
c(30,30,30)
outline()
n(0.000000,0.800000,0.600000)
p(6,7,6,9,10,11,8)
t(11,8,7)
t(7,6,9)
t(10,11,7)
t(7,9,10)
</p>

<p>
c(116,61,198)
outline()
n(-0.269034,-0.357296,-0.894405)
p(6,1,12,13,14,15,2)
t(12,1,2)
t(15,14,13)
t(13,12,2)
t(2,15,13)
</p>

<p>
c(125,138,255)
outline()
n(0.180930,-0.864528,0.468888)
p(4,13,16,17,18)
t(17,18,13)
t(13,16,17)
</p>

<p>
c(125,138,255)
outline()
n(0.449306,-0.864293,0.226100)
p(6,16,19,20,21,22,17)
t(22,17,16)
t(19,20,21)
t(21,22,16)
t(16,19,21)
</p>

<p>
c(116,61,198)
outline()
n(-0.819248,0.055303,-0.570767)
p(6,13,18,17,23,24,14)
t(18,13,14)
t(14,24,23)
t(23,17,18)
t(18,14,23)
</p>

<p>
c(116,61,198)
outline()
n(-0.977597,0.079213,-0.195013)
p(7,17,22,21,25,26,27,23)
t(22,17,23)
t(23,27,26)
t(26,25,21)
t(21,22,23)
t(23,26,21)
</p>

<p>
c(116,61,198)
outline()
n(0.002853,0.806948,0.590616)
p(5,6,9,28,29,30)
t(9,6,30)
t(30,29,28)
t(28,9,30)
</p>

<p>
c(116,61,198)
outline()
n(0.254877,0.455104,0.853181)
p(7,2,6,30,29,31,14,15)
t(6,2,15)
t(15,14,31)
t(31,29,30)
t(30,6,15)
t(15,31,30)
</p>

<p>
c(116,61,198)
outline()
n(0.786675,0.304967,0.536784)
p(7,29,31,14,24,23,32,28)
t(32,28,29)
t(31,14,24)
t(24,23,32)
t(32,29,31)
t(31,24,32)
</p>

<p>
c(116,61,198)
outline()
n(-0.920708,-0.303643,-0.245150)
p(4,32,23,27,33)
t(23,32,33)
t(33,27,23)
</p>

<p>
c(116,61,198)
outline()
n(0.269034,-0.357296,-0.894405)
p(6,5,34,35,36,37,4)
t(37,4,5)
t(5,34,35)
t(35,36,37)
t(37,5,35)
</p>

<p>
c(125,138,255)
outline()
n(-0.180930,-0.864528,0.468888)
p(4,35,38,39,40)
t(38,35,40)
t(40,39,38)
</p>

<p>
c(125,138,255)
outline()
n(-0.449306,-0.864293,0.226100)
p(6,38,41,42,43,44,39)
t(41,38,39)
t(44,43,42)
t(42,41,39)
t(39,44,42)
</p>

<p>
c(116,61,198)
outline()
n(0.819248,0.055303,-0.570767)
p(6,35,40,39,45,46,36)
t(46,36,35)
t(35,40,39)
t(39,45,46)
t(46,35,39)
</p>

<p>
c(116,61,198)
outline()
n(0.977597,0.079213,-0.195013)
p(7,39,44,43,47,48,49,45)
t(49,45,39)
t(39,44,43)
t(43,47,48)
t(48,49,39)
t(39,43,48)
</p>

<p>
c(116,61,198)
outline()
n(-0.002853,0.806948,0.590616)
p(5,8,11,50,51,52)
t(51,52,8)
t(8,11,50)
t(50,51,8)
</p>

<p>
c(116,61,198)
outline()
n(-0.254877,0.455104,0.853181)
p(7,4,8,52,51,53,36,37)
t(36,37,4)
t(4,8,52)
t(52,51,53)
t(53,36,4)
t(4,52,53)
</p>

<p>
c(116,61,198)
outline()
n(0.786675,-0.304967,-0.536784)
p(7,51,53,36,46,45,54,50)
t(54,50,51)
t(53,36,46)
t(46,45,54)
t(54,51,53)
t(53,46,54)
</p>

<p>
c(116,61,198)
outline()
n(0.920708,-0.303643,-0.245150)
p(4,54,45,49,55)
t(49,55,54)
t(54,45,49)
</p>

<p>
c(116,61,198)
outline()
n(0.000000,0.882652,-0.470027)
p(6,56,57,1,0,5,58)
t(56,58,5)
t(5,0,1)
t(1,57,56)
t(56,5,1)
</p>

<p>
c(116,61,198)
outline()
n(0.000000,0.938460,-0.345389)
p(7,56,57,59,60,61,62,58)
t(62,58,56)
t(56,57,59)
t(59,60,61)
t(61,62,56)
t(56,59,61)
</p>

<p>
c(30,30,30)
outline()
n(0.000000,-0.447214,0.894427)
p(4,60,63,64,61)
t(63,60,61)
t(61,64,63)
</p>

<p>
c(116,61,198)
outline()
n(0.655892,-0.746077,0.114781)
p(3,60,63,65)
t(63,65,60)
</p>

<p>
c(116,61,198)
outline()
n(-0.655892,-0.746077,0.114781)
p(3,61,64,66)
t(64,61,66)
</p>

<p>
c(116,61,198)
outline()
n(0.000000,0.998946,-0.045907)
p(7,63,65,67,68,69,66,64)
t(66,64,63)
t(65,67,68)
t(68,69,66)
t(66,63,65)
t(65,68,66)
</p>

<p>
c(255,255,255)
light()
outline()
n(-0.030838,-0.921324,0.387571)
p(7,57,59,70,71,72,73,74)
t(73,74,57)
t(57,59,70)
t(70,71,72)
t(72,73,57)
t(57,70,72)
</p>

<p>
c(125,138,255)
outline()
n(-0.008183,-0.913776,0.406136)
p(9,57,74,73,72,71,16,13,12,1)
t(12,1,57)
t(72,71,16)
t(13,12,57)
t(73,72,16)
t(13,57,74)
t(73,16,13)
t(13,74,73)
</p>

<p>
c(125,138,255)
outline()
n(-0.025128,-0.995597,0.090307)
p(13,70,71,16,19,20,75,76,77,78,67,65,60,59)
t(70,59,60)
t(60,65,67)
t(77,76,75)
t(75,20,19)
t(19,16,71)
t(71,70,60)
t(60,67,78)
t(78,77,75)
t(75,19,71)
t(71,60,78)
t(78,75,71)
</p>

<p>
c(255,255,255)
light()
outline()
n(0.030838,-0.921324,0.387571)
p(7,58,62,79,80,81,82,83)
t(62,58,83)
t(83,82,81)
t(81,80,79)
t(79,62,83)
t(83,81,79)
</p>

<p>
c(125,138,255)
outline()
n(0.008183,-0.913776,0.406136)
p(9,58,83,82,81,80,38,35,34,5)
t(83,58,5)
t(5,34,35)
t(38,80,81)
t(82,83,5)
t(35,38,81)
t(82,5,35)
t(35,81,82)
</p>

<p>
c(125,138,255)
outline()
n(0.025128,-0.995597,0.090307)
p(13,79,80,38,41,42,84,85,86,87,69,66,61,62)
t(61,62,79)
t(79,80,38)
t(38,41,42)
t(42,84,85)
t(87,69,66)
t(66,61,79)
t(79,38,42)
t(42,85,86)
t(86,87,66)
t(66,79,42)
t(42,86,66)
</p>

<p>
glass()
n(0.122199,-0.912356,0.390736)
p(7,68,67,78,77,88,89,90)
t(67,68,90)
t(89,88,77)
t(77,78,67)
t(67,90,89)
t(89,77,67)
</p>

<p>
c(125,138,255)
outline()
n(0.525263,-0.839449,0.139372)
p(4,77,88,91,76)
t(91,76,77)
t(77,88,91)
</p>

<p>
c(125,138,255)
outline()
n(-0.778872,0.613970,0.128057)
p(4,91,76,92,93)
t(92,93,91)
t(91,76,92)
</p>

<p>
glass()
outline()
n(-0.682847,0.730555,0.003236)
p(4,92,93,94,95)
t(93,92,95)
t(95,94,93)
</p>

<p>
c(125,138,255)
outline()
n(0.077305,0.996977,0.007794)
p(6,76,92,95,96,97,75)
t(92,76,75)
t(75,97,96)
t(95,92,75)
t(75,96,95)
</p>

<p>
c(125,138,255)
outline()
n(0.517180,-0.855865,-0.004459)
p(4,75,98,99,97)
t(98,75,97)
t(97,99,98)
</p>

<p>
c(125,138,255)
outline()
n(-0.673434,0.739247,-0.000000)
p(4,95,96,100,94)
t(100,94,95)
t(95,96,100)
</p>

<p>
c(125,138,255)
outline()
n(-0.628357,0.769157,0.116471)
p(4,96,100,101,102)
t(100,96,102)
t(102,101,100)
</p>

<p>
glass()
n(0.122199,0.912356,-0.390736)
p(7,68,69,87,86,103,104,90)
t(69,68,90)
t(104,103,86)
t(86,87,69)
t(69,90,104)
t(104,86,69)
</p>

<p>
c(125,138,255)
outline()
n(-0.525263,-0.839449,0.139372)
p(4,86,103,105,85)
t(103,86,85)
t(85,105,103)
</p>

<p>
c(125,138,255)
outline()
n(0.778872,0.613970,0.128057)
p(4,105,85,106,107)
t(85,105,107)
t(107,106,85)
</p>

<p>
glass()
outline()
n(-0.682847,-0.730555,-0.003236)
p(4,106,107,108,109)
t(107,106,109)
t(109,108,107)
</p>

<p>
c(125,138,255)
outline()
n(-0.077305,0.996977,0.007794)
p(6,85,106,109,110,111,84)
t(111,84,85)
t(85,106,109)
t(109,110,111)
t(111,85,109)
</p>

<p>
c(125,138,255)
outline()
n(-0.517180,-0.855865,-0.004459)
p(4,84,112,113,111)
t(113,111,84)
t(84,112,113)
</p>

<p>
c(125,138,255)
outline()
n(0.673434,0.739247,-0.000000)
p(4,109,110,114,108)
t(110,109,108)
t(108,114,110)
</p>

<p>
c(125,138,255)
outline()
n(0.628357,0.769157,0.116471)
p(4,110,114,115,116)
t(115,116,110)
t(110,114,115)
</p>

<p>
c(125,138,255)
outline()
n(-0.000000,0.999842,0.017771)
p(16,90,89,88,91,93,94,100,101,117,115,114,108,107,105,103,104)
t(103,104,90)
t(90,89,88)
t(88,91,93)
t(94,100,101)
t(117,115,114)
t(107,105,103)
t(103,90,88)
t(88,93,94)
t(94,101,117)
t(117,114,108)
t(108,107,103)
t(103,88,94)
t(94,117,108)
t(108,103,94)
</p>

<p>
glass()
outline()
n(0.000000,0.987077,0.160244)
p(6,117,101,118,119,120,115)
t(120,115,117)
t(117,101,118)
t(119,120,117)
t(117,118,119)
</p>

<p>
c(125,138,255)
outline()
n(-0.610681,0.787059,0.087222)
p(4,101,102,121,118)
t(121,118,101)
t(101,102,121)
</p>

<p>
c(125,138,255)
outline()
n(0.015162,-0.989694,0.142397)
p(8,96,102,121,118,122,123,124,97)
t(124,97,96)
t(121,118,122)
t(123,124,96)
t(102,121,122)
t(122,123,96)
t(96,102,122)
</p>

<p>
c(125,138,255)
outline()
n(-0.625420,0.772278,-0.111521)
p(8,97,124,123,122,125,126,127,99)
t(124,97,99)
t(99,127,126)
t(126,125,122)
t(122,123,124)
t(124,99,126)
t(126,122,124)
</p>

<p>
c(125,138,255)
outline()
n(-0.344462,0.912160,0.222056)
p(6,122,128,129,130,131,125)
t(128,122,125)
t(125,131,130)
t(130,129,128)
t(128,125,130)
</p>

<p>
c(125,138,255)
outline()
n(-0.018032,0.992390,0.121811)
p(6,122,128,129,132,133,118)
t(133,118,122)
t(122,128,129)
t(129,132,133)
t(133,122,129)
</p>

<p>
c(125,138,255)
outline()
n(-0.610681,-0.787059,-0.087222)
p(4,115,116,134,120)
t(134,120,115)
t(115,116,134)
</p>

<p>
c(125,138,255)
outline()
n(-0.015162,-0.989694,0.142397)
p(8,110,116,134,120,135,136,137,111)
t(116,110,111)
t(111,137,136)
t(136,135,120)
t(134,116,111)
t(136,120,134)
t(134,111,136)
</p>

<p>
c(125,138,255)
outline()
n(0.625420,0.772278,-0.111521)
p(8,111,137,136,135,138,139,140,113)
t(140,113,111)
t(137,136,135)
t(135,138,139)
t(139,140,111)
t(137,135,139)
t(139,111,137)
</p>

<p>
c(125,138,255)
outline()
n(0.344462,0.912160,0.222056)
p(6,135,141,142,143,144,138)
t(144,138,135)
t(141,142,143)
t(143,144,135)
t(135,141,143)
</p>

<p>
c(125,138,255)
outline()
n(0.018032,0.992390,0.121811)
p(6,135,141,142,145,146,120)
t(141,135,120)
t(120,146,145)
t(145,142,141)
t(141,120,145)
</p>

<p>
c(116,61,198)
outline()
n(-0.000000,-0.994498,-0.104754)
p(8,119,118,133,132,147,145,146,120)
t(118,119,120)
t(146,145,147)
t(147,132,133)
t(133,118,120)
t(120,146,147)
t(147,133,120)
</p>

<p>
c(116,61,198)
outline()
n(0.000000,-0.920617,0.390466)
p(10,147,132,129,148,149,150,151,152,142,145)
t(145,142,152)
t(152,151,150)
t(150,149,148)
t(148,129,132)
t(147,145,152)
t(152,150,148)
t(148,132,147)
t(147,152,148)
</p>

<p>
c(116,61,198)
outline()
n(-0.608288,0.754969,0.244963)
p(5,130,129,148,153,154)
t(129,130,154)
t(154,153,148)
t(148,129,154)
</p>

<p>
c(116,61,198)
outline()
n(0.608288,0.754969,0.244963)
p(5,143,142,152,155,156)
t(155,156,143)
t(143,142,152)
t(152,155,143)
</p>

<p>
c(116,61,198)
outline()
n(-0.999443,-0.032137,-0.009036)
p(8,21,98,157,158,159,160,161,25)
t(98,21,25)
t(161,160,159)
t(158,157,98)
t(98,25,161)
t(161,159,158)
t(158,98,161)
</p>

<p>
c(125,138,255)
outline()
n(-0.988936,-0.148340,-0.000000)
p(4,159,160,162,163)
t(162,163,159)
t(159,160,162)
</p>

<p>
c(125,138,255)
outline()
n(0.968226,0.249974,0.007208)
p(6,162,163,164,165,166,167)
t(166,167,162)
t(162,163,164)
t(164,165,166)
t(166,162,164)
</p>

<p>
c(116,61,198)
outline()
n(0.943837,0.330343,0.006696)
p(4,167,166,168,169)
t(168,169,167)
t(167,166,168)
</p>

<p>
c(125,138,255)
outline()
n(-0.515169,0.857085,-0.002509)
p(4,170,21,98,75)
t(98,75,170)
t(170,21,98)
</p>

<p>
c(116,61,198)
outline()
n(-0.999343,-0.036181,-0.002108)
p(6,157,158,159,171,172,173)
t(173,157,158)
t(159,171,172)
t(173,158,159)
t(159,172,173)
</p>

<p>
c(125,138,255)
outline()
n(-0.990460,-0.137796,-0.000711)
p(4,159,171,164,163)
t(171,159,163)
t(163,164,171)
</p>

<p>
c(116,61,198)
outline()
n(0.540138,-0.841369,-0.018697)
p(3,173,174,172)
t(174,172,173)
</p>

<p>
c(116,61,198)
outline()
n(-0.999425,-0.004642,0.033594)
p(4,157,173,174,175)
t(174,175,157)
t(157,173,174)
</p>

<p>
c(116,61,198)
outline()
n(0.536008,0.844213,0.000000)
p(3,157,175,176)
t(175,157,176)
</p>

<p>
c(116,61,198)
outline()
n(1.000000,0.000000,0.000000)
p(4,157,176,99,98)
t(176,157,98)
t(98,99,176)
</p>

<p>
c(116,61,198)
outline()
n(-0.999207,-0.005715,-0.039403)
p(12,99,127,126,125,177,178,179,171,172,180,181,176)
t(127,99,176)
t(180,172,171)
t(178,177,125)
t(125,126,127)
t(127,176,181)
t(180,171,179)
t(178,125,127)
t(127,181,180)
t(180,179,178)
t(178,127,180)
</p>

<p>
c(116,61,198)
outline()
n(0.915466,-0.311520,-0.254710)
p(6,125,131,130,182,183,177)
t(183,177,125)
t(125,131,130)
t(182,183,125)
t(125,130,182)
</p>

<p>
c(116,61,198)
outline()
n(0.879212,0.214816,-0.425253)
p(7,130,182,183,184,185,186,187)
t(182,130,187)
t(187,186,185)
t(184,183,182)
t(182,187,185)
t(185,184,182)
</p>

<p>
c(116,61,198)
outline()
n(-0.761563,-0.288200,0.580485)
p(7,186,187,130,154,153,188,189)
t(187,186,189)
t(189,188,153)
t(154,130,187)
t(187,189,153)
t(153,154,187)
</p>

<p>
c(116,61,198)
outline()
n(-0.535697,-0.843722,-0.034090)
p(3,175,176,181)
t(176,175,181)
</p>

<p>
c(116,61,198)
outline()
n(-0.991127,-0.011564,-0.132414)
p(4,174,175,181,180)
t(175,174,180)
t(180,181,175)
</p>

<p>
c(116,61,198)
outline()
n(-0.532616,0.846229,-0.014717)
p(3,174,172,180)
t(172,180,174)
</p>

<p>
c(125,138,255)
outline()
n(-0.982689,-0.182525,-0.031736)
p(4,171,179,165,164)
t(179,171,164)
t(164,165,179)
</p>

<p>
c(116,61,198)
outline()
n(-0.999443,0.032137,0.009036)
p(8,43,112,190,191,192,193,194,47)
t(112,43,47)
t(194,193,192)
t(191,190,112)
t(112,47,194)
t(194,192,191)
t(191,112,194)
</p>

<p>
c(125,138,255)
outline()
n(-0.988936,0.148340,0.000000)
p(4,192,193,195,196)
t(195,196,192)
t(192,193,195)
</p>

<p>
c(125,138,255)
outline()
n(-0.968226,0.249974,0.007208)
p(6,195,196,197,198,199,200)
t(196,195,200)
t(200,199,198)
t(197,196,200)
t(200,198,197)
</p>

<p>
c(116,61,198)
outline()
n(-0.943837,0.330343,0.006696)
p(4,200,199,201,202)
t(199,200,202)
t(202,201,199)
</p>

<p>
c(125,138,255)
outline()
n(0.515169,0.857085,-0.002509)
p(4,203,43,112,84)
t(43,203,84)
t(84,112,43)
</p>

<p>
c(116,61,198)
outline()
n(0.999343,-0.036181,-0.002108)
p(6,190,191,192,204,205,206)
t(191,190,206)
t(206,205,204)
t(192,191,206)
t(206,204,192)
</p>

<p>
c(125,138,255)
outline()
n(-0.990460,0.137796,0.000711)
p(4,192,204,197,196)
t(204,192,196)
t(196,197,204)
</p>

<p>
c(116,61,198)
outline()
n(-0.540138,-0.841369,-0.018697)
p(3,206,207,205)
t(207,206,205)
</p>

<p>
c(116,61,198)
outline()
n(0.999425,-0.004642,0.033594)
p(4,190,206,207,208)
t(206,190,208)
t(208,207,206)
</p>

<p>
c(116,61,198)
outline()
n(-0.536008,0.844213,0.000000)
p(3,190,208,209)
t(208,209,190)
</p>

<p>
c(116,61,198)
outline()
n(1.000000,0.000000,0.000000)
p(4,190,209,113,112)
t(209,190,112)
t(112,113,209)
</p>

<p>
c(116,61,198)
outline()
n(0.999207,-0.005715,-0.039403)
p(12,113,140,139,138,210,211,212,204,205,213,214,209)
t(214,209,113)
t(140,139,138)
t(138,210,211)
t(212,204,205)
t(214,113,140)
t(140,138,211)
t(212,205,213)
t(213,214,140)
t(140,211,212)
t(212,213,140)
</p>

<p>
c(116,61,198)
outline()
n(-0.915466,-0.311520,-0.254710)
p(6,138,144,143,215,216,210)
t(144,138,210)
t(210,216,215)
t(215,143,144)
t(144,210,215)
</p>

<p>
c(116,61,198)
outline()
n(0.879212,-0.214816,0.425253)
p(7,143,215,216,217,218,219,220)
t(215,143,220)
t(220,219,218)
t(217,216,215)
t(215,220,218)
t(218,217,215)
</p>

<p>
c(116,61,198)
outline()
n(-0.761563,0.288200,-0.580485)
p(7,219,220,143,156,155,221,222)
t(220,219,222)
t(222,221,155)
t(156,143,220)
t(220,222,155)
t(155,156,220)
</p>

<p>
c(116,61,198)
outline()
n(0.535697,-0.843722,-0.034090)
p(3,208,209,214)
t(209,214,208)
</p>

<p>
c(116,61,198)
outline()
n(0.991127,-0.011564,-0.132414)
p(4,207,208,214,213)
t(214,213,207)
t(207,208,214)
</p>

<p>
c(116,61,198)
outline()
n(0.532616,0.846229,-0.014717)
p(3,207,205,213)
t(205,207,213)
</p>

<p>
c(125,138,255)
outline()
n(0.982689,-0.182525,-0.031736)
p(4,204,212,198,197)
t(198,197,204)
t(204,212,198)
</p>

<p>
c(116,61,198)
outline()
n(-0.000000,-0.316920,0.948452)
p(20,150,149,148,129,153,188,223,224,225,226,227,228,229,230,231,221,155,142,152,151)
t(152,151,150)
t(150,149,148)
t(129,153,188)
t(188,223,224)
t(230,231,221)
t(221,155,142)
t(152,150,148)
t(129,188,224)
t(230,221,142)
t(148,129,224)
t(230,142,152)
t(148,224,225)
t(229,230,152)
t(152,148,225)
t(228,229,152)
t(152,225,226)
t(227,228,152)
t(152,226,227)
</p>

<p>
c(255,0,0)
light()
outline()
n(-0.007611,0.307563,-0.951497)
p(5,223,224,225,226,232)
t(226,232,223)
t(223,224,225)
t(225,226,223)
</p>

<p>
c(255,0,0)
light()
outline()
n(0.007611,0.307563,-0.951497)
p(5,231,230,229,228,233)
t(230,231,233)
t(233,228,229)
t(229,230,233)
</p>

<p>
c(30,30,30)
outline()
n(0.000000,0.298275,-0.954480)
p(6,226,232,234,233,228,227)
t(232,226,227)
t(227,228,233)
t(234,232,227)
t(227,233,234)
</p>

<p>
c(116,61,198)
outline()
n(-0.000000,-0.546268,0.837611)
p(9,234,232,223,188,189,222,221,231,233)
t(223,188,189)
t(189,222,221)
t(232,223,189)
t(189,221,231)
t(234,232,189)
t(189,231,233)
t(233,234,189)
</p>

<p>
c(40,40,40)
outline()
n(-0.000000,-0.999745,-0.022601)
p(13,10,9,28,32,33,235,236,237,238,55,54,50,11)
t(10,11,50)
t(50,54,55)
t(238,237,236)
t(235,33,32)
t(32,28,9)
t(9,10,50)
t(50,55,238)
t(238,236,235)
t(235,32,9)
t(9,50,238)
t(238,235,9)
</p>

<p>
c(40,40,40)
outline()
n(0.000000,1.000000,0.000000)
p(8,236,169,168,239,240,201,202,237)
t(236,169,168)
t(240,201,202)
t(237,236,168)
t(239,240,202)
t(202,237,168)
t(168,239,202)
</p>

<p>
c(40,40,40)
outline()
n(0.000000,0.979968,-0.199154)
p(10,239,241,185,186,189,222,219,218,242,240)
t(242,240,239)
t(241,185,186)
t(186,189,222)
t(222,219,218)
t(242,239,241)
t(241,186,222)
t(222,218,242)
t(242,241,222)
</p>

