v(-12.000000,0.000000,-8.000000)
v(-12.000000,0.000000,4.000000)
v(-25.000000,-216.000000,13.000000)
v(-12.000000,-225.000000,-3.000000)
v(-5.000000,-225.000000,24.000000)
v(3.000000,0.000000,4.000000)
v(7.000000,0.000000,-8.000000)
v(20.000000,-223.000000,9.000000)
v(-5.000000,0.000000,-15.000000)
v(3.000000,-228.000000,-14.000000)
v(11.000000,-251.000000,9.000000)
v(3.000000,-251.000000,-7.000000)
v(-5.000000,-251.000000,21.000000)
v(-12.000000,-251.000000,-3.000000)
v(-16.000000,-251.000000,13.000000)
v(-9.000000,-259.000000,5.000000)
v(-1.000000,-259.000000,5.000000)
v(-5.000000,-259.000000,5.000000)
v(-5.000000,-259.000000,9.000000)
v(-9.000000,-259.000000,9.000000)
v(-13.000000,-63.000000,16.000000)
v(-6.000000,-63.000000,8.000000)
v(-11.000000,-71.000000,2.000000)
v(-16.000000,-67.000000,8.000000)
v(0.000000,-71.000000,14.000000)
v(-6.000000,-71.000000,19.000000)
v(-9.000000,-79.000000,16.000000)
v(-16.000000,-79.000000,8.000000)
v(-11.000000,-83.000000,2.000000)
v(-3.000000,-83.000000,11.000000)
v(-25.000000,-71.000000,16.000000)
v(-22.000000,-67.000000,25.000000)
v(-13.000000,-75.000000,28.000000)
v(-19.000000,-87.000000,33.000000)
v(-28.000000,-83.000000,31.000000)
v(-25.000000,-191.000000,45.000000)
v(-28.000000,-191.000000,43.000000)
v(-30.000000,-191.000000,40.000000)
v(-36.000000,-183.000000,51.000000)
v(-36.000000,-183.000000,34.000000)
v(-19.000000,-183.000000,51.000000)
v(-25.000000,-191.000000,34.000000)
v(-22.000000,-183.000000,26.000000)
v(-22.000000,-191.000000,37.000000)
v(-11.000000,-183.000000,37.000000)
v(-12.000000,-100.000000,-23.000000)
v(-5.000000,-96.000000,-23.000000)
v(-5.000000,-96.000000,-15.000000)
v(-12.000000,-100.000000,-15.000000)
v(-5.000000,-92.000000,-31.000000)
v(-12.000000,-100.000000,-31.000000)
v(-12.000000,-104.000000,-39.000000)
v(-5.000000,-100.000000,-43.000000)
v(3.000000,-100.000000,-31.000000)
v(3.000000,-104.000000,-35.000000)
v(-16.000000,-207.000000,-59.000000)
v(-5.000000,-207.000000,-67.000000)
v(-5.000000,-199.000000,-71.000000)
v(-17.000000,-199.000000,-59.000000)
v(3.000000,-207.000000,-43.000000)
v(-12.000000,-207.000000,-43.000000)
v(-13.000000,-199.000000,-43.000000)
v(3.000000,-199.000000,-43.000000)
v(-5.000000,-215.000000,-59.000000)
v(-9.000000,-215.000000,-55.000000)
v(-1.000000,-215.000000,-51.000000)
v(-9.000000,-215.000000,-51.000000)
v(7.000000,-207.000000,-59.000000)
v(-1.000000,-215.000000,-55.000000)
v(-1.000000,-100.000000,-23.000000)
v(-1.000000,-112.000000,-31.000000)
v(-1.000000,-108.000000,-27.000000)
v(-1.000000,-108.000000,-23.000000)
v(-1.000000,-108.000000,-15.000000)
v(-1.000000,-100.000000,-15.000000)
v(-1.000000,-116.000000,-31.000000)
v(3.000000,-116.000000,-39.000000)
v(10.000000,-199.000000,-59.000000)
v(-5.000000,-112.000000,-47.000000)
v(-12.000000,-116.000000,-39.000000)
v(-9.000000,-116.000000,-31.000000)
v(-9.000000,-108.000000,-27.000000)
v(-9.000000,-108.000000,-23.000000)
v(-9.000000,-108.000000,-15.000000)
v(-12.000000,-112.000000,-31.000000)
v(-36.000000,-172.000000,35.000000)
v(-30.000000,-87.000000,22.000000)
v(-19.000000,-83.000000,11.000000)
v(-22.000000,-91.000000,14.000000)
v(-22.000000,-172.000000,26.000000)
v(-36.000000,-173.000000,54.000000)
v(-19.000000,-172.000000,52.000000)
v(-11.000000,-172.000000,37.000000)
v(-13.000000,-91.000000,22.000000)
v(-11.000000,-83.000000,19.000000)
v(-40.000000,0.000000,-64.000000)
v(-48.000000,0.000000,-100.000000)
v(-52.000000,0.000000,-130.000000)
v(-38.000000,0.000000,-146.000000)
v(-8.000000,0.000000,-164.000000)
v(20.000000,0.000000,-152.000000)
v(38.000000,0.000000,-120.000000)
v(26.000000,0.000000,-76.000000)
v(20.000000,0.000000,-50.000000)
v(30.000000,0.000000,-28.000000)
v(52.000000,0.000000,-4.000000)
v(56.000000,0.000000,24.000000)
v(46.000000,0.000000,42.000000)
v(16.000000,0.000000,56.000000)
v(-6.000000,0.000000,58.000000)
v(-16.000000,0.000000,98.000000)
v(-24.000000,0.000000,116.000000)
v(-54.000000,0.000000,120.000000)
v(-80.000000,0.000000,120.000000)
v(-94.000000,0.000000,82.000000)
v(-74.000000,0.000000,42.000000)
v(-66.000000,0.000000,12.000000)
v(-42.000000,0.000000,-14.000000)

<p>
c(74,120,62)
n(-0.858833,0.008779,-0.512181)
p(4,0,1,2,3)
t(1,0,3)
t(3,2,1)
</p>

<p>
c(74,120,62)
n(-0.328949,0.077864,0.941132)
p(4,4,2,1,5)
t(2,4,5)
t(5,1,2)
</p>

<p>
c(74,120,62)
n(0.583594,0.073299,0.808730)
p(4,5,6,7,4)
t(6,5,4)
t(4,7,6)
</p>

<p>
c(74,120,62)
n(0.758073,0.009376,-0.652103)
p(4,8,6,7,9)
t(7,9,8)
t(8,6,7)
</p>

<p>
c(74,120,62)
n(0.620014,0.021356,0.784300)
p(4,8,0,3,9)
t(3,9,8)
t(8,0,3)
</p>

<p>
c(74,120,62)
n(0.826458,-0.221539,-0.517579)
p(4,10,11,9,7)
t(9,7,10)
t(10,11,9)
</p>

<p>
c(74,120,62)
n(0.542829,-0.137908,0.828443)
p(4,10,12,4,7)
t(12,10,7)
t(7,4,12)
</p>

<p>
c(74,120,62)
n(-0.471142,-0.119700,-0.873898)
p(4,13,11,9,3)
t(11,13,3)
t(3,9,11)
</p>

<p>
c(74,120,62)
n(-0.537617,-0.122683,0.834216)
p(4,12,14,2,4)
t(14,12,4)
t(4,2,14)
</p>

<p>
c(74,120,62)
n(0.882311,0.146447,0.447304)
p(4,14,13,3,2)
t(3,2,14)
t(14,13,3)
</p>

<p>
c(74,120,62)
n(0.000000,1.000000,0.000000)
p(3,15,16,17)
</p>

<p>
c(74,120,62)
n(-0.518201,0.811251,0.270813)
p(4,16,17,11,10)
t(16,10,11)
t(11,17,16)
</p>

<p>
c(74,120,62)
n(0.379583,-0.781403,0.495304)
p(4,18,12,10,16)
t(12,18,16)
t(16,10,12)
</p>

<p>
c(74,120,62)
n(0.159066,0.752183,0.639467)
p(4,13,15,17,11)
t(17,11,13)
t(13,15,17)
</p>

<p>
c(74,120,62)
n(-0.372933,-0.738607,0.561587)
p(4,12,18,19,14)
t(18,12,14)
t(14,19,18)
</p>

<p>
c(74,120,62)
n(-0.808908,-0.556018,-0.191080)
p(4,14,19,15,13)
t(19,14,13)
t(13,15,19)
</p>

<p>
c(74,120,62)
n(-0.369457,0.783963,-0.498902)
p(4,20,21,22,23)
t(22,23,20)
t(20,21,22)
</p>

<p>
c(74,120,62)
n(0.511566,0.699258,0.499339)
p(4,20,21,24,25)
t(21,20,25)
t(25,24,21)
</p>

<p>
c(74,120,62)
n(0.343368,0.888942,-0.303119)
p(4,26,27,28,29)
t(27,26,29)
t(29,28,27)
</p>

<p>
c(74,120,62)
n(-0.544295,0.816677,-0.191784)
p(4,30,31,20,23)
t(20,23,30)
t(30,31,20)
</p>

<p>
c(74,120,62)
n(0.402009,0.647598,0.647306)
p(4,32,31,20,25)
t(31,32,25)
t(25,20,31)
</p>

<p>
c(74,120,62)
n(-0.010898,0.367906,0.929799)
p(4,32,33,34,31)
t(33,32,31)
t(31,34,33)
</p>

<p>
c(74,120,62)
n(0.000000,1.000000,0.000000)
p(3,35,36,37)
t(36,35,37)
</p>

<p>
c(74,120,62)
n(-0.745864,-0.665912,0.015740)
p(4,37,36,38,39)
t(38,39,37)
t(37,36,38)
</p>

<p>
c(74,120,62)
n(-0.015740,-0.665912,0.745864)
p(4,35,36,38,40)
t(36,35,40)
t(40,38,36)
</p>

<p>
c(74,120,62)
n(0.416326,0.651360,0.634352)
p(4,41,37,39,42)
t(37,41,42)
t(42,39,37)
</p>

<p>
c(74,120,62)
n(-0.506979,0.697097,0.506979)
p(4,43,41,42,44)
t(41,43,44)
t(44,42,41)
</p>

<p>
c(74,120,62)
n(0.589357,-0.746132,0.309751)
p(4,44,40,35,43)
t(35,43,44)
t(44,40,35)
</p>

<p>
c(74,120,62)
n(-0.496139,0.868243,0.000000)
p(4,45,46,47,48)
t(46,45,48)
t(48,47,46)
</p>

<p>
c(74,120,62)
n(0.655705,-0.730932,-0.189181)
p(4,49,46,45,50)
t(45,50,49)
t(49,46,45)
</p>

<p>
c(74,120,62)
n(-0.662286,0.637478,-0.393700)
p(4,49,50,51,52)
t(50,49,52)
t(52,51,50)
</p>

<p>
c(74,120,62)
n(-0.671117,-0.606015,0.427023)
p(4,52,49,53,54)
t(49,52,54)
t(54,53,49)
</p>

<p>
c(74,120,62)
n(0.645136,0.227334,0.729465)
p(4,55,56,57,58)
t(57,58,55)
t(55,56,57)
</p>

<p>
c(74,120,62)
n(0.000000,0.000000,1.000000)
p(4,59,60,61,62)
t(60,59,62)
t(62,61,60)
</p>

<p>
c(74,120,62)
n(-0.458782,-0.653885,-0.601625)
p(4,63,56,55,64)
t(56,63,64)
t(64,55,56)
</p>

<p>
c(74,120,62)
n(0.000000,-0.707107,0.707107)
p(4,65,66,60,59)
t(66,65,59)
t(59,60,66)
</p>

<p>
c(74,120,62)
n(-0.808908,-0.556018,0.191080)
p(4,66,64,55,60)
t(64,66,60)
t(60,55,64)
</p>

<p>
c(74,120,62)
n(0.427023,-0.671117,-0.606015)
p(4,63,56,67,68)
t(67,68,63)
t(63,56,67)
</p>

<p>
c(74,120,62)
n(-0.763383,0.620274,-0.180297)
p(4,67,68,65,59)
t(65,59,67)
t(67,68,65)
</p>

<p>
c(74,120,62)
n(0.963180,-0.199306,0.180449)
p(8,69,53,54,70,71,72,73,74)
t(69,74,73)
t(73,72,71)
t(71,70,54)
t(54,53,69)
t(69,73,71)
t(71,54,69)
</p>

<p>
c(74,120,62)
n(-0.696094,-0.696094,-0.175799)
p(6,69,53,49,46,47,74)
t(69,74,47)
t(46,49,53)
t(53,69,47)
t(47,46,53)
</p>

<p>
c(74,120,62)
n(0.929027,-0.021877,0.369364)
p(8,67,59,62,75,70,54,76,77)
t(59,67,77)
t(77,76,54)
t(54,70,75)
t(62,59,77)
t(77,54,75)
t(75,62,77)
</p>

<p>
c(74,120,62)
n(-0.572322,0.300220,0.763096)
p(4,67,56,57,77)
t(56,67,77)
t(77,57,56)
</p>

<p>
c(74,120,62)
n(-0.669385,-0.213356,0.711620)
p(6,76,77,57,78,52,54)
t(76,54,52)
t(52,78,57)
t(57,77,76)
t(76,52,57)
</p>

<p>
c(74,120,62)
n(0.703186,-0.191443,0.684747)
p(6,79,58,57,78,52,51)
t(52,51,79)
t(79,58,57)
t(57,78,52)
t(52,79,57)
</p>

<p>
c(74,120,62)
n(-0.965412,-0.004296,0.260695)
p(6,79,80,61,60,55,58)
t(80,79,58)
t(58,55,60)
t(61,80,58)
t(58,60,61)
</p>

<p>
c(74,120,62)
n(0.030887,-0.978852,0.202227)
p(8,81,82,83,73,72,71,70,84)
t(81,84,70)
t(70,71,72)
t(72,73,83)
t(83,82,81)
t(81,70,72)
t(72,83,81)
</p>

<p>
c(74,120,62)
n(-0.003679,-0.139600,0.990201)
p(6,84,70,75,62,61,80)
t(70,84,80)
t(80,61,62)
t(75,70,80)
t(80,62,75)
</p>

<p>
c(74,120,62)
n(-0.980111,-0.163875,0.111926)
p(10,84,80,79,51,50,45,48,83,82,81)
t(82,83,48)
t(45,50,51)
t(51,79,80)
t(81,82,48)
t(48,45,51)
t(51,80,84)
t(81,48,51)
t(51,84,81)
</p>

<p>
c(74,120,62)
n(0.653695,0.082526,0.752245)
p(12,42,39,85,86,30,23,22,28,27,87,88,89)
t(39,42,89)
t(27,28,22)
t(22,23,30)
t(30,86,85)
t(85,39,89)
t(87,27,22)
t(30,85,89)
t(87,22,30)
t(30,89,88)
t(88,87,30)
</p>

<p>
c(74,120,62)
n(0.928770,-0.356946,-0.099882)
p(4,34,31,30,86)
t(31,34,86)
t(86,30,31)
</p>

<p>
c(74,120,62)
n(0.996867,-0.077581,-0.015427)
p(6,86,85,39,38,90,34)
t(85,86,34)
t(34,90,38)
t(38,39,85)
t(85,34,38)
</p>

<p>
c(74,120,62)
n(-0.816192,-0.087194,-0.571163)
p(12,29,24,25,32,33,91,40,44,92,93,94,26)
t(24,29,26)
t(92,44,40)
t(40,91,33)
t(33,32,25)
t(25,24,26)
t(93,92,40)
t(33,25,26)
t(93,40,33)
t(33,26,94)
t(94,93,33)
</p>

<p>
c(74,120,62)
n(0.036481,0.206155,0.977839)
p(6,33,91,40,38,90,34)
t(91,33,34)
t(34,90,38)
t(38,40,91)
t(91,34,38)
</p>

<p>
c(74,120,62)
n(-0.596240,0.534986,0.598572)
p(6,94,93,88,87,27,26)
t(93,94,26)
t(26,27,87)
t(87,88,93)
t(93,26,87)
</p>

<p>
c(74,120,62)
n(-0.697121,0.101492,0.709734)
p(6,92,44,42,89,88,93)
t(44,92,93)
t(93,88,89)
t(89,42,44)
t(44,93,89)
</p>

<p>
n(0.000000,1.000000,0.000000)
p(23,95,96,97,98,99,100,101,102,103,104,105,106,107,108,109,110,111,112,113,114,115,116,117)
t(117,116,115)
t(115,114,113)
t(113,112,111)
t(111,110,109)
t(109,108,107)
t(107,106,105)
t(102,101,100)
t(100,99,98)
t(98,97,96)
t(117,115,113)
t(113,111,109)
t(109,107,105)
t(103,102,100)
t(100,98,96)
t(117,113,109)
t(109,105,104)
t(103,100,96)
t(95,117,109)
t(109,104,103)
t(103,96,95)
t(95,109,103)
</p>

