v(-1000000.000000,250.000000,-1000000.000000)
v(-900000.000000,250.000000,-1000000.000000)
v(-900000.000000,250.000000,-900000.000000)
v(-1000000.000000,250.000000,-900000.000000)
v(-900000.000000,250.000000,-800000.000000)
v(-1000000.000000,250.000000,-800000.000000)
v(-900000.000000,250.000000,-700000.000000)
v(-1000000.000000,250.000000,-700000.000000)
v(-900000.000000,250.000000,-600000.000000)
v(-1000000.000000,250.000000,-600000.000000)
v(-900000.000000,250.000000,-500000.000000)
v(-1000000.000000,250.000000,-500000.000000)
v(-900000.000000,250.000000,-400000.000000)
v(-1000000.000000,250.000000,-400000.000000)
v(-900000.000000,250.000000,-300000.000000)
v(-1000000.000000,250.000000,-300000.000000)
v(-900000.000000,250.000000,-200000.000000)
v(-1000000.000000,250.000000,-200000.000000)
v(-900000.000000,250.000000,-100000.000000)
v(-1000000.000000,250.000000,-100000.000000)
v(-900000.000000,250.000000,0.000000)
v(-1000000.000000,250.000000,0.000000)
v(-900000.000000,250.000000,100000.000000)
v(-1000000.000000,250.000000,100000.000000)
v(-900000.000000,250.000000,200000.000000)
v(-1000000.000000,250.000000,200000.000000)
v(-900000.000000,250.000000,300000.000000)
v(-1000000.000000,250.000000,300000.000000)
v(-900000.000000,250.000000,400000.000000)
v(-1000000.000000,250.000000,400000.000000)
v(-900000.000000,250.000000,500000.000000)
v(-1000000.000000,250.000000,500000.000000)
v(-900000.000000,250.000000,600000.000000)
v(-1000000.000000,250.000000,600000.000000)
v(-900000.000000,250.000000,700000.000000)
v(-1000000.000000,250.000000,700000.000000)
v(-900000.000000,250.000000,800000.000000)
v(-1000000.000000,250.000000,800000.000000)
v(-900000.000000,250.000000,900000.000000)
v(-1000000.000000,250.000000,900000.000000)
v(-900000.000000,250.000000,1000000.000000)
v(-1000000.000000,250.000000,1000000.000000)
v(-800000.000000,250.000000,-1000000.000000)
v(-800000.000000,250.000000,-900000.000000)
v(-800000.000000,250.000000,-800000.000000)
v(-800000.000000,250.000000,-700000.000000)
v(-800000.000000,250.000000,-600000.000000)
v(-800000.000000,250.000000,-500000.000000)
v(-800000.000000,250.000000,-400000.000000)
v(-800000.000000,250.000000,-300000.000000)
v(-800000.000000,250.000000,-200000.000000)
v(-800000.000000,250.000000,-100000.000000)
v(-800000.000000,250.000000,0.000000)
v(-800000.000000,250.000000,100000.000000)
v(-800000.000000,250.000000,200000.000000)
v(-800000.000000,250.000000,300000.000000)
v(-800000.000000,250.000000,400000.000000)
v(-800000.000000,250.000000,500000.000000)
v(-800000.000000,250.000000,600000.000000)
v(-800000.000000,250.000000,700000.000000)
v(-800000.000000,250.000000,800000.000000)
v(-800000.000000,250.000000,900000.000000)
v(-800000.000000,250.000000,1000000.000000)
v(-700000.000000,250.000000,-1000000.000000)
v(-700000.000000,250.000000,-900000.000000)
v(-700000.000000,250.000000,-800000.000000)
v(-700000.000000,250.000000,-700000.000000)
v(-700000.000000,250.000000,-600000.000000)
v(-700000.000000,250.000000,-500000.000000)
v(-700000.000000,250.000000,-400000.000000)
v(-700000.000000,250.000000,-300000.000000)
v(-700000.000000,250.000000,-200000.000000)
v(-700000.000000,250.000000,-100000.000000)
v(-700000.000000,250.000000,0.000000)
v(-700000.000000,250.000000,100000.000000)
v(-700000.000000,250.000000,200000.000000)
v(-700000.000000,250.000000,300000.000000)
v(-700000.000000,250.000000,400000.000000)
v(-700000.000000,250.000000,500000.000000)
v(-700000.000000,250.000000,600000.000000)
v(-700000.000000,250.000000,700000.000000)
v(-700000.000000,250.000000,800000.000000)
v(-700000.000000,250.000000,900000.000000)
v(-700000.000000,250.000000,1000000.000000)
v(-600000.000000,250.000000,-1000000.000000)
v(-600000.000000,250.000000,-900000.000000)
v(-600000.000000,250.000000,-800000.000000)
v(-600000.000000,250.000000,-700000.000000)
v(-600000.000000,250.000000,-600000.000000)
v(-600000.000000,250.000000,-500000.000000)
v(-600000.000000,250.000000,-400000.000000)
v(-600000.000000,250.000000,-300000.000000)
v(-600000.000000,250.000000,-200000.000000)
v(-600000.000000,250.000000,-100000.000000)
v(-600000.000000,250.000000,0.000000)
v(-600000.000000,250.000000,100000.000000)
v(-600000.000000,250.000000,200000.000000)
v(-600000.000000,250.000000,300000.000000)
v(-600000.000000,250.000000,400000.000000)
v(-600000.000000,250.000000,500000.000000)
v(-600000.000000,250.000000,600000.000000)
v(-600000.000000,250.000000,700000.000000)
v(-600000.000000,250.000000,800000.000000)
v(-600000.000000,250.000000,900000.000000)
v(-600000.000000,250.000000,1000000.000000)
v(-500000.000000,250.000000,-1000000.000000)
v(-500000.000000,250.000000,-900000.000000)
v(-500000.000000,250.000000,-800000.000000)
v(-500000.000000,250.000000,-700000.000000)
v(-500000.000000,250.000000,-600000.000000)
v(-500000.000000,250.000000,-500000.000000)
v(-500000.000000,250.000000,-400000.000000)
v(-500000.000000,250.000000,-300000.000000)
v(-500000.000000,250.000000,-200000.000000)
v(-500000.000000,250.000000,-100000.000000)
v(-500000.000000,250.000000,0.000000)
v(-500000.000000,250.000000,100000.000000)
v(-500000.000000,250.000000,200000.000000)
v(-500000.000000,250.000000,300000.000000)
v(-500000.000000,250.000000,400000.000000)
v(-500000.000000,250.000000,500000.000000)
v(-500000.000000,250.000000,600000.000000)
v(-500000.000000,250.000000,700000.000000)
v(-500000.000000,250.000000,800000.000000)
v(-500000.000000,250.000000,900000.000000)
v(-500000.000000,250.000000,1000000.000000)
v(-400000.000000,250.000000,-1000000.000000)
v(-400000.000000,250.000000,-900000.000000)
v(-400000.000000,250.000000,-800000.000000)
v(-400000.000000,250.000000,-700000.000000)
v(-400000.000000,250.000000,-600000.000000)
v(-400000.000000,250.000000,-500000.000000)
v(-400000.000000,250.000000,-400000.000000)
v(-400000.000000,250.000000,-300000.000000)
v(-400000.000000,250.000000,-200000.000000)
v(-400000.000000,250.000000,-100000.000000)
v(-400000.000000,250.000000,0.000000)
v(-400000.000000,250.000000,100000.000000)
v(-400000.000000,250.000000,200000.000000)
v(-400000.000000,250.000000,300000.000000)
v(-400000.000000,250.000000,400000.000000)
v(-400000.000000,250.000000,500000.000000)
v(-400000.000000,250.000000,600000.000000)
v(-400000.000000,250.000000,700000.000000)
v(-400000.000000,250.000000,800000.000000)
v(-400000.000000,250.000000,900000.000000)
v(-400000.000000,250.000000,1000000.000000)
v(-300000.000000,250.000000,-1000000.000000)
v(-300000.000000,250.000000,-900000.000000)
v(-300000.000000,250.000000,-800000.000000)
v(-300000.000000,250.000000,-700000.000000)
v(-300000.000000,250.000000,-600000.000000)
v(-300000.000000,250.000000,-500000.000000)
v(-300000.000000,250.000000,-400000.000000)
v(-300000.000000,250.000000,-300000.000000)
v(-300000.000000,250.000000,-200000.000000)
v(-300000.000000,250.000000,-100000.000000)
v(-300000.000000,250.000000,0.000000)
v(-300000.000000,250.000000,100000.000000)
v(-300000.000000,250.000000,200000.000000)
v(-300000.000000,250.000000,300000.000000)
v(-300000.000000,250.000000,400000.000000)
v(-300000.000000,250.000000,500000.000000)
v(-300000.000000,250.000000,600000.000000)
v(-300000.000000,250.000000,700000.000000)
v(-300000.000000,250.000000,800000.000000)
v(-300000.000000,250.000000,900000.000000)
v(-300000.000000,250.000000,1000000.000000)
v(-200000.000000,250.000000,-1000000.000000)
v(-200000.000000,250.000000,-900000.000000)
v(-200000.000000,250.000000,-800000.000000)
v(-200000.000000,250.000000,-700000.000000)
v(-200000.000000,250.000000,-600000.000000)
v(-200000.000000,250.000000,-500000.000000)
v(-200000.000000,250.000000,-400000.000000)
v(-200000.000000,250.000000,-300000.000000)
v(-200000.000000,250.000000,-200000.000000)
v(-200000.000000,250.000000,-100000.000000)
v(-200000.000000,250.000000,0.000000)
v(-200000.000000,250.000000,100000.000000)
v(-200000.000000,250.000000,200000.000000)
v(-200000.000000,250.000000,300000.000000)
v(-200000.000000,250.000000,400000.000000)
v(-200000.000000,250.000000,500000.000000)
v(-200000.000000,250.000000,600000.000000)
v(-200000.000000,250.000000,700000.000000)
v(-200000.000000,250.000000,800000.000000)
v(-200000.000000,250.000000,900000.000000)
v(-200000.000000,250.000000,1000000.000000)
v(-100000.000000,250.000000,-1000000.000000)
v(-100000.000000,250.000000,-900000.000000)
v(-100000.000000,250.000000,-800000.000000)
v(-100000.000000,250.000000,-700000.000000)
v(-100000.000000,250.000000,-600000.000000)
v(-100000.000000,250.000000,-500000.000000)
v(-100000.000000,250.000000,-400000.000000)
v(-100000.000000,250.000000,-300000.000000)
v(-100000.000000,250.000000,-200000.000000)
v(-100000.000000,250.000000,-100000.000000)
v(-100000.000000,250.000000,0.000000)
v(-100000.000000,250.000000,100000.000000)
v(-100000.000000,250.000000,200000.000000)
v(-100000.000000,250.000000,300000.000000)
v(-100000.000000,250.000000,400000.000000)
v(-100000.000000,250.000000,500000.000000)
v(-100000.000000,250.000000,600000.000000)
v(-100000.000000,250.000000,700000.000000)
v(-100000.000000,250.000000,800000.000000)
v(-100000.000000,250.000000,900000.000000)
v(-100000.000000,250.000000,1000000.000000)
v(0.000000,250.000000,-1000000.000000)
v(0.000000,250.000000,-900000.000000)
v(0.000000,250.000000,-800000.000000)
v(0.000000,250.000000,-700000.000000)
v(0.000000,250.000000,-600000.000000)
v(0.000000,250.000000,-500000.000000)
v(0.000000,250.000000,-400000.000000)
v(0.000000,250.000000,-300000.000000)
v(0.000000,250.000000,-200000.000000)
v(0.000000,250.000000,-100000.000000)
v(0.000000,250.000000,0.000000)
v(0.000000,250.000000,100000.000000)
v(0.000000,250.000000,200000.000000)
v(0.000000,250.000000,300000.000000)
v(0.000000,250.000000,400000.000000)
v(0.000000,250.000000,500000.000000)
v(0.000000,250.000000,600000.000000)
v(0.000000,250.000000,700000.000000)
v(0.000000,250.000000,800000.000000)
v(0.000000,250.000000,900000.000000)
v(0.000000,250.000000,1000000.000000)
v(100000.000000,250.000000,-1000000.000000)
v(100000.000000,250.000000,-900000.000000)
v(100000.000000,250.000000,-800000.000000)
v(100000.000000,250.000000,-700000.000000)
v(100000.000000,250.000000,-600000.000000)
v(100000.000000,250.000000,-500000.000000)
v(100000.000000,250.000000,-400000.000000)
v(100000.000000,250.000000,-300000.000000)
v(100000.000000,250.000000,-200000.000000)
v(100000.000000,250.000000,-100000.000000)
v(100000.000000,250.000000,0.000000)
v(100000.000000,250.000000,100000.000000)
v(100000.000000,250.000000,200000.000000)
v(100000.000000,250.000000,300000.000000)
v(100000.000000,250.000000,400000.000000)
v(100000.000000,250.000000,500000.000000)
v(100000.000000,250.000000,600000.000000)
v(100000.000000,250.000000,700000.000000)
v(100000.000000,250.000000,800000.000000)
v(100000.000000,250.000000,900000.000000)
v(100000.000000,250.000000,1000000.000000)
v(200000.000000,250.000000,-1000000.000000)
v(200000.000000,250.000000,-900000.000000)
v(200000.000000,250.000000,-800000.000000)
v(200000.000000,250.000000,-700000.000000)
v(200000.000000,250.000000,-600000.000000)
v(200000.000000,250.000000,-500000.000000)
v(200000.000000,250.000000,-400000.000000)
v(200000.000000,250.000000,-300000.000000)
v(200000.000000,250.000000,-200000.000000)
v(200000.000000,250.000000,-100000.000000)
v(200000.000000,250.000000,0.000000)
v(200000.000000,250.000000,100000.000000)
v(200000.000000,250.000000,200000.000000)
v(200000.000000,250.000000,300000.000000)
v(200000.000000,250.000000,400000.000000)
v(200000.000000,250.000000,500000.000000)
v(200000.000000,250.000000,600000.000000)
v(200000.000000,250.000000,700000.000000)
v(200000.000000,250.000000,800000.000000)
v(200000.000000,250.000000,900000.000000)
v(200000.000000,250.000000,1000000.000000)
v(300000.000000,250.000000,-1000000.000000)
v(300000.000000,250.000000,-900000.000000)
v(300000.000000,250.000000,-800000.000000)
v(300000.000000,250.000000,-700000.000000)
v(300000.000000,250.000000,-600000.000000)
v(300000.000000,250.000000,-500000.000000)
v(300000.000000,250.000000,-400000.000000)
v(300000.000000,250.000000,-300000.000000)
v(300000.000000,250.000000,-200000.000000)
v(300000.000000,250.000000,-100000.000000)
v(300000.000000,250.000000,0.000000)
v(300000.000000,250.000000,100000.000000)
v(300000.000000,250.000000,200000.000000)
v(300000.000000,250.000000,300000.000000)
v(300000.000000,250.000000,400000.000000)
v(300000.000000,250.000000,500000.000000)
v(300000.000000,250.000000,600000.000000)
v(300000.000000,250.000000,700000.000000)
v(300000.000000,250.000000,800000.000000)
v(300000.000000,250.000000,900000.000000)
v(300000.000000,250.000000,1000000.000000)
v(400000.000000,250.000000,-1000000.000000)
v(400000.000000,250.000000,-900000.000000)
v(400000.000000,250.000000,-800000.000000)
v(400000.000000,250.000000,-700000.000000)
v(400000.000000,250.000000,-600000.000000)
v(400000.000000,250.000000,-500000.000000)
v(400000.000000,250.000000,-400000.000000)
v(400000.000000,250.000000,-300000.000000)
v(400000.000000,250.000000,-200000.000000)
v(400000.000000,250.000000,-100000.000000)
v(400000.000000,250.000000,0.000000)
v(400000.000000,250.000000,100000.000000)
v(400000.000000,250.000000,200000.000000)
v(400000.000000,250.000000,300000.000000)
v(400000.000000,250.000000,400000.000000)
v(400000.000000,250.000000,500000.000000)
v(400000.000000,250.000000,600000.000000)
v(400000.000000,250.000000,700000.000000)
v(400000.000000,250.000000,800000.000000)
v(400000.000000,250.000000,900000.000000)
v(400000.000000,250.000000,1000000.000000)
v(500000.000000,250.000000,-1000000.000000)
v(500000.000000,250.000000,-900000.000000)
v(500000.000000,250.000000,-800000.000000)
v(500000.000000,250.000000,-700000.000000)
v(500000.000000,250.000000,-600000.000000)
v(500000.000000,250.000000,-500000.000000)
v(500000.000000,250.000000,-400000.000000)
v(500000.000000,250.000000,-300000.000000)
v(500000.000000,250.000000,-200000.000000)
v(500000.000000,250.000000,-100000.000000)
v(500000.000000,250.000000,0.000000)
v(500000.000000,250.000000,100000.000000)
v(500000.000000,250.000000,200000.000000)
v(500000.000000,250.000000,300000.000000)
v(500000.000000,250.000000,400000.000000)
v(500000.000000,250.000000,500000.000000)
v(500000.000000,250.000000,600000.000000)
v(500000.000000,250.000000,700000.000000)
v(500000.000000,250.000000,800000.000000)
v(500000.000000,250.000000,900000.000000)
v(500000.000000,250.000000,1000000.000000)
v(600000.000000,250.000000,-1000000.000000)
v(600000.000000,250.000000,-900000.000000)
v(600000.000000,250.000000,-800000.000000)
v(600000.000000,250.000000,-700000.000000)
v(600000.000000,250.000000,-600000.000000)
v(600000.000000,250.000000,-500000.000000)
v(600000.000000,250.000000,-400000.000000)
v(600000.000000,250.000000,-300000.000000)
v(600000.000000,250.000000,-200000.000000)
v(600000.000000,250.000000,-100000.000000)
v(600000.000000,250.000000,0.000000)
v(600000.000000,250.000000,100000.000000)
v(600000.000000,250.000000,200000.000000)
v(600000.000000,250.000000,300000.000000)
v(600000.000000,250.000000,400000.000000)
v(600000.000000,250.000000,500000.000000)
v(600000.000000,250.000000,600000.000000)
v(600000.000000,250.000000,700000.000000)
v(600000.000000,250.000000,800000.000000)
v(600000.000000,250.000000,900000.000000)
v(600000.000000,250.000000,1000000.000000)
v(700000.000000,250.000000,-1000000.000000)
v(700000.000000,250.000000,-900000.000000)
v(700000.000000,250.000000,-800000.000000)
v(700000.000000,250.000000,-700000.000000)
v(700000.000000,250.000000,-600000.000000)
v(700000.000000,250.000000,-500000.000000)
v(700000.000000,250.000000,-400000.000000)
v(700000.000000,250.000000,-300000.000000)
v(700000.000000,250.000000,-200000.000000)
v(700000.000000,250.000000,-100000.000000)
v(700000.000000,250.000000,0.000000)
v(700000.000000,250.000000,100000.000000)
v(700000.000000,250.000000,200000.000000)
v(700000.000000,250.000000,300000.000000)
v(700000.000000,250.000000,400000.000000)
v(700000.000000,250.000000,500000.000000)
v(700000.000000,250.000000,600000.000000)
v(700000.000000,250.000000,700000.000000)
v(700000.000000,250.000000,800000.000000)
v(700000.000000,250.000000,900000.000000)
v(700000.000000,250.000000,1000000.000000)
v(800000.000000,250.000000,-1000000.000000)
v(800000.000000,250.000000,-900000.000000)
v(800000.000000,250.000000,-800000.000000)
v(800000.000000,250.000000,-700000.000000)
v(800000.000000,250.000000,-600000.000000)
v(800000.000000,250.000000,-500000.000000)
v(800000.000000,250.000000,-400000.000000)
v(800000.000000,250.000000,-300000.000000)
v(800000.000000,250.000000,-200000.000000)
v(800000.000000,250.000000,-100000.000000)
v(800000.000000,250.000000,0.000000)
v(800000.000000,250.000000,100000.000000)
v(800000.000000,250.000000,200000.000000)
v(800000.000000,250.000000,300000.000000)
v(800000.000000,250.000000,400000.000000)
v(800000.000000,250.000000,500000.000000)
v(800000.000000,250.000000,600000.000000)
v(800000.000000,250.000000,700000.000000)
v(800000.000000,250.000000,800000.000000)
v(800000.000000,250.000000,900000.000000)
v(800000.000000,250.000000,1000000.000000)
v(900000.000000,250.000000,-1000000.000000)
v(900000.000000,250.000000,-900000.000000)
v(900000.000000,250.000000,-800000.000000)
v(900000.000000,250.000000,-700000.000000)
v(900000.000000,250.000000,-600000.000000)
v(900000.000000,250.000000,-500000.000000)
v(900000.000000,250.000000,-400000.000000)
v(900000.000000,250.000000,-300000.000000)
v(900000.000000,250.000000,-200000.000000)
v(900000.000000,250.000000,-100000.000000)
v(900000.000000,250.000000,0.000000)
v(900000.000000,250.000000,100000.000000)
v(900000.000000,250.000000,200000.000000)
v(900000.000000,250.000000,300000.000000)
v(900000.000000,250.000000,400000.000000)
v(900000.000000,250.000000,500000.000000)
v(900000.000000,250.000000,600000.000000)
v(900000.000000,250.000000,700000.000000)
v(900000.000000,250.000000,800000.000000)
v(900000.000000,250.000000,900000.000000)
v(900000.000000,250.000000,1000000.000000)
v(1000000.000000,250.000000,-1000000.000000)
v(1000000.000000,250.000000,-900000.000000)
v(1000000.000000,250.000000,-800000.000000)
v(1000000.000000,250.000000,-700000.000000)
v(1000000.000000,250.000000,-600000.000000)
v(1000000.000000,250.000000,-500000.000000)
v(1000000.000000,250.000000,-400000.000000)
v(1000000.000000,250.000000,-300000.000000)
v(1000000.000000,250.000000,-200000.000000)
v(1000000.000000,250.000000,-100000.000000)
v(1000000.000000,250.000000,0.000000)
v(1000000.000000,250.000000,100000.000000)
v(1000000.000000,250.000000,200000.000000)
v(1000000.000000,250.000000,300000.000000)
v(1000000.000000,250.000000,400000.000000)
v(1000000.000000,250.000000,500000.000000)
v(1000000.000000,250.000000,600000.000000)
v(1000000.000000,250.000000,700000.000000)
v(1000000.000000,250.000000,800000.000000)
v(1000000.000000,250.000000,900000.000000)
v(1000000.000000,250.000000,1000000.000000)

<p>
c(172,189,230)
n(0.000000,1.000000,0.000000)
C(-950000.000000,250.000000,-950000.000000)
p(4,0,1,2,3)
t(1,0,3)
t(3,2,1)
</p>

<p>
c(172,189,230)
n(0.000000,1.000000,0.000000)
C(-950000.000000,250.000000,-850000.000000)
p(4,3,2,4,5)
t(2,3,5)
t(5,4,2)
</p>

<p>
c(172,189,230)
n(0.000000,1.000000,0.000000)
C(-950000.000000,250.000000,-750000.000000)
p(4,5,4,6,7)
t(4,5,7)
t(7,6,4)
</p>

<p>
c(172,189,230)
n(0.000000,1.000000,0.000000)
C(-950000.000000,250.000000,-650000.000000)
p(4,7,6,8,9)
t(6,7,9)
t(9,8,6)
</p>

<p>
c(172,189,230)
n(0.000000,1.000000,0.000000)
C(-950000.000000,250.000000,-550000.000000)
p(4,9,8,10,11)
t(8,9,11)
t(11,10,8)
</p>

<p>
c(172,189,230)
n(0.000000,1.000000,0.000000)
C(-950000.000000,250.000000,-450000.000000)
p(4,11,10,12,13)
t(10,11,13)
t(13,12,10)
</p>

<p>
c(172,189,230)
n(0.000000,1.000000,0.000000)
C(-950000.000000,250.000000,-350000.000000)
p(4,13,12,14,15)
t(12,13,15)
t(15,14,12)
</p>

<p>
c(172,189,230)
n(0.000000,1.000000,0.000000)
C(-950000.000000,250.000000,-250000.000000)
p(4,15,14,16,17)
t(14,15,17)
t(17,16,14)
</p>

<p>
c(172,189,230)
n(0.000000,1.000000,0.000000)
C(-950000.000000,250.000000,-150000.000000)
p(4,17,16,18,19)
t(16,17,19)
t(19,18,16)
</p>

<p>
c(172,189,230)
n(0.000000,1.000000,0.000000)
C(-950000.000000,250.000000,-50000.000000)
p(4,19,18,20,21)
t(18,19,21)
t(21,20,18)
</p>

<p>
c(172,189,230)
n(0.000000,1.000000,0.000000)
C(-950000.000000,250.000000,50000.000000)
p(4,21,20,22,23)
t(20,21,23)
t(23,22,20)
</p>

<p>
c(172,189,230)
n(0.000000,1.000000,0.000000)
C(-950000.000000,250.000000,150000.000000)
p(4,23,22,24,25)
t(22,23,25)
t(25,24,22)
</p>

<p>
c(172,189,230)
n(0.000000,1.000000,0.000000)
C(-950000.000000,250.000000,250000.000000)
p(4,25,24,26,27)
t(24,25,27)
t(27,26,24)
</p>

<p>
c(172,189,230)
n(0.000000,1.000000,0.000000)
C(-950000.000000,250.000000,350000.000000)
p(4,27,26,28,29)
t(26,27,29)
t(29,28,26)
</p>

<p>
c(172,189,230)
n(0.000000,1.000000,0.000000)
C(-950000.000000,250.000000,450000.000000)
p(4,29,28,30,31)
t(28,29,31)
t(31,30,28)
</p>

<p>
c(172,189,230)
n(0.000000,1.000000,0.000000)
C(-950000.000000,250.000000,550000.000000)
p(4,31,30,32,33)
t(30,31,33)
t(33,32,30)
</p>

<p>
c(172,189,230)
n(0.000000,1.000000,0.000000)
C(-950000.000000,250.000000,650000.000000)
p(4,33,32,34,35)
t(32,33,35)
t(35,34,32)
</p>

<p>
c(172,189,230)
n(0.000000,1.000000,0.000000)
C(-950000.000000,250.000000,750000.000000)
p(4,35,34,36,37)
t(34,35,37)
t(37,36,34)
</p>

<p>
c(172,189,230)
n(0.000000,1.000000,0.000000)
C(-950000.000000,250.000000,850000.000000)
p(4,37,36,38,39)
t(36,37,39)
t(39,38,36)
</p>

<p>
c(172,189,230)
n(0.000000,1.000000,0.000000)
C(-950000.000000,250.000000,950000.000000)
p(4,39,38,40,41)
t(38,39,41)
t(41,40,38)
</p>

<p>
c(172,189,230)
n(0.000000,1.000000,0.000000)
C(-850000.000000,250.000000,-950000.000000)
p(4,1,42,43,2)
t(42,1,2)
t(2,43,42)
</p>

<p>
c(172,189,230)
n(0.000000,1.000000,0.000000)
C(-850000.000000,250.000000,-850000.000000)
p(4,2,43,44,4)
t(43,2,4)
t(4,44,43)
</p>

<p>
c(172,189,230)
n(0.000000,1.000000,0.000000)
C(-850000.000000,250.000000,-750000.000000)
p(4,4,44,45,6)
t(44,4,6)
t(6,45,44)
</p>

<p>
c(172,189,230)
n(0.000000,1.000000,0.000000)
C(-850000.000000,250.000000,-650000.000000)
p(4,6,45,46,8)
t(45,6,8)
t(8,46,45)
</p>

<p>
c(172,189,230)
n(0.000000,1.000000,0.000000)
C(-850000.000000,250.000000,-550000.000000)
p(4,8,46,47,10)
t(46,8,10)
t(10,47,46)
</p>

<p>
c(172,189,230)
n(0.000000,1.000000,0.000000)
C(-850000.000000,250.000000,-450000.000000)
p(4,10,47,48,12)
t(47,10,12)
t(12,48,47)
</p>

<p>
c(172,189,230)
n(0.000000,1.000000,0.000000)
C(-850000.000000,250.000000,-350000.000000)
p(4,12,48,49,14)
t(48,12,14)
t(14,49,48)
</p>

<p>
c(172,189,230)
n(0.000000,1.000000,0.000000)
C(-850000.000000,250.000000,-250000.000000)
p(4,14,49,50,16)
t(49,14,16)
t(16,50,49)
</p>

<p>
c(172,189,230)
n(0.000000,1.000000,0.000000)
C(-850000.000000,250.000000,-150000.000000)
p(4,16,50,51,18)
t(50,16,18)
t(18,51,50)
</p>

<p>
c(172,189,230)
n(0.000000,1.000000,0.000000)
C(-850000.000000,250.000000,-50000.000000)
p(4,18,51,52,20)
t(51,18,20)
t(20,52,51)
</p>

<p>
c(172,189,230)
n(0.000000,1.000000,0.000000)
C(-850000.000000,250.000000,50000.000000)
p(4,20,52,53,22)
t(52,20,22)
t(22,53,52)
</p>

<p>
c(172,189,230)
n(0.000000,1.000000,0.000000)
C(-850000.000000,250.000000,150000.000000)
p(4,22,53,54,24)
t(53,22,24)
t(24,54,53)
</p>

<p>
c(172,189,230)
n(0.000000,1.000000,0.000000)
C(-850000.000000,250.000000,250000.000000)
p(4,24,54,55,26)
t(54,24,26)
t(26,55,54)
</p>

<p>
c(172,189,230)
n(0.000000,1.000000,0.000000)
C(-850000.000000,250.000000,350000.000000)
p(4,26,55,56,28)
t(55,26,28)
t(28,56,55)
</p>

<p>
c(172,189,230)
n(0.000000,1.000000,0.000000)
C(-850000.000000,250.000000,450000.000000)
p(4,28,56,57,30)
t(56,28,30)
t(30,57,56)
</p>

<p>
c(172,189,230)
n(0.000000,1.000000,0.000000)
C(-850000.000000,250.000000,550000.000000)
p(4,30,57,58,32)
t(57,30,32)
t(32,58,57)
</p>

<p>
c(172,189,230)
n(0.000000,1.000000,0.000000)
C(-850000.000000,250.000000,650000.000000)
p(4,32,58,59,34)
t(58,32,34)
t(34,59,58)
</p>

<p>
c(172,189,230)
n(0.000000,1.000000,0.000000)
C(-850000.000000,250.000000,750000.000000)
p(4,34,59,60,36)
t(59,34,36)
t(36,60,59)
</p>

<p>
c(172,189,230)
n(0.000000,1.000000,0.000000)
C(-850000.000000,250.000000,850000.000000)
p(4,36,60,61,38)
t(60,36,38)
t(38,61,60)
</p>

<p>
c(172,189,230)
n(0.000000,1.000000,0.000000)
C(-850000.000000,250.000000,950000.000000)
p(4,38,61,62,40)
t(61,38,40)
t(40,62,61)
</p>

<p>
c(172,189,230)
n(0.000000,1.000000,0.000000)
C(-750000.000000,250.000000,-950000.000000)
p(4,42,63,64,43)
t(63,42,43)
t(43,64,63)
</p>

<p>
c(172,189,230)
n(0.000000,1.000000,0.000000)
C(-750000.000000,250.000000,-850000.000000)
p(4,43,64,65,44)
t(64,43,44)
t(44,65,64)
</p>

<p>
c(172,189,230)
n(0.000000,1.000000,0.000000)
C(-750000.000000,250.000000,-750000.000000)
p(4,44,65,66,45)
t(65,44,45)
t(45,66,65)
</p>

<p>
c(172,189,230)
n(0.000000,1.000000,0.000000)
C(-750000.000000,250.000000,-650000.000000)
p(4,45,66,67,46)
t(66,45,46)
t(46,67,66)
</p>

<p>
c(172,189,230)
n(0.000000,1.000000,0.000000)
C(-750000.000000,250.000000,-550000.000000)
p(4,46,67,68,47)
t(67,46,47)
t(47,68,67)
</p>

<p>
c(172,189,230)
n(0.000000,1.000000,0.000000)
C(-750000.000000,250.000000,-450000.000000)
p(4,47,68,69,48)
t(68,47,48)
t(48,69,68)
</p>

<p>
c(172,189,230)
n(0.000000,1.000000,0.000000)
C(-750000.000000,250.000000,-350000.000000)
p(4,48,69,70,49)
t(69,48,49)
t(49,70,69)
</p>

<p>
c(172,189,230)
n(0.000000,1.000000,0.000000)
C(-750000.000000,250.000000,-250000.000000)
p(4,49,70,71,50)
t(70,49,50)
t(50,71,70)
</p>

<p>
c(172,189,230)
n(0.000000,1.000000,0.000000)
C(-750000.000000,250.000000,-150000.000000)
p(4,50,71,72,51)
t(71,50,51)
t(51,72,71)
</p>

<p>
c(172,189,230)
n(0.000000,1.000000,0.000000)
C(-750000.000000,250.000000,-50000.000000)
p(4,51,72,73,52)
t(72,51,52)
t(52,73,72)
</p>

<p>
c(172,189,230)
n(0.000000,1.000000,0.000000)
C(-750000.000000,250.000000,50000.000000)
p(4,52,73,74,53)
t(73,52,53)
t(53,74,73)
</p>

<p>
c(172,189,230)
n(0.000000,1.000000,0.000000)
C(-750000.000000,250.000000,150000.000000)
p(4,53,74,75,54)
t(74,53,54)
t(54,75,74)
</p>

<p>
c(172,189,230)
n(0.000000,1.000000,0.000000)
C(-750000.000000,250.000000,250000.000000)
p(4,54,75,76,55)
t(75,54,55)
t(55,76,75)
</p>

<p>
c(172,189,230)
n(0.000000,1.000000,0.000000)
C(-750000.000000,250.000000,350000.000000)
p(4,55,76,77,56)
t(76,55,56)
t(56,77,76)
</p>

<p>
c(172,189,230)
n(0.000000,1.000000,0.000000)
C(-750000.000000,250.000000,450000.000000)
p(4,56,77,78,57)
t(77,56,57)
t(57,78,77)
</p>

<p>
c(172,189,230)
n(0.000000,1.000000,0.000000)
C(-750000.000000,250.000000,550000.000000)
p(4,57,78,79,58)
t(78,57,58)
t(58,79,78)
</p>

<p>
c(172,189,230)
n(0.000000,1.000000,0.000000)
C(-750000.000000,250.000000,650000.000000)
p(4,58,79,80,59)
t(79,58,59)
t(59,80,79)
</p>

<p>
c(172,189,230)
n(0.000000,1.000000,0.000000)
C(-750000.000000,250.000000,750000.000000)
p(4,59,80,81,60)
t(80,59,60)
t(60,81,80)
</p>

<p>
c(172,189,230)
n(0.000000,1.000000,0.000000)
C(-750000.000000,250.000000,850000.000000)
p(4,60,81,82,61)
t(81,60,61)
t(61,82,81)
</p>

<p>
c(172,189,230)
n(0.000000,1.000000,0.000000)
C(-750000.000000,250.000000,950000.000000)
p(4,61,82,83,62)
t(82,61,62)
t(62,83,82)
</p>

<p>
c(172,189,230)
n(0.000000,1.000000,0.000000)
C(-650000.000000,250.000000,-950000.000000)
p(4,63,84,85,64)
t(84,63,64)
t(64,85,84)
</p>

<p>
c(172,189,230)
n(0.000000,1.000000,0.000000)
C(-650000.000000,250.000000,-850000.000000)
p(4,64,85,86,65)
t(85,64,65)
t(65,86,85)
</p>

<p>
c(172,189,230)
n(0.000000,1.000000,0.000000)
C(-650000.000000,250.000000,-750000.000000)
p(4,65,86,87,66)
t(86,65,66)
t(66,87,86)
</p>

<p>
c(172,189,230)
n(0.000000,1.000000,0.000000)
C(-650000.000000,250.000000,-650000.000000)
p(4,66,87,88,67)
t(87,66,67)
t(67,88,87)
</p>

<p>
c(172,189,230)
n(0.000000,1.000000,0.000000)
C(-650000.000000,250.000000,-550000.000000)
p(4,67,88,89,68)
t(88,67,68)
t(68,89,88)
</p>

<p>
c(172,189,230)
n(0.000000,1.000000,0.000000)
C(-650000.000000,250.000000,-450000.000000)
p(4,68,89,90,69)
t(89,68,69)
t(69,90,89)
</p>

<p>
c(172,189,230)
n(0.000000,1.000000,0.000000)
C(-650000.000000,250.000000,-350000.000000)
p(4,69,90,91,70)
t(90,69,70)
t(70,91,90)
</p>

<p>
c(172,189,230)
n(0.000000,1.000000,0.000000)
C(-650000.000000,250.000000,-250000.000000)
p(4,70,91,92,71)
t(91,70,71)
t(71,92,91)
</p>

<p>
c(172,189,230)
n(0.000000,1.000000,0.000000)
C(-650000.000000,250.000000,-150000.000000)
p(4,71,92,93,72)
t(92,71,72)
t(72,93,92)
</p>

<p>
c(172,189,230)
n(0.000000,1.000000,0.000000)
C(-650000.000000,250.000000,-50000.000000)
p(4,72,93,94,73)
t(93,72,73)
t(73,94,93)
</p>

<p>
c(172,189,230)
n(0.000000,1.000000,0.000000)
C(-650000.000000,250.000000,50000.000000)
p(4,73,94,95,74)
t(94,73,74)
t(74,95,94)
</p>

<p>
c(172,189,230)
n(0.000000,1.000000,0.000000)
C(-650000.000000,250.000000,150000.000000)
p(4,74,95,96,75)
t(95,74,75)
t(75,96,95)
</p>

<p>
c(172,189,230)
n(0.000000,1.000000,0.000000)
C(-650000.000000,250.000000,250000.000000)
p(4,75,96,97,76)
t(96,75,76)
t(76,97,96)
</p>

<p>
c(172,189,230)
n(0.000000,1.000000,0.000000)
C(-650000.000000,250.000000,350000.000000)
p(4,76,97,98,77)
t(97,76,77)
t(77,98,97)
</p>

<p>
c(172,189,230)
n(0.000000,1.000000,0.000000)
C(-650000.000000,250.000000,450000.000000)
p(4,77,98,99,78)
t(98,77,78)
t(78,99,98)
</p>

<p>
c(172,189,230)
n(0.000000,1.000000,0.000000)
C(-650000.000000,250.000000,550000.000000)
p(4,78,99,100,79)
t(99,78,79)
t(79,100,99)
</p>

<p>
c(172,189,230)
n(0.000000,1.000000,0.000000)
C(-650000.000000,250.000000,650000.000000)
p(4,79,100,101,80)
t(100,79,80)
t(80,101,100)
</p>

<p>
c(172,189,230)
n(0.000000,1.000000,0.000000)
C(-650000.000000,250.000000,750000.000000)
p(4,80,101,102,81)
t(101,80,81)
t(81,102,101)
</p>

<p>
c(172,189,230)
n(0.000000,1.000000,0.000000)
C(-650000.000000,250.000000,850000.000000)
p(4,81,102,103,82)
t(102,81,82)
t(82,103,102)
</p>

<p>
c(172,189,230)
n(0.000000,1.000000,0.000000)
C(-650000.000000,250.000000,950000.000000)
p(4,82,103,104,83)
t(103,82,83)
t(83,104,103)
</p>

<p>
c(172,189,230)
n(0.000000,1.000000,0.000000)
C(-550000.000000,250.000000,-950000.000000)
p(4,84,105,106,85)
t(105,84,85)
t(85,106,105)
</p>

<p>
c(172,189,230)
n(0.000000,1.000000,0.000000)
C(-550000.000000,250.000000,-850000.000000)
p(4,85,106,107,86)
t(106,85,86)
t(86,107,106)
</p>

<p>
c(172,189,230)
n(0.000000,1.000000,0.000000)
C(-550000.000000,250.000000,-750000.000000)
p(4,86,107,108,87)
t(107,86,87)
t(87,108,107)
</p>

<p>
c(172,189,230)
n(0.000000,1.000000,0.000000)
C(-550000.000000,250.000000,-650000.000000)
p(4,87,108,109,88)
t(108,87,88)
t(88,109,108)
</p>

<p>
c(172,189,230)
n(0.000000,1.000000,0.000000)
C(-550000.000000,250.000000,-550000.000000)
p(4,88,109,110,89)
t(109,88,89)
t(89,110,109)
</p>

<p>
c(172,189,230)
n(0.000000,1.000000,0.000000)
C(-550000.000000,250.000000,-450000.000000)
p(4,89,110,111,90)
t(110,89,90)
t(90,111,110)
</p>

<p>
c(172,189,230)
n(0.000000,1.000000,0.000000)
C(-550000.000000,250.000000,-350000.000000)
p(4,90,111,112,91)
t(111,90,91)
t(91,112,111)
</p>

<p>
c(172,189,230)
n(0.000000,1.000000,0.000000)
C(-550000.000000,250.000000,-250000.000000)
p(4,91,112,113,92)
t(112,91,92)
t(92,113,112)
</p>

<p>
c(172,189,230)
n(0.000000,1.000000,0.000000)
C(-550000.000000,250.000000,-150000.000000)
p(4,92,113,114,93)
t(113,92,93)
t(93,114,113)
</p>

<p>
c(172,189,230)
n(0.000000,1.000000,0.000000)
C(-550000.000000,250.000000,-50000.000000)
p(4,93,114,115,94)
t(114,93,94)
t(94,115,114)
</p>

<p>
c(172,189,230)
n(0.000000,1.000000,0.000000)
C(-550000.000000,250.000000,50000.000000)
p(4,94,115,116,95)
t(115,94,95)
t(95,116,115)
</p>

<p>
c(172,189,230)
n(0.000000,1.000000,0.000000)
C(-550000.000000,250.000000,150000.000000)
p(4,95,116,117,96)
t(116,95,96)
t(96,117,116)
</p>

<p>
c(172,189,230)
n(0.000000,1.000000,0.000000)
C(-550000.000000,250.000000,250000.000000)
p(4,96,117,118,97)
t(117,96,97)
t(97,118,117)
</p>

<p>
c(172,189,230)
n(0.000000,1.000000,0.000000)
C(-550000.000000,250.000000,350000.000000)
p(4,97,118,119,98)
t(118,97,98)
t(98,119,118)
</p>

<p>
c(172,189,230)
n(0.000000,1.000000,0.000000)
C(-550000.000000,250.000000,450000.000000)
p(4,98,119,120,99)
t(119,98,99)
t(99,120,119)
</p>

<p>
c(172,189,230)
n(0.000000,1.000000,0.000000)
C(-550000.000000,250.000000,550000.000000)
p(4,99,120,121,100)
t(120,99,100)
t(100,121,120)
</p>

<p>
c(172,189,230)
n(0.000000,1.000000,0.000000)
C(-550000.000000,250.000000,650000.000000)
p(4,100,121,122,101)
t(121,100,101)
t(101,122,121)
</p>

<p>
c(172,189,230)
n(0.000000,1.000000,0.000000)
C(-550000.000000,250.000000,750000.000000)
p(4,101,122,123,102)
t(122,101,102)
t(102,123,122)
</p>

<p>
c(172,189,230)
n(0.000000,1.000000,0.000000)
C(-550000.000000,250.000000,850000.000000)
p(4,102,123,124,103)
t(123,102,103)
t(103,124,123)
</p>

<p>
c(172,189,230)
n(0.000000,1.000000,0.000000)
C(-550000.000000,250.000000,950000.000000)
p(4,103,124,125,104)
t(124,103,104)
t(104,125,124)
</p>

<p>
c(172,189,230)
n(0.000000,1.000000,0.000000)
C(-450000.000000,250.000000,-950000.000000)
p(4,105,126,127,106)
t(126,105,106)
t(106,127,126)
</p>

<p>
c(172,189,230)
n(0.000000,1.000000,0.000000)
C(-450000.000000,250.000000,-850000.000000)
p(4,106,127,128,107)
t(127,106,107)
t(107,128,127)
</p>

<p>
c(172,189,230)
n(0.000000,1.000000,0.000000)
C(-450000.000000,250.000000,-750000.000000)
p(4,107,128,129,108)
t(128,107,108)
t(108,129,128)
</p>

<p>
c(172,189,230)
n(0.000000,1.000000,0.000000)
C(-450000.000000,250.000000,-650000.000000)
p(4,108,129,130,109)
t(129,108,109)
t(109,130,129)
</p>

<p>
c(172,189,230)
n(0.000000,1.000000,0.000000)
C(-450000.000000,250.000000,-550000.000000)
p(4,109,130,131,110)
t(130,109,110)
t(110,131,130)
</p>

<p>
c(172,189,230)
n(0.000000,1.000000,0.000000)
C(-450000.000000,250.000000,-450000.000000)
p(4,110,131,132,111)
t(131,110,111)
t(111,132,131)
</p>

<p>
c(172,189,230)
n(0.000000,1.000000,0.000000)
C(-450000.000000,250.000000,-350000.000000)
p(4,111,132,133,112)
t(132,111,112)
t(112,133,132)
</p>

<p>
c(172,189,230)
n(0.000000,1.000000,0.000000)
C(-450000.000000,250.000000,-250000.000000)
p(4,112,133,134,113)
t(133,112,113)
t(113,134,133)
</p>

<p>
c(172,189,230)
n(0.000000,1.000000,0.000000)
C(-450000.000000,250.000000,-150000.000000)
p(4,113,134,135,114)
t(134,113,114)
t(114,135,134)
</p>

<p>
c(172,189,230)
n(0.000000,1.000000,0.000000)
C(-450000.000000,250.000000,-50000.000000)
p(4,114,135,136,115)
t(135,114,115)
t(115,136,135)
</p>

<p>
c(172,189,230)
n(0.000000,1.000000,0.000000)
C(-450000.000000,250.000000,50000.000000)
p(4,115,136,137,116)
t(136,115,116)
t(116,137,136)
</p>

<p>
c(172,189,230)
n(0.000000,1.000000,0.000000)
C(-450000.000000,250.000000,150000.000000)
p(4,116,137,138,117)
t(137,116,117)
t(117,138,137)
</p>

<p>
c(172,189,230)
n(0.000000,1.000000,0.000000)
C(-450000.000000,250.000000,250000.000000)
p(4,117,138,139,118)
t(138,117,118)
t(118,139,138)
</p>

<p>
c(172,189,230)
n(0.000000,1.000000,0.000000)
C(-450000.000000,250.000000,350000.000000)
p(4,118,139,140,119)
t(139,118,119)
t(119,140,139)
</p>

<p>
c(172,189,230)
n(0.000000,1.000000,0.000000)
C(-450000.000000,250.000000,450000.000000)
p(4,119,140,141,120)
t(140,119,120)
t(120,141,140)
</p>

<p>
c(172,189,230)
n(0.000000,1.000000,0.000000)
C(-450000.000000,250.000000,550000.000000)
p(4,120,141,142,121)
t(141,120,121)
t(121,142,141)
</p>

<p>
c(172,189,230)
n(0.000000,1.000000,0.000000)
C(-450000.000000,250.000000,650000.000000)
p(4,121,142,143,122)
t(142,121,122)
t(122,143,142)
</p>

<p>
c(172,189,230)
n(0.000000,1.000000,0.000000)
C(-450000.000000,250.000000,750000.000000)
p(4,122,143,144,123)
t(143,122,123)
t(123,144,143)
</p>

<p>
c(172,189,230)
n(0.000000,1.000000,0.000000)
C(-450000.000000,250.000000,850000.000000)
p(4,123,144,145,124)
t(144,123,124)
t(124,145,144)
</p>

<p>
c(172,189,230)
n(0.000000,1.000000,0.000000)
C(-450000.000000,250.000000,950000.000000)
p(4,124,145,146,125)
t(145,124,125)
t(125,146,145)
</p>

<p>
c(172,189,230)
n(0.000000,1.000000,0.000000)
C(-350000.000000,250.000000,-950000.000000)
p(4,126,147,148,127)
t(147,126,127)
t(127,148,147)
</p>

<p>
c(172,189,230)
n(0.000000,1.000000,0.000000)
C(-350000.000000,250.000000,-850000.000000)
p(4,127,148,149,128)
t(148,127,128)
t(128,149,148)
</p>

<p>
c(172,189,230)
n(0.000000,1.000000,0.000000)
C(-350000.000000,250.000000,-750000.000000)
p(4,128,149,150,129)
t(149,128,129)
t(129,150,149)
</p>

<p>
c(172,189,230)
n(0.000000,1.000000,0.000000)
C(-350000.000000,250.000000,-650000.000000)
p(4,129,150,151,130)
t(150,129,130)
t(130,151,150)
</p>

<p>
c(172,189,230)
n(0.000000,1.000000,0.000000)
C(-350000.000000,250.000000,-550000.000000)
p(4,130,151,152,131)
t(151,130,131)
t(131,152,151)
</p>

<p>
c(172,189,230)
n(0.000000,1.000000,0.000000)
C(-350000.000000,250.000000,-450000.000000)
p(4,131,152,153,132)
t(152,131,132)
t(132,153,152)
</p>

<p>
c(172,189,230)
n(0.000000,1.000000,0.000000)
C(-350000.000000,250.000000,-350000.000000)
p(4,132,153,154,133)
t(153,132,133)
t(133,154,153)
</p>

<p>
c(172,189,230)
n(0.000000,1.000000,0.000000)
C(-350000.000000,250.000000,-250000.000000)
p(4,133,154,155,134)
t(154,133,134)
t(134,155,154)
</p>

<p>
c(172,189,230)
n(0.000000,1.000000,0.000000)
C(-350000.000000,250.000000,-150000.000000)
p(4,134,155,156,135)
t(155,134,135)
t(135,156,155)
</p>

<p>
c(172,189,230)
n(0.000000,1.000000,0.000000)
C(-350000.000000,250.000000,-50000.000000)
p(4,135,156,157,136)
t(156,135,136)
t(136,157,156)
</p>

<p>
c(172,189,230)
n(0.000000,1.000000,0.000000)
C(-350000.000000,250.000000,50000.000000)
p(4,136,157,158,137)
t(157,136,137)
t(137,158,157)
</p>

<p>
c(172,189,230)
n(0.000000,1.000000,0.000000)
C(-350000.000000,250.000000,150000.000000)
p(4,137,158,159,138)
t(158,137,138)
t(138,159,158)
</p>

<p>
c(172,189,230)
n(0.000000,1.000000,0.000000)
C(-350000.000000,250.000000,250000.000000)
p(4,138,159,160,139)
t(159,138,139)
t(139,160,159)
</p>

<p>
c(172,189,230)
n(0.000000,1.000000,0.000000)
C(-350000.000000,250.000000,350000.000000)
p(4,139,160,161,140)
t(160,139,140)
t(140,161,160)
</p>

<p>
c(172,189,230)
n(0.000000,1.000000,0.000000)
C(-350000.000000,250.000000,450000.000000)
p(4,140,161,162,141)
t(161,140,141)
t(141,162,161)
</p>

<p>
c(172,189,230)
n(0.000000,1.000000,0.000000)
C(-350000.000000,250.000000,550000.000000)
p(4,141,162,163,142)
t(162,141,142)
t(142,163,162)
</p>

<p>
c(172,189,230)
n(0.000000,1.000000,0.000000)
C(-350000.000000,250.000000,650000.000000)
p(4,142,163,164,143)
t(163,142,143)
t(143,164,163)
</p>

<p>
c(172,189,230)
n(0.000000,1.000000,0.000000)
C(-350000.000000,250.000000,750000.000000)
p(4,143,164,165,144)
t(164,143,144)
t(144,165,164)
</p>

<p>
c(172,189,230)
n(0.000000,1.000000,0.000000)
C(-350000.000000,250.000000,850000.000000)
p(4,144,165,166,145)
t(165,144,145)
t(145,166,165)
</p>

<p>
c(172,189,230)
n(0.000000,1.000000,0.000000)
C(-350000.000000,250.000000,950000.000000)
p(4,145,166,167,146)
t(166,145,146)
t(146,167,166)
</p>

<p>
c(172,189,230)
n(0.000000,1.000000,0.000000)
C(-250000.000000,250.000000,-950000.000000)
p(4,147,168,169,148)
t(168,147,148)
t(148,169,168)
</p>

<p>
c(172,189,230)
n(0.000000,1.000000,0.000000)
C(-250000.000000,250.000000,-850000.000000)
p(4,148,169,170,149)
t(169,148,149)
t(149,170,169)
</p>

<p>
c(172,189,230)
n(0.000000,1.000000,0.000000)
C(-250000.000000,250.000000,-750000.000000)
p(4,149,170,171,150)
t(170,149,150)
t(150,171,170)
</p>

<p>
c(172,189,230)
n(0.000000,1.000000,0.000000)
C(-250000.000000,250.000000,-650000.000000)
p(4,150,171,172,151)
t(171,150,151)
t(151,172,171)
</p>

<p>
c(172,189,230)
n(0.000000,1.000000,0.000000)
C(-250000.000000,250.000000,-550000.000000)
p(4,151,172,173,152)
t(172,151,152)
t(152,173,172)
</p>

<p>
c(172,189,230)
n(0.000000,1.000000,0.000000)
C(-250000.000000,250.000000,-450000.000000)
p(4,152,173,174,153)
t(173,152,153)
t(153,174,173)
</p>

<p>
c(172,189,230)
n(0.000000,1.000000,0.000000)
C(-250000.000000,250.000000,-350000.000000)
p(4,153,174,175,154)
t(174,153,154)
t(154,175,174)
</p>

<p>
c(172,189,230)
n(0.000000,1.000000,0.000000)
C(-250000.000000,250.000000,-250000.000000)
p(4,154,175,176,155)
t(175,154,155)
t(155,176,175)
</p>

<p>
c(172,189,230)
n(0.000000,1.000000,0.000000)
C(-250000.000000,250.000000,-150000.000000)
p(4,155,176,177,156)
t(176,155,156)
t(156,177,176)
</p>

<p>
c(172,189,230)
n(0.000000,1.000000,0.000000)
C(-250000.000000,250.000000,-50000.000000)
p(4,156,177,178,157)
t(177,156,157)
t(157,178,177)
</p>

<p>
c(172,189,230)
n(0.000000,1.000000,0.000000)
C(-250000.000000,250.000000,50000.000000)
p(4,157,178,179,158)
t(178,157,158)
t(158,179,178)
</p>

<p>
c(172,189,230)
n(0.000000,1.000000,0.000000)
C(-250000.000000,250.000000,150000.000000)
p(4,158,179,180,159)
t(179,158,159)
t(159,180,179)
</p>

<p>
c(172,189,230)
n(0.000000,1.000000,0.000000)
C(-250000.000000,250.000000,250000.000000)
p(4,159,180,181,160)
t(180,159,160)
t(160,181,180)
</p>

<p>
c(172,189,230)
n(0.000000,1.000000,0.000000)
C(-250000.000000,250.000000,350000.000000)
p(4,160,181,182,161)
t(181,160,161)
t(161,182,181)
</p>

<p>
c(172,189,230)
n(0.000000,1.000000,0.000000)
C(-250000.000000,250.000000,450000.000000)
p(4,161,182,183,162)
t(182,161,162)
t(162,183,182)
</p>

<p>
c(172,189,230)
n(0.000000,1.000000,0.000000)
C(-250000.000000,250.000000,550000.000000)
p(4,162,183,184,163)
t(183,162,163)
t(163,184,183)
</p>

<p>
c(172,189,230)
n(0.000000,1.000000,0.000000)
C(-250000.000000,250.000000,650000.000000)
p(4,163,184,185,164)
t(184,163,164)
t(164,185,184)
</p>

<p>
c(172,189,230)
n(0.000000,1.000000,0.000000)
C(-250000.000000,250.000000,750000.000000)
p(4,164,185,186,165)
t(185,164,165)
t(165,186,185)
</p>

<p>
c(172,189,230)
n(0.000000,1.000000,0.000000)
C(-250000.000000,250.000000,850000.000000)
p(4,165,186,187,166)
t(186,165,166)
t(166,187,186)
</p>

<p>
c(172,189,230)
n(0.000000,1.000000,0.000000)
C(-250000.000000,250.000000,950000.000000)
p(4,166,187,188,167)
t(187,166,167)
t(167,188,187)
</p>

<p>
c(172,189,230)
n(0.000000,1.000000,0.000000)
C(-150000.000000,250.000000,-950000.000000)
p(4,168,189,190,169)
t(189,168,169)
t(169,190,189)
</p>

<p>
c(172,189,230)
n(0.000000,1.000000,0.000000)
C(-150000.000000,250.000000,-850000.000000)
p(4,169,190,191,170)
t(190,169,170)
t(170,191,190)
</p>

<p>
c(172,189,230)
n(0.000000,1.000000,0.000000)
C(-150000.000000,250.000000,-750000.000000)
p(4,170,191,192,171)
t(191,170,171)
t(171,192,191)
</p>

<p>
c(172,189,230)
n(0.000000,1.000000,0.000000)
C(-150000.000000,250.000000,-650000.000000)
p(4,171,192,193,172)
t(192,171,172)
t(172,193,192)
</p>

<p>
c(172,189,230)
n(0.000000,1.000000,0.000000)
C(-150000.000000,250.000000,-550000.000000)
p(4,172,193,194,173)
t(193,172,173)
t(173,194,193)
</p>

<p>
c(172,189,230)
n(0.000000,1.000000,0.000000)
C(-150000.000000,250.000000,-450000.000000)
p(4,173,194,195,174)
t(194,173,174)
t(174,195,194)
</p>

<p>
c(172,189,230)
n(0.000000,1.000000,0.000000)
C(-150000.000000,250.000000,-350000.000000)
p(4,174,195,196,175)
t(195,174,175)
t(175,196,195)
</p>

<p>
c(172,189,230)
n(0.000000,1.000000,0.000000)
C(-150000.000000,250.000000,-250000.000000)
p(4,175,196,197,176)
t(196,175,176)
t(176,197,196)
</p>

<p>
c(172,189,230)
n(0.000000,1.000000,0.000000)
C(-150000.000000,250.000000,-150000.000000)
p(4,176,197,198,177)
t(197,176,177)
t(177,198,197)
</p>

<p>
c(172,189,230)
n(0.000000,1.000000,0.000000)
C(-150000.000000,250.000000,-50000.000000)
p(4,177,198,199,178)
t(198,177,178)
t(178,199,198)
</p>

<p>
c(172,189,230)
n(0.000000,1.000000,0.000000)
C(-150000.000000,250.000000,50000.000000)
p(4,178,199,200,179)
t(199,178,179)
t(179,200,199)
</p>

<p>
c(172,189,230)
n(0.000000,1.000000,0.000000)
C(-150000.000000,250.000000,150000.000000)
p(4,179,200,201,180)
t(200,179,180)
t(180,201,200)
</p>

<p>
c(172,189,230)
n(0.000000,1.000000,0.000000)
C(-150000.000000,250.000000,250000.000000)
p(4,180,201,202,181)
t(201,180,181)
t(181,202,201)
</p>

<p>
c(172,189,230)
n(0.000000,1.000000,0.000000)
C(-150000.000000,250.000000,350000.000000)
p(4,181,202,203,182)
t(202,181,182)
t(182,203,202)
</p>

<p>
c(172,189,230)
n(0.000000,1.000000,0.000000)
C(-150000.000000,250.000000,450000.000000)
p(4,182,203,204,183)
t(203,182,183)
t(183,204,203)
</p>

<p>
c(172,189,230)
n(0.000000,1.000000,0.000000)
C(-150000.000000,250.000000,550000.000000)
p(4,183,204,205,184)
t(204,183,184)
t(184,205,204)
</p>

<p>
c(172,189,230)
n(0.000000,1.000000,0.000000)
C(-150000.000000,250.000000,650000.000000)
p(4,184,205,206,185)
t(205,184,185)
t(185,206,205)
</p>

<p>
c(172,189,230)
n(0.000000,1.000000,0.000000)
C(-150000.000000,250.000000,750000.000000)
p(4,185,206,207,186)
t(206,185,186)
t(186,207,206)
</p>

<p>
c(172,189,230)
n(0.000000,1.000000,0.000000)
C(-150000.000000,250.000000,850000.000000)
p(4,186,207,208,187)
t(207,186,187)
t(187,208,207)
</p>

<p>
c(172,189,230)
n(0.000000,1.000000,0.000000)
C(-150000.000000,250.000000,950000.000000)
p(4,187,208,209,188)
t(208,187,188)
t(188,209,208)
</p>

<p>
c(172,189,230)
n(0.000000,1.000000,0.000000)
C(-50000.000000,250.000000,-950000.000000)
p(4,189,210,211,190)
t(210,189,190)
t(190,211,210)
</p>

<p>
c(172,189,230)
n(0.000000,1.000000,0.000000)
C(-50000.000000,250.000000,-850000.000000)
p(4,190,211,212,191)
t(211,190,191)
t(191,212,211)
</p>

<p>
c(172,189,230)
n(0.000000,1.000000,0.000000)
C(-50000.000000,250.000000,-750000.000000)
p(4,191,212,213,192)
t(212,191,192)
t(192,213,212)
</p>

<p>
c(172,189,230)
n(0.000000,1.000000,0.000000)
C(-50000.000000,250.000000,-650000.000000)
p(4,192,213,214,193)
t(213,192,193)
t(193,214,213)
</p>

<p>
c(172,189,230)
n(0.000000,1.000000,0.000000)
C(-50000.000000,250.000000,-550000.000000)
p(4,193,214,215,194)
t(214,193,194)
t(194,215,214)
</p>

<p>
c(172,189,230)
n(0.000000,1.000000,0.000000)
C(-50000.000000,250.000000,-450000.000000)
p(4,194,215,216,195)
t(215,194,195)
t(195,216,215)
</p>

<p>
c(172,189,230)
n(0.000000,1.000000,0.000000)
C(-50000.000000,250.000000,-350000.000000)
p(4,195,216,217,196)
t(216,195,196)
t(196,217,216)
</p>

<p>
c(172,189,230)
n(0.000000,1.000000,0.000000)
C(-50000.000000,250.000000,-250000.000000)
p(4,196,217,218,197)
t(217,196,197)
t(197,218,217)
</p>

<p>
c(172,189,230)
n(0.000000,1.000000,0.000000)
C(-50000.000000,250.000000,-150000.000000)
p(4,197,218,219,198)
t(218,197,198)
t(198,219,218)
</p>

<p>
c(172,189,230)
n(0.000000,1.000000,0.000000)
C(-50000.000000,250.000000,-50000.000000)
p(4,198,219,220,199)
t(219,198,199)
t(199,220,219)
</p>

<p>
c(172,189,230)
n(0.000000,1.000000,0.000000)
C(-50000.000000,250.000000,50000.000000)
p(4,199,220,221,200)
t(220,199,200)
t(200,221,220)
</p>

<p>
c(172,189,230)
n(0.000000,1.000000,0.000000)
C(-50000.000000,250.000000,150000.000000)
p(4,200,221,222,201)
t(221,200,201)
t(201,222,221)
</p>

<p>
c(172,189,230)
n(0.000000,1.000000,0.000000)
C(-50000.000000,250.000000,250000.000000)
p(4,201,222,223,202)
t(222,201,202)
t(202,223,222)
</p>

<p>
c(172,189,230)
n(0.000000,1.000000,0.000000)
C(-50000.000000,250.000000,350000.000000)
p(4,202,223,224,203)
t(223,202,203)
t(203,224,223)
</p>

<p>
c(172,189,230)
n(0.000000,1.000000,0.000000)
C(-50000.000000,250.000000,450000.000000)
p(4,203,224,225,204)
t(224,203,204)
t(204,225,224)
</p>

<p>
c(172,189,230)
n(0.000000,1.000000,0.000000)
C(-50000.000000,250.000000,550000.000000)
p(4,204,225,226,205)
t(225,204,205)
t(205,226,225)
</p>

<p>
c(172,189,230)
n(0.000000,1.000000,0.000000)
C(-50000.000000,250.000000,650000.000000)
p(4,205,226,227,206)
t(226,205,206)
t(206,227,226)
</p>

<p>
c(172,189,230)
n(0.000000,1.000000,0.000000)
C(-50000.000000,250.000000,750000.000000)
p(4,206,227,228,207)
t(227,206,207)
t(207,228,227)
</p>

<p>
c(172,189,230)
n(0.000000,1.000000,0.000000)
C(-50000.000000,250.000000,850000.000000)
p(4,207,228,229,208)
t(228,207,208)
t(208,229,228)
</p>

<p>
c(172,189,230)
n(0.000000,1.000000,0.000000)
C(-50000.000000,250.000000,950000.000000)
p(4,208,229,230,209)
t(229,208,209)
t(209,230,229)
</p>

<p>
c(172,189,230)
n(0.000000,1.000000,0.000000)
C(50000.000000,250.000000,-950000.000000)
p(4,210,231,232,211)
t(231,210,211)
t(211,232,231)
</p>

<p>
c(172,189,230)
n(0.000000,1.000000,0.000000)
C(50000.000000,250.000000,-850000.000000)
p(4,211,232,233,212)
t(232,211,212)
t(212,233,232)
</p>

<p>
c(172,189,230)
n(0.000000,1.000000,0.000000)
C(50000.000000,250.000000,-750000.000000)
p(4,212,233,234,213)
t(233,212,213)
t(213,234,233)
</p>

<p>
c(172,189,230)
n(0.000000,1.000000,0.000000)
C(50000.000000,250.000000,-650000.000000)
p(4,213,234,235,214)
t(234,213,214)
t(214,235,234)
</p>

<p>
c(172,189,230)
n(0.000000,1.000000,0.000000)
C(50000.000000,250.000000,-550000.000000)
p(4,214,235,236,215)
t(235,214,215)
t(215,236,235)
</p>

<p>
c(172,189,230)
n(0.000000,1.000000,0.000000)
C(50000.000000,250.000000,-450000.000000)
p(4,215,236,237,216)
t(236,215,216)
t(216,237,236)
</p>

<p>
c(172,189,230)
n(0.000000,1.000000,0.000000)
C(50000.000000,250.000000,-350000.000000)
p(4,216,237,238,217)
t(237,216,217)
t(217,238,237)
</p>

<p>
c(172,189,230)
n(0.000000,1.000000,0.000000)
C(50000.000000,250.000000,-250000.000000)
p(4,217,238,239,218)
t(238,217,218)
t(218,239,238)
</p>

<p>
c(172,189,230)
n(0.000000,1.000000,0.000000)
C(50000.000000,250.000000,-150000.000000)
p(4,218,239,240,219)
t(239,218,219)
t(219,240,239)
</p>

<p>
c(172,189,230)
n(0.000000,1.000000,0.000000)
C(50000.000000,250.000000,-50000.000000)
p(4,219,240,241,220)
t(240,219,220)
t(220,241,240)
</p>

<p>
c(172,189,230)
n(0.000000,1.000000,0.000000)
C(50000.000000,250.000000,50000.000000)
p(4,220,241,242,221)
t(241,220,221)
t(221,242,241)
</p>

<p>
c(172,189,230)
n(0.000000,1.000000,0.000000)
C(50000.000000,250.000000,150000.000000)
p(4,221,242,243,222)
t(242,221,222)
t(222,243,242)
</p>

<p>
c(172,189,230)
n(0.000000,1.000000,0.000000)
C(50000.000000,250.000000,250000.000000)
p(4,222,243,244,223)
t(243,222,223)
t(223,244,243)
</p>

<p>
c(172,189,230)
n(0.000000,1.000000,0.000000)
C(50000.000000,250.000000,350000.000000)
p(4,223,244,245,224)
t(244,223,224)
t(224,245,244)
</p>

<p>
c(172,189,230)
n(0.000000,1.000000,0.000000)
C(50000.000000,250.000000,450000.000000)
p(4,224,245,246,225)
t(245,224,225)
t(225,246,245)
</p>

<p>
c(172,189,230)
n(0.000000,1.000000,0.000000)
C(50000.000000,250.000000,550000.000000)
p(4,225,246,247,226)
t(246,225,226)
t(226,247,246)
</p>

<p>
c(172,189,230)
n(0.000000,1.000000,0.000000)
C(50000.000000,250.000000,650000.000000)
p(4,226,247,248,227)
t(247,226,227)
t(227,248,247)
</p>

<p>
c(172,189,230)
n(0.000000,1.000000,0.000000)
C(50000.000000,250.000000,750000.000000)
p(4,227,248,249,228)
t(248,227,228)
t(228,249,248)
</p>

<p>
c(172,189,230)
n(0.000000,1.000000,0.000000)
C(50000.000000,250.000000,850000.000000)
p(4,228,249,250,229)
t(249,228,229)
t(229,250,249)
</p>

<p>
c(172,189,230)
n(0.000000,1.000000,0.000000)
C(50000.000000,250.000000,950000.000000)
p(4,229,250,251,230)
t(250,229,230)
t(230,251,250)
</p>

<p>
c(172,189,230)
n(0.000000,1.000000,0.000000)
C(150000.000000,250.000000,-950000.000000)
p(4,231,252,253,232)
t(252,231,232)
t(232,253,252)
</p>

<p>
c(172,189,230)
n(0.000000,1.000000,0.000000)
C(150000.000000,250.000000,-850000.000000)
p(4,232,253,254,233)
t(253,232,233)
t(233,254,253)
</p>

<p>
c(172,189,230)
n(0.000000,1.000000,0.000000)
C(150000.000000,250.000000,-750000.000000)
p(4,233,254,255,234)
t(254,233,234)
t(234,255,254)
</p>

<p>
c(172,189,230)
n(0.000000,1.000000,0.000000)
C(150000.000000,250.000000,-650000.000000)
p(4,234,255,256,235)
t(255,234,235)
t(235,256,255)
</p>

<p>
c(172,189,230)
n(0.000000,1.000000,0.000000)
C(150000.000000,250.000000,-550000.000000)
p(4,235,256,257,236)
t(256,235,236)
t(236,257,256)
</p>

<p>
c(172,189,230)
n(0.000000,1.000000,0.000000)
C(150000.000000,250.000000,-450000.000000)
p(4,236,257,258,237)
t(257,236,237)
t(237,258,257)
</p>

<p>
c(172,189,230)
n(0.000000,1.000000,0.000000)
C(150000.000000,250.000000,-350000.000000)
p(4,237,258,259,238)
t(258,237,238)
t(238,259,258)
</p>

<p>
c(172,189,230)
n(0.000000,1.000000,0.000000)
C(150000.000000,250.000000,-250000.000000)
p(4,238,259,260,239)
t(259,238,239)
t(239,260,259)
</p>

<p>
c(172,189,230)
n(0.000000,1.000000,0.000000)
C(150000.000000,250.000000,-150000.000000)
p(4,239,260,261,240)
t(260,239,240)
t(240,261,260)
</p>

<p>
c(172,189,230)
n(0.000000,1.000000,0.000000)
C(150000.000000,250.000000,-50000.000000)
p(4,240,261,262,241)
t(261,240,241)
t(241,262,261)
</p>

<p>
c(172,189,230)
n(0.000000,1.000000,0.000000)
C(150000.000000,250.000000,50000.000000)
p(4,241,262,263,242)
t(262,241,242)
t(242,263,262)
</p>

<p>
c(172,189,230)
n(0.000000,1.000000,0.000000)
C(150000.000000,250.000000,150000.000000)
p(4,242,263,264,243)
t(263,242,243)
t(243,264,263)
</p>

<p>
c(172,189,230)
n(0.000000,1.000000,0.000000)
C(150000.000000,250.000000,250000.000000)
p(4,243,264,265,244)
t(264,243,244)
t(244,265,264)
</p>

<p>
c(172,189,230)
n(0.000000,1.000000,0.000000)
C(150000.000000,250.000000,350000.000000)
p(4,244,265,266,245)
t(265,244,245)
t(245,266,265)
</p>

<p>
c(172,189,230)
n(0.000000,1.000000,0.000000)
C(150000.000000,250.000000,450000.000000)
p(4,245,266,267,246)
t(266,245,246)
t(246,267,266)
</p>

<p>
c(172,189,230)
n(0.000000,1.000000,0.000000)
C(150000.000000,250.000000,550000.000000)
p(4,246,267,268,247)
t(267,246,247)
t(247,268,267)
</p>

<p>
c(172,189,230)
n(0.000000,1.000000,0.000000)
C(150000.000000,250.000000,650000.000000)
p(4,247,268,269,248)
t(268,247,248)
t(248,269,268)
</p>

<p>
c(172,189,230)
n(0.000000,1.000000,0.000000)
C(150000.000000,250.000000,750000.000000)
p(4,248,269,270,249)
t(269,248,249)
t(249,270,269)
</p>

<p>
c(172,189,230)
n(0.000000,1.000000,0.000000)
C(150000.000000,250.000000,850000.000000)
p(4,249,270,271,250)
t(270,249,250)
t(250,271,270)
</p>

<p>
c(172,189,230)
n(0.000000,1.000000,0.000000)
C(150000.000000,250.000000,950000.000000)
p(4,250,271,272,251)
t(271,250,251)
t(251,272,271)
</p>

<p>
c(172,189,230)
n(0.000000,1.000000,0.000000)
C(250000.000000,250.000000,-950000.000000)
p(4,252,273,274,253)
t(273,252,253)
t(253,274,273)
</p>

<p>
c(172,189,230)
n(0.000000,1.000000,0.000000)
C(250000.000000,250.000000,-850000.000000)
p(4,253,274,275,254)
t(274,253,254)
t(254,275,274)
</p>

<p>
c(172,189,230)
n(0.000000,1.000000,0.000000)
C(250000.000000,250.000000,-750000.000000)
p(4,254,275,276,255)
t(275,254,255)
t(255,276,275)
</p>

<p>
c(172,189,230)
n(0.000000,1.000000,0.000000)
C(250000.000000,250.000000,-650000.000000)
p(4,255,276,277,256)
t(276,255,256)
t(256,277,276)
</p>

<p>
c(172,189,230)
n(0.000000,1.000000,0.000000)
C(250000.000000,250.000000,-550000.000000)
p(4,256,277,278,257)
t(277,256,257)
t(257,278,277)
</p>

<p>
c(172,189,230)
n(0.000000,1.000000,0.000000)
C(250000.000000,250.000000,-450000.000000)
p(4,257,278,279,258)
t(278,257,258)
t(258,279,278)
</p>

<p>
c(172,189,230)
n(0.000000,1.000000,0.000000)
C(250000.000000,250.000000,-350000.000000)
p(4,258,279,280,259)
t(279,258,259)
t(259,280,279)
</p>

<p>
c(172,189,230)
n(0.000000,1.000000,0.000000)
C(250000.000000,250.000000,-250000.000000)
p(4,259,280,281,260)
t(280,259,260)
t(260,281,280)
</p>

<p>
c(172,189,230)
n(0.000000,1.000000,0.000000)
C(250000.000000,250.000000,-150000.000000)
p(4,260,281,282,261)
t(281,260,261)
t(261,282,281)
</p>

<p>
c(172,189,230)
n(0.000000,1.000000,0.000000)
C(250000.000000,250.000000,-50000.000000)
p(4,261,282,283,262)
t(282,261,262)
t(262,283,282)
</p>

<p>
c(172,189,230)
n(0.000000,1.000000,0.000000)
C(250000.000000,250.000000,50000.000000)
p(4,262,283,284,263)
t(283,262,263)
t(263,284,283)
</p>

<p>
c(172,189,230)
n(0.000000,1.000000,0.000000)
C(250000.000000,250.000000,150000.000000)
p(4,263,284,285,264)
t(284,263,264)
t(264,285,284)
</p>

<p>
c(172,189,230)
n(0.000000,1.000000,0.000000)
C(250000.000000,250.000000,250000.000000)
p(4,264,285,286,265)
t(285,264,265)
t(265,286,285)
</p>

<p>
c(172,189,230)
n(0.000000,1.000000,0.000000)
C(250000.000000,250.000000,350000.000000)
p(4,265,286,287,266)
t(286,265,266)
t(266,287,286)
</p>

<p>
c(172,189,230)
n(0.000000,1.000000,0.000000)
C(250000.000000,250.000000,450000.000000)
p(4,266,287,288,267)
t(287,266,267)
t(267,288,287)
</p>

<p>
c(172,189,230)
n(0.000000,1.000000,0.000000)
C(250000.000000,250.000000,550000.000000)
p(4,267,288,289,268)
t(288,267,268)
t(268,289,288)
</p>

<p>
c(172,189,230)
n(0.000000,1.000000,0.000000)
C(250000.000000,250.000000,650000.000000)
p(4,268,289,290,269)
t(289,268,269)
t(269,290,289)
</p>

<p>
c(172,189,230)
n(0.000000,1.000000,0.000000)
C(250000.000000,250.000000,750000.000000)
p(4,269,290,291,270)
t(290,269,270)
t(270,291,290)
</p>

<p>
c(172,189,230)
n(0.000000,1.000000,0.000000)
C(250000.000000,250.000000,850000.000000)
p(4,270,291,292,271)
t(291,270,271)
t(271,292,291)
</p>

<p>
c(172,189,230)
n(0.000000,1.000000,0.000000)
C(250000.000000,250.000000,950000.000000)
p(4,271,292,293,272)
t(292,271,272)
t(272,293,292)
</p>

<p>
c(172,189,230)
n(0.000000,1.000000,0.000000)
C(350000.000000,250.000000,-950000.000000)
p(4,273,294,295,274)
t(294,273,274)
t(274,295,294)
</p>

<p>
c(172,189,230)
n(0.000000,1.000000,0.000000)
C(350000.000000,250.000000,-850000.000000)
p(4,274,295,296,275)
t(295,274,275)
t(275,296,295)
</p>

<p>
c(172,189,230)
n(0.000000,1.000000,0.000000)
C(350000.000000,250.000000,-750000.000000)
p(4,275,296,297,276)
t(296,275,276)
t(276,297,296)
</p>

<p>
c(172,189,230)
n(0.000000,1.000000,0.000000)
C(350000.000000,250.000000,-650000.000000)
p(4,276,297,298,277)
t(297,276,277)
t(277,298,297)
</p>

<p>
c(172,189,230)
n(0.000000,1.000000,0.000000)
C(350000.000000,250.000000,-550000.000000)
p(4,277,298,299,278)
t(298,277,278)
t(278,299,298)
</p>

<p>
c(172,189,230)
n(0.000000,1.000000,0.000000)
C(350000.000000,250.000000,-450000.000000)
p(4,278,299,300,279)
t(299,278,279)
t(279,300,299)
</p>

<p>
c(172,189,230)
n(0.000000,1.000000,0.000000)
C(350000.000000,250.000000,-350000.000000)
p(4,279,300,301,280)
t(300,279,280)
t(280,301,300)
</p>

<p>
c(172,189,230)
n(0.000000,1.000000,0.000000)
C(350000.000000,250.000000,-250000.000000)
p(4,280,301,302,281)
t(301,280,281)
t(281,302,301)
</p>

<p>
c(172,189,230)
n(0.000000,1.000000,0.000000)
C(350000.000000,250.000000,-150000.000000)
p(4,281,302,303,282)
t(302,281,282)
t(282,303,302)
</p>

<p>
c(172,189,230)
n(0.000000,1.000000,0.000000)
C(350000.000000,250.000000,-50000.000000)
p(4,282,303,304,283)
t(303,282,283)
t(283,304,303)
</p>

<p>
c(172,189,230)
n(0.000000,1.000000,0.000000)
C(350000.000000,250.000000,50000.000000)
p(4,283,304,305,284)
t(304,283,284)
t(284,305,304)
</p>

<p>
c(172,189,230)
n(0.000000,1.000000,0.000000)
C(350000.000000,250.000000,150000.000000)
p(4,284,305,306,285)
t(305,284,285)
t(285,306,305)
</p>

<p>
c(172,189,230)
n(0.000000,1.000000,0.000000)
C(350000.000000,250.000000,250000.000000)
p(4,285,306,307,286)
t(306,285,286)
t(286,307,306)
</p>

<p>
c(172,189,230)
n(0.000000,1.000000,0.000000)
C(350000.000000,250.000000,350000.000000)
p(4,286,307,308,287)
t(307,286,287)
t(287,308,307)
</p>

<p>
c(172,189,230)
n(0.000000,1.000000,0.000000)
C(350000.000000,250.000000,450000.000000)
p(4,287,308,309,288)
t(308,287,288)
t(288,309,308)
</p>

<p>
c(172,189,230)
n(0.000000,1.000000,0.000000)
C(350000.000000,250.000000,550000.000000)
p(4,288,309,310,289)
t(309,288,289)
t(289,310,309)
</p>

<p>
c(172,189,230)
n(0.000000,1.000000,0.000000)
C(350000.000000,250.000000,650000.000000)
p(4,289,310,311,290)
t(310,289,290)
t(290,311,310)
</p>

<p>
c(172,189,230)
n(0.000000,1.000000,0.000000)
C(350000.000000,250.000000,750000.000000)
p(4,290,311,312,291)
t(311,290,291)
t(291,312,311)
</p>

<p>
c(172,189,230)
n(0.000000,1.000000,0.000000)
C(350000.000000,250.000000,850000.000000)
p(4,291,312,313,292)
t(312,291,292)
t(292,313,312)
</p>

<p>
c(172,189,230)
n(0.000000,1.000000,0.000000)
C(350000.000000,250.000000,950000.000000)
p(4,292,313,314,293)
t(313,292,293)
t(293,314,313)
</p>

<p>
c(172,189,230)
n(0.000000,1.000000,0.000000)
C(450000.000000,250.000000,-950000.000000)
p(4,294,315,316,295)
t(315,294,295)
t(295,316,315)
</p>

<p>
c(172,189,230)
n(0.000000,1.000000,0.000000)
C(450000.000000,250.000000,-850000.000000)
p(4,295,316,317,296)
t(316,295,296)
t(296,317,316)
</p>

<p>
c(172,189,230)
n(0.000000,1.000000,0.000000)
C(450000.000000,250.000000,-750000.000000)
p(4,296,317,318,297)
t(317,296,297)
t(297,318,317)
</p>

<p>
c(172,189,230)
n(0.000000,1.000000,0.000000)
C(450000.000000,250.000000,-650000.000000)
p(4,297,318,319,298)
t(318,297,298)
t(298,319,318)
</p>

<p>
c(172,189,230)
n(0.000000,1.000000,0.000000)
C(450000.000000,250.000000,-550000.000000)
p(4,298,319,320,299)
t(319,298,299)
t(299,320,319)
</p>

<p>
c(172,189,230)
n(0.000000,1.000000,0.000000)
C(450000.000000,250.000000,-450000.000000)
p(4,299,320,321,300)
t(320,299,300)
t(300,321,320)
</p>

<p>
c(172,189,230)
n(0.000000,1.000000,0.000000)
C(450000.000000,250.000000,-350000.000000)
p(4,300,321,322,301)
t(321,300,301)
t(301,322,321)
</p>

<p>
c(172,189,230)
n(0.000000,1.000000,0.000000)
C(450000.000000,250.000000,-250000.000000)
p(4,301,322,323,302)
t(322,301,302)
t(302,323,322)
</p>

<p>
c(172,189,230)
n(0.000000,1.000000,0.000000)
C(450000.000000,250.000000,-150000.000000)
p(4,302,323,324,303)
t(323,302,303)
t(303,324,323)
</p>

<p>
c(172,189,230)
n(0.000000,1.000000,0.000000)
C(450000.000000,250.000000,-50000.000000)
p(4,303,324,325,304)
t(324,303,304)
t(304,325,324)
</p>

<p>
c(172,189,230)
n(0.000000,1.000000,0.000000)
C(450000.000000,250.000000,50000.000000)
p(4,304,325,326,305)
t(325,304,305)
t(305,326,325)
</p>

<p>
c(172,189,230)
n(0.000000,1.000000,0.000000)
C(450000.000000,250.000000,150000.000000)
p(4,305,326,327,306)
t(326,305,306)
t(306,327,326)
</p>

<p>
c(172,189,230)
n(0.000000,1.000000,0.000000)
C(450000.000000,250.000000,250000.000000)
p(4,306,327,328,307)
t(327,306,307)
t(307,328,327)
</p>

<p>
c(172,189,230)
n(0.000000,1.000000,0.000000)
C(450000.000000,250.000000,350000.000000)
p(4,307,328,329,308)
t(328,307,308)
t(308,329,328)
</p>

<p>
c(172,189,230)
n(0.000000,1.000000,0.000000)
C(450000.000000,250.000000,450000.000000)
p(4,308,329,330,309)
t(329,308,309)
t(309,330,329)
</p>

<p>
c(172,189,230)
n(0.000000,1.000000,0.000000)
C(450000.000000,250.000000,550000.000000)
p(4,309,330,331,310)
t(330,309,310)
t(310,331,330)
</p>

<p>
c(172,189,230)
n(0.000000,1.000000,0.000000)
C(450000.000000,250.000000,650000.000000)
p(4,310,331,332,311)
t(331,310,311)
t(311,332,331)
</p>

<p>
c(172,189,230)
n(0.000000,1.000000,0.000000)
C(450000.000000,250.000000,750000.000000)
p(4,311,332,333,312)
t(332,311,312)
t(312,333,332)
</p>

<p>
c(172,189,230)
n(0.000000,1.000000,0.000000)
C(450000.000000,250.000000,850000.000000)
p(4,312,333,334,313)
t(333,312,313)
t(313,334,333)
</p>

<p>
c(172,189,230)
n(0.000000,1.000000,0.000000)
C(450000.000000,250.000000,950000.000000)
p(4,313,334,335,314)
t(334,313,314)
t(314,335,334)
</p>

<p>
c(172,189,230)
n(0.000000,1.000000,0.000000)
C(550000.000000,250.000000,-950000.000000)
p(4,315,336,337,316)
t(336,315,316)
t(316,337,336)
</p>

<p>
c(172,189,230)
n(0.000000,1.000000,0.000000)
C(550000.000000,250.000000,-850000.000000)
p(4,316,337,338,317)
t(337,316,317)
t(317,338,337)
</p>

<p>
c(172,189,230)
n(0.000000,1.000000,0.000000)
C(550000.000000,250.000000,-750000.000000)
p(4,317,338,339,318)
t(338,317,318)
t(318,339,338)
</p>

<p>
c(172,189,230)
n(0.000000,1.000000,0.000000)
C(550000.000000,250.000000,-650000.000000)
p(4,318,339,340,319)
t(339,318,319)
t(319,340,339)
</p>

<p>
c(172,189,230)
n(0.000000,1.000000,0.000000)
C(550000.000000,250.000000,-550000.000000)
p(4,319,340,341,320)
t(340,319,320)
t(320,341,340)
</p>

<p>
c(172,189,230)
n(0.000000,1.000000,0.000000)
C(550000.000000,250.000000,-450000.000000)
p(4,320,341,342,321)
t(341,320,321)
t(321,342,341)
</p>

<p>
c(172,189,230)
n(0.000000,1.000000,0.000000)
C(550000.000000,250.000000,-350000.000000)
p(4,321,342,343,322)
t(342,321,322)
t(322,343,342)
</p>

<p>
c(172,189,230)
n(0.000000,1.000000,0.000000)
C(550000.000000,250.000000,-250000.000000)
p(4,322,343,344,323)
t(343,322,323)
t(323,344,343)
</p>

<p>
c(172,189,230)
n(0.000000,1.000000,0.000000)
C(550000.000000,250.000000,-150000.000000)
p(4,323,344,345,324)
t(344,323,324)
t(324,345,344)
</p>

<p>
c(172,189,230)
n(0.000000,1.000000,0.000000)
C(550000.000000,250.000000,-50000.000000)
p(4,324,345,346,325)
t(345,324,325)
t(325,346,345)
</p>

<p>
c(172,189,230)
n(0.000000,1.000000,0.000000)
C(550000.000000,250.000000,50000.000000)
p(4,325,346,347,326)
t(346,325,326)
t(326,347,346)
</p>

<p>
c(172,189,230)
n(0.000000,1.000000,0.000000)
C(550000.000000,250.000000,150000.000000)
p(4,326,347,348,327)
t(347,326,327)
t(327,348,347)
</p>

<p>
c(172,189,230)
n(0.000000,1.000000,0.000000)
C(550000.000000,250.000000,250000.000000)
p(4,327,348,349,328)
t(348,327,328)
t(328,349,348)
</p>

<p>
c(172,189,230)
n(0.000000,1.000000,0.000000)
C(550000.000000,250.000000,350000.000000)
p(4,328,349,350,329)
t(349,328,329)
t(329,350,349)
</p>

<p>
c(172,189,230)
n(0.000000,1.000000,0.000000)
C(550000.000000,250.000000,450000.000000)
p(4,329,350,351,330)
t(350,329,330)
t(330,351,350)
</p>

<p>
c(172,189,230)
n(0.000000,1.000000,0.000000)
C(550000.000000,250.000000,550000.000000)
p(4,330,351,352,331)
t(351,330,331)
t(331,352,351)
</p>

<p>
c(172,189,230)
n(0.000000,1.000000,0.000000)
C(550000.000000,250.000000,650000.000000)
p(4,331,352,353,332)
t(352,331,332)
t(332,353,352)
</p>

<p>
c(172,189,230)
n(0.000000,1.000000,0.000000)
C(550000.000000,250.000000,750000.000000)
p(4,332,353,354,333)
t(353,332,333)
t(333,354,353)
</p>

<p>
c(172,189,230)
n(0.000000,1.000000,0.000000)
C(550000.000000,250.000000,850000.000000)
p(4,333,354,355,334)
t(354,333,334)
t(334,355,354)
</p>

<p>
c(172,189,230)
n(0.000000,1.000000,0.000000)
C(550000.000000,250.000000,950000.000000)
p(4,334,355,356,335)
t(355,334,335)
t(335,356,355)
</p>

<p>
c(172,189,230)
n(0.000000,1.000000,0.000000)
C(650000.000000,250.000000,-950000.000000)
p(4,336,357,358,337)
t(357,336,337)
t(337,358,357)
</p>

<p>
c(172,189,230)
n(0.000000,1.000000,0.000000)
C(650000.000000,250.000000,-850000.000000)
p(4,337,358,359,338)
t(358,337,338)
t(338,359,358)
</p>

<p>
c(172,189,230)
n(0.000000,1.000000,0.000000)
C(650000.000000,250.000000,-750000.000000)
p(4,338,359,360,339)
t(359,338,339)
t(339,360,359)
</p>

<p>
c(172,189,230)
n(0.000000,1.000000,0.000000)
C(650000.000000,250.000000,-650000.000000)
p(4,339,360,361,340)
t(360,339,340)
t(340,361,360)
</p>

<p>
c(172,189,230)
n(0.000000,1.000000,0.000000)
C(650000.000000,250.000000,-550000.000000)
p(4,340,361,362,341)
t(361,340,341)
t(341,362,361)
</p>

<p>
c(172,189,230)
n(0.000000,1.000000,0.000000)
C(650000.000000,250.000000,-450000.000000)
p(4,341,362,363,342)
t(362,341,342)
t(342,363,362)
</p>

<p>
c(172,189,230)
n(0.000000,1.000000,0.000000)
C(650000.000000,250.000000,-350000.000000)
p(4,342,363,364,343)
t(363,342,343)
t(343,364,363)
</p>

<p>
c(172,189,230)
n(0.000000,1.000000,0.000000)
C(650000.000000,250.000000,-250000.000000)
p(4,343,364,365,344)
t(364,343,344)
t(344,365,364)
</p>

<p>
c(172,189,230)
n(0.000000,1.000000,0.000000)
C(650000.000000,250.000000,-150000.000000)
p(4,344,365,366,345)
t(365,344,345)
t(345,366,365)
</p>

<p>
c(172,189,230)
n(0.000000,1.000000,0.000000)
C(650000.000000,250.000000,-50000.000000)
p(4,345,366,367,346)
t(366,345,346)
t(346,367,366)
</p>

<p>
c(172,189,230)
n(0.000000,1.000000,0.000000)
C(650000.000000,250.000000,50000.000000)
p(4,346,367,368,347)
t(367,346,347)
t(347,368,367)
</p>

<p>
c(172,189,230)
n(0.000000,1.000000,0.000000)
C(650000.000000,250.000000,150000.000000)
p(4,347,368,369,348)
t(368,347,348)
t(348,369,368)
</p>

<p>
c(172,189,230)
n(0.000000,1.000000,0.000000)
C(650000.000000,250.000000,250000.000000)
p(4,348,369,370,349)
t(369,348,349)
t(349,370,369)
</p>

<p>
c(172,189,230)
n(0.000000,1.000000,0.000000)
C(650000.000000,250.000000,350000.000000)
p(4,349,370,371,350)
t(370,349,350)
t(350,371,370)
</p>

<p>
c(172,189,230)
n(0.000000,1.000000,0.000000)
C(650000.000000,250.000000,450000.000000)
p(4,350,371,372,351)
t(371,350,351)
t(351,372,371)
</p>

<p>
c(172,189,230)
n(0.000000,1.000000,0.000000)
C(650000.000000,250.000000,550000.000000)
p(4,351,372,373,352)
t(372,351,352)
t(352,373,372)
</p>

<p>
c(172,189,230)
n(0.000000,1.000000,0.000000)
C(650000.000000,250.000000,650000.000000)
p(4,352,373,374,353)
t(373,352,353)
t(353,374,373)
</p>

<p>
c(172,189,230)
n(0.000000,1.000000,0.000000)
C(650000.000000,250.000000,750000.000000)
p(4,353,374,375,354)
t(374,353,354)
t(354,375,374)
</p>

<p>
c(172,189,230)
n(0.000000,1.000000,0.000000)
C(650000.000000,250.000000,850000.000000)
p(4,354,375,376,355)
t(375,354,355)
t(355,376,375)
</p>

<p>
c(172,189,230)
n(0.000000,1.000000,0.000000)
C(650000.000000,250.000000,950000.000000)
p(4,355,376,377,356)
t(376,355,356)
t(356,377,376)
</p>

<p>
c(172,189,230)
n(0.000000,1.000000,0.000000)
C(750000.000000,250.000000,-950000.000000)
p(4,357,378,379,358)
t(378,357,358)
t(358,379,378)
</p>

<p>
c(172,189,230)
n(0.000000,1.000000,0.000000)
C(750000.000000,250.000000,-850000.000000)
p(4,358,379,380,359)
t(379,358,359)
t(359,380,379)
</p>

<p>
c(172,189,230)
n(0.000000,1.000000,0.000000)
C(750000.000000,250.000000,-750000.000000)
p(4,359,380,381,360)
t(380,359,360)
t(360,381,380)
</p>

<p>
c(172,189,230)
n(0.000000,1.000000,0.000000)
C(750000.000000,250.000000,-650000.000000)
p(4,360,381,382,361)
t(381,360,361)
t(361,382,381)
</p>

<p>
c(172,189,230)
n(0.000000,1.000000,0.000000)
C(750000.000000,250.000000,-550000.000000)
p(4,361,382,383,362)
t(382,361,362)
t(362,383,382)
</p>

<p>
c(172,189,230)
n(0.000000,1.000000,0.000000)
C(750000.000000,250.000000,-450000.000000)
p(4,362,383,384,363)
t(383,362,363)
t(363,384,383)
</p>

<p>
c(172,189,230)
n(0.000000,1.000000,0.000000)
C(750000.000000,250.000000,-350000.000000)
p(4,363,384,385,364)
t(384,363,364)
t(364,385,384)
</p>

<p>
c(172,189,230)
n(0.000000,1.000000,0.000000)
C(750000.000000,250.000000,-250000.000000)
p(4,364,385,386,365)
t(385,364,365)
t(365,386,385)
</p>

<p>
c(172,189,230)
n(0.000000,1.000000,0.000000)
C(750000.000000,250.000000,-150000.000000)
p(4,365,386,387,366)
t(386,365,366)
t(366,387,386)
</p>

<p>
c(172,189,230)
n(0.000000,1.000000,0.000000)
C(750000.000000,250.000000,-50000.000000)
p(4,366,387,388,367)
t(387,366,367)
t(367,388,387)
</p>

<p>
c(172,189,230)
n(0.000000,1.000000,0.000000)
C(750000.000000,250.000000,50000.000000)
p(4,367,388,389,368)
t(388,367,368)
t(368,389,388)
</p>

<p>
c(172,189,230)
n(0.000000,1.000000,0.000000)
C(750000.000000,250.000000,150000.000000)
p(4,368,389,390,369)
t(389,368,369)
t(369,390,389)
</p>

<p>
c(172,189,230)
n(0.000000,1.000000,0.000000)
C(750000.000000,250.000000,250000.000000)
p(4,369,390,391,370)
t(390,369,370)
t(370,391,390)
</p>

<p>
c(172,189,230)
n(0.000000,1.000000,0.000000)
C(750000.000000,250.000000,350000.000000)
p(4,370,391,392,371)
t(391,370,371)
t(371,392,391)
</p>

<p>
c(172,189,230)
n(0.000000,1.000000,0.000000)
C(750000.000000,250.000000,450000.000000)
p(4,371,392,393,372)
t(392,371,372)
t(372,393,392)
</p>

<p>
c(172,189,230)
n(0.000000,1.000000,0.000000)
C(750000.000000,250.000000,550000.000000)
p(4,372,393,394,373)
t(393,372,373)
t(373,394,393)
</p>

<p>
c(172,189,230)
n(0.000000,1.000000,0.000000)
C(750000.000000,250.000000,650000.000000)
p(4,373,394,395,374)
t(394,373,374)
t(374,395,394)
</p>

<p>
c(172,189,230)
n(0.000000,1.000000,0.000000)
C(750000.000000,250.000000,750000.000000)
p(4,374,395,396,375)
t(395,374,375)
t(375,396,395)
</p>

<p>
c(172,189,230)
n(0.000000,1.000000,0.000000)
C(750000.000000,250.000000,850000.000000)
p(4,375,396,397,376)
t(396,375,376)
t(376,397,396)
</p>

<p>
c(172,189,230)
n(0.000000,1.000000,0.000000)
C(750000.000000,250.000000,950000.000000)
p(4,376,397,398,377)
t(397,376,377)
t(377,398,397)
</p>

<p>
c(172,189,230)
n(0.000000,1.000000,0.000000)
C(850000.000000,250.000000,-950000.000000)
p(4,378,399,400,379)
t(399,378,379)
t(379,400,399)
</p>

<p>
c(172,189,230)
n(0.000000,1.000000,0.000000)
C(850000.000000,250.000000,-850000.000000)
p(4,379,400,401,380)
t(400,379,380)
t(380,401,400)
</p>

<p>
c(172,189,230)
n(0.000000,1.000000,0.000000)
C(850000.000000,250.000000,-750000.000000)
p(4,380,401,402,381)
t(401,380,381)
t(381,402,401)
</p>

<p>
c(172,189,230)
n(0.000000,1.000000,0.000000)
C(850000.000000,250.000000,-650000.000000)
p(4,381,402,403,382)
t(402,381,382)
t(382,403,402)
</p>

<p>
c(172,189,230)
n(0.000000,1.000000,0.000000)
C(850000.000000,250.000000,-550000.000000)
p(4,382,403,404,383)
t(403,382,383)
t(383,404,403)
</p>

<p>
c(172,189,230)
n(0.000000,1.000000,0.000000)
C(850000.000000,250.000000,-450000.000000)
p(4,383,404,405,384)
t(404,383,384)
t(384,405,404)
</p>

<p>
c(172,189,230)
n(0.000000,1.000000,0.000000)
C(850000.000000,250.000000,-350000.000000)
p(4,384,405,406,385)
t(405,384,385)
t(385,406,405)
</p>

<p>
c(172,189,230)
n(0.000000,1.000000,0.000000)
C(850000.000000,250.000000,-250000.000000)
p(4,385,406,407,386)
t(406,385,386)
t(386,407,406)
</p>

<p>
c(172,189,230)
n(0.000000,1.000000,0.000000)
C(850000.000000,250.000000,-150000.000000)
p(4,386,407,408,387)
t(407,386,387)
t(387,408,407)
</p>

<p>
c(172,189,230)
n(0.000000,1.000000,0.000000)
C(850000.000000,250.000000,-50000.000000)
p(4,387,408,409,388)
t(408,387,388)
t(388,409,408)
</p>

<p>
c(172,189,230)
n(0.000000,1.000000,0.000000)
C(850000.000000,250.000000,50000.000000)
p(4,388,409,410,389)
t(409,388,389)
t(389,410,409)
</p>

<p>
c(172,189,230)
n(0.000000,1.000000,0.000000)
C(850000.000000,250.000000,150000.000000)
p(4,389,410,411,390)
t(410,389,390)
t(390,411,410)
</p>

<p>
c(172,189,230)
n(0.000000,1.000000,0.000000)
C(850000.000000,250.000000,250000.000000)
p(4,390,411,412,391)
t(411,390,391)
t(391,412,411)
</p>

<p>
c(172,189,230)
n(0.000000,1.000000,0.000000)
C(850000.000000,250.000000,350000.000000)
p(4,391,412,413,392)
t(412,391,392)
t(392,413,412)
</p>

<p>
c(172,189,230)
n(0.000000,1.000000,0.000000)
C(850000.000000,250.000000,450000.000000)
p(4,392,413,414,393)
t(413,392,393)
t(393,414,413)
</p>

<p>
c(172,189,230)
n(0.000000,1.000000,0.000000)
C(850000.000000,250.000000,550000.000000)
p(4,393,414,415,394)
t(414,393,394)
t(394,415,414)
</p>

<p>
c(172,189,230)
n(0.000000,1.000000,0.000000)
C(850000.000000,250.000000,650000.000000)
p(4,394,415,416,395)
t(415,394,395)
t(395,416,415)
</p>

<p>
c(172,189,230)
n(0.000000,1.000000,0.000000)
C(850000.000000,250.000000,750000.000000)
p(4,395,416,417,396)
t(416,395,396)
t(396,417,416)
</p>

<p>
c(172,189,230)
n(0.000000,1.000000,0.000000)
C(850000.000000,250.000000,850000.000000)
p(4,396,417,418,397)
t(417,396,397)
t(397,418,417)
</p>

<p>
c(172,189,230)
n(0.000000,1.000000,0.000000)
C(850000.000000,250.000000,950000.000000)
p(4,397,418,419,398)
t(418,397,398)
t(398,419,418)
</p>

<p>
c(172,189,230)
n(0.000000,1.000000,0.000000)
C(950000.000000,250.000000,-950000.000000)
p(4,399,420,421,400)
t(420,399,400)
t(400,421,420)
</p>

<p>
c(172,189,230)
n(0.000000,1.000000,0.000000)
C(950000.000000,250.000000,-850000.000000)
p(4,400,421,422,401)
t(421,400,401)
t(401,422,421)
</p>

<p>
c(172,189,230)
n(0.000000,1.000000,0.000000)
C(950000.000000,250.000000,-750000.000000)
p(4,401,422,423,402)
t(422,401,402)
t(402,423,422)
</p>

<p>
c(172,189,230)
n(0.000000,1.000000,0.000000)
C(950000.000000,250.000000,-650000.000000)
p(4,402,423,424,403)
t(423,402,403)
t(403,424,423)
</p>

<p>
c(172,189,230)
n(0.000000,1.000000,0.000000)
C(950000.000000,250.000000,-550000.000000)
p(4,403,424,425,404)
t(424,403,404)
t(404,425,424)
</p>

<p>
c(172,189,230)
n(0.000000,1.000000,0.000000)
C(950000.000000,250.000000,-450000.000000)
p(4,404,425,426,405)
t(425,404,405)
t(405,426,425)
</p>

<p>
c(172,189,230)
n(0.000000,1.000000,0.000000)
C(950000.000000,250.000000,-350000.000000)
p(4,405,426,427,406)
t(426,405,406)
t(406,427,426)
</p>

<p>
c(172,189,230)
n(0.000000,1.000000,0.000000)
C(950000.000000,250.000000,-250000.000000)
p(4,406,427,428,407)
t(427,406,407)
t(407,428,427)
</p>

<p>
c(172,189,230)
n(0.000000,1.000000,0.000000)
C(950000.000000,250.000000,-150000.000000)
p(4,407,428,429,408)
t(428,407,408)
t(408,429,428)
</p>

<p>
c(172,189,230)
n(0.000000,1.000000,0.000000)
C(950000.000000,250.000000,-50000.000000)
p(4,408,429,430,409)
t(429,408,409)
t(409,430,429)
</p>

<p>
c(172,189,230)
n(0.000000,1.000000,0.000000)
C(950000.000000,250.000000,50000.000000)
p(4,409,430,431,410)
t(430,409,410)
t(410,431,430)
</p>

<p>
c(172,189,230)
n(0.000000,1.000000,0.000000)
C(950000.000000,250.000000,150000.000000)
p(4,410,431,432,411)
t(431,410,411)
t(411,432,431)
</p>

<p>
c(172,189,230)
n(0.000000,1.000000,0.000000)
C(950000.000000,250.000000,250000.000000)
p(4,411,432,433,412)
t(432,411,412)
t(412,433,432)
</p>

<p>
c(172,189,230)
n(0.000000,1.000000,0.000000)
C(950000.000000,250.000000,350000.000000)
p(4,412,433,434,413)
t(433,412,413)
t(413,434,433)
</p>

<p>
c(172,189,230)
n(0.000000,1.000000,0.000000)
C(950000.000000,250.000000,450000.000000)
p(4,413,434,435,414)
t(434,413,414)
t(414,435,434)
</p>

<p>
c(172,189,230)
n(0.000000,1.000000,0.000000)
C(950000.000000,250.000000,550000.000000)
p(4,414,435,436,415)
t(435,414,415)
t(415,436,435)
</p>

<p>
c(172,189,230)
n(0.000000,1.000000,0.000000)
C(950000.000000,250.000000,650000.000000)
p(4,415,436,437,416)
t(436,415,416)
t(416,437,436)
</p>

<p>
c(172,189,230)
n(0.000000,1.000000,0.000000)
C(950000.000000,250.000000,750000.000000)
p(4,416,437,438,417)
t(437,416,417)
t(417,438,437)
</p>

<p>
c(172,189,230)
n(0.000000,1.000000,0.000000)
C(950000.000000,250.000000,850000.000000)
p(4,417,438,439,418)
t(438,417,418)
t(418,439,438)
</p>

<p>
c(172,189,230)
n(0.000000,1.000000,0.000000)
C(950000.000000,250.000000,950000.000000)
p(4,418,439,440,419)
t(439,418,419)
t(419,440,439)
</p>

