v(37.500000,7.250000,156.600000)
v(37.500000,14.500000,166.750000)
v(40.500000,14.500000,166.750000)
v(49.500000,14.500000,162.400000)
v(58.500000,11.600000,156.600000)
v(64.500000,8.700000,153.700000)
v(66.000000,5.800000,147.900000)
v(67.500000,2.900000,142.100000)
v(67.500000,0.000000,134.850000)
v(66.000000,-1.450000,131.950000)
v(57.000000,-1.450000,134.850000)
v(40.500000,1.450000,147.900000)
v(39.000000,2.900000,150.800000)
v(-37.500000,7.250000,156.600000)
v(-37.500000,14.500000,166.750000)
v(-40.500000,14.500000,166.750000)
v(-49.500000,14.500000,162.400000)
v(-58.500000,11.600000,156.600000)
v(-64.500000,8.700000,153.700000)
v(-66.000000,5.800000,147.900000)
v(-67.500000,2.900000,142.100000)
v(-67.500000,0.000000,134.850000)
v(-66.000000,-1.450000,131.950000)
v(-57.000000,-1.450000,134.850000)
v(-40.500000,1.450000,147.900000)
v(-39.000000,2.900000,150.800000)
v(-57.000000,-4.350000,127.600000)
v(-57.000000,-7.250000,101.500000)
v(-70.500000,-5.800000,101.500000)
v(-70.500000,-4.350000,116.000000)
v(-69.000000,0.000000,131.950000)
v(-69.000000,4.350000,143.550000)
v(-67.500000,8.700000,150.800000)
v(-63.000000,13.050000,158.050000)
v(-55.500000,17.400000,163.850000)
v(-40.500000,17.400000,169.650000)
v(-33.000000,17.400000,172.550000)
v(-33.000000,8.700000,162.400000)
v(-34.500000,1.450000,150.800000)
v(57.000000,-4.350000,127.600000)
v(57.000000,-7.250000,101.500000)
v(70.500000,-5.800000,101.500000)
v(70.500000,-4.350000,116.000000)
v(69.000000,0.000000,131.950000)
v(69.000000,4.350000,143.550000)
v(67.500000,8.700000,150.800000)
v(63.000000,13.050000,158.050000)
v(55.500000,17.400000,163.850000)
v(40.500000,17.400000,169.650000)
v(33.000000,17.400000,172.550000)
v(33.000000,8.700000,162.400000)
v(34.500000,1.450000,150.800000)
v(25.500000,1.450000,153.700000)
v(10.500000,1.450000,155.150000)
v(0.000000,1.450000,155.150000)
v(-10.500000,1.450000,155.150000)
v(-25.500000,1.450000,153.700000)
v(-21.000000,17.400000,175.450000)
v(0.000000,17.400000,175.450000)
v(21.000000,17.400000,175.450000)
v(-34.500000,-1.450000,142.100000)
v(-37.500000,-5.800000,127.600000)
v(-42.000000,-8.700000,101.500000)
v(-48.000000,-10.150000,75.400000)
v(-57.000000,-10.150000,47.850000)
v(-57.000000,-10.150000,75.400000)
v(34.500000,-1.450000,142.100000)
v(37.500000,-5.800000,127.600000)
v(42.000000,-8.700000,101.500000)
v(48.000000,-10.150000,75.400000)
v(57.000000,-10.150000,47.850000)
v(57.000000,-10.150000,75.400000)
v(-36.000000,23.200000,174.000000)
v(-24.000000,23.200000,175.450000)
v(0.000000,23.200000,176.900000)
v(24.000000,23.200000,175.450000)
v(36.000000,23.200000,174.000000)
v(31.500000,26.100000,175.450000)
v(31.500000,29.000000,175.450000)
v(31.500000,37.700000,175.450000)
v(31.500000,43.500000,175.450000)
v(34.500000,43.500000,175.450000)
v(34.500000,37.700000,174.000000)
v(36.000000,29.000000,174.000000)
v(-31.500000,26.100000,175.450000)
v(-31.500000,29.000000,175.450000)
v(-31.500000,37.700000,175.450000)
v(-31.500000,43.500000,175.450000)
v(-34.500000,43.500000,175.450000)
v(-34.500000,37.700000,174.000000)
v(-36.000000,29.000000,174.000000)
v(28.500000,26.100000,168.200000)
v(30.000000,27.550000,168.200000)
v(30.000000,43.500000,168.200000)
v(-30.000000,43.500000,168.200000)
v(-30.000000,27.550000,168.200000)
v(-28.500000,26.100000,168.200000)
v(-22.500000,24.650000,168.200000)
v(0.000000,23.200000,168.200000)
v(22.500000,24.650000,168.200000)
v(0.000000,43.500000,168.200000)
v(61.500000,23.200000,159.500000)
v(43.500000,23.200000,169.650000)
v(58.500000,21.750000,162.400000)
v(-61.500000,23.200000,159.500000)
v(-43.500000,23.200000,169.650000)
v(-58.500000,21.750000,162.400000)
v(43.500000,43.500000,163.850000)
v(43.500000,31.900000,160.950000)
v(43.500000,24.650000,160.950000)
v(-43.500000,43.500000,163.850000)
v(-43.500000,31.900000,160.950000)
v(-43.500000,24.650000,160.950000)
v(48.000000,23.200000,160.950000)
v(-48.000000,23.200000,160.950000)
v(61.500000,43.500000,162.400000)
v(61.500000,31.900000,159.500000)
v(-61.500000,31.900000,159.500000)
v(-61.500000,43.500000,162.400000)
v(-33.000000,43.500000,176.900000)
v(-25.500000,43.500000,176.900000)
v(0.000000,43.500000,178.350000)
v(25.500000,43.500000,176.900000)
v(33.000000,43.500000,176.900000)
v(52.500000,43.500000,172.550000)
v(66.000000,43.500000,168.200000)
v(73.500000,43.500000,139.200000)
v(73.500000,43.500000,133.400000)
v(70.500000,43.500000,140.650000)
v(66.000000,43.500000,155.150000)
v(-52.500000,43.500000,172.550000)
v(-66.000000,43.500000,168.200000)
v(-73.500000,43.500000,139.200000)
v(-73.500000,43.500000,133.400000)
v(-70.500000,43.500000,140.650000)
v(-66.000000,43.500000,155.150000)
v(70.500000,42.050000,140.650000)
v(66.000000,42.050000,153.700000)
v(67.500000,27.550000,150.800000)
v(70.500000,29.000000,139.200000)
v(70.500000,20.300000,139.200000)
v(72.000000,11.600000,136.300000)
v(-70.500000,42.050000,140.650000)
v(-66.000000,42.050000,153.700000)
v(-67.500000,27.550000,150.800000)
v(-70.500000,29.000000,139.200000)
v(-70.500000,20.300000,139.200000)
v(-72.000000,11.600000,136.300000)
v(64.500000,40.600000,153.700000)
v(64.500000,29.000000,150.800000)
v(-64.500000,29.000000,150.800000)
v(-64.500000,40.600000,153.700000)
v(31.500000,-5.800000,127.600000)
v(30.000000,-4.350000,130.500000)
v(22.500000,-4.350000,133.400000)
v(6.000000,-4.350000,133.400000)
v(3.000000,-5.800000,129.050000)
v(-3.000000,-5.800000,129.050000)
v(-6.000000,-4.350000,133.400000)
v(-22.500000,-4.350000,133.400000)
v(-30.000000,-4.350000,130.500000)
v(-31.500000,-5.800000,127.600000)
v(55.500000,-11.600000,44.950000)
v(51.000000,-11.600000,50.750000)
v(43.500000,-11.600000,55.100000)
v(30.000000,-13.050000,60.900000)
v(9.000000,-13.050000,65.250000)
v(0.000000,-13.050000,65.250000)
v(-9.000000,-13.050000,65.250000)
v(-30.000000,-13.050000,60.900000)
v(-43.500000,-11.600000,55.100000)
v(-51.000000,-11.600000,50.750000)
v(-55.500000,-11.600000,44.950000)
v(-36.000000,-7.250000,110.200000)
v(-40.500000,-10.150000,94.250000)
v(-45.000000,-10.150000,81.200000)
v(-46.500000,-10.150000,66.700000)
v(-36.000000,-10.150000,91.350000)
v(-25.500000,-5.800000,126.150000)
v(-21.000000,-5.800000,127.600000)
v(-13.500000,-5.800000,127.600000)
v(-10.500000,-5.800000,126.150000)
v(-9.000000,-10.150000,87.000000)
v(-7.500000,-10.150000,82.650000)
v(-6.000000,-10.150000,91.350000)
v(-4.500000,-8.700000,100.050000)
v(4.500000,-8.700000,100.050000)
v(6.000000,-10.150000,91.350000)
v(7.500000,-10.150000,82.650000)
v(9.000000,-10.150000,87.000000)
v(10.500000,-5.800000,126.150000)
v(13.500000,-5.800000,127.600000)
v(21.000000,-5.800000,127.600000)
v(25.500000,-5.800000,126.150000)
v(36.000000,-10.150000,91.350000)
v(46.500000,-10.150000,66.700000)
v(45.000000,-10.150000,81.200000)
v(40.500000,-10.150000,94.250000)
v(36.000000,-7.250000,110.200000)
v(31.500000,-8.700000,116.000000)
v(27.000000,-8.700000,126.150000)
v(45.000000,-11.600000,75.400000)
v(37.500000,-10.150000,92.800000)
v(22.500000,-8.700000,129.050000)
v(12.000000,-8.700000,129.050000)
v(7.500000,-8.700000,126.150000)
v(7.500000,-10.150000,117.450000)
v(-31.500000,-8.700000,116.000000)
v(-27.000000,-8.700000,126.150000)
v(-45.000000,-11.600000,75.400000)
v(-37.500000,-10.150000,92.800000)
v(-22.500000,-8.700000,129.050000)
v(-12.000000,-8.700000,129.050000)
v(-7.500000,-8.700000,126.150000)
v(-7.500000,-10.150000,117.450000)
v(70.500000,-7.250000,89.900000)
v(70.500000,-7.250000,40.600000)
v(61.500000,-10.150000,37.700000)
v(-70.500000,-7.250000,89.900000)
v(-70.500000,-7.250000,40.600000)
v(-61.500000,-10.150000,37.700000)
v(73.500000,24.650000,133.400000)
v(73.500000,11.600000,130.500000)
v(-73.500000,24.650000,133.400000)
v(-73.500000,11.600000,130.500000)
v(75.000000,-4.350000,101.500000)
v(73.500000,2.900000,124.700000)
v(75.000000,-1.450000,114.550000)
v(-75.000000,-4.350000,101.500000)
v(-73.500000,2.900000,124.700000)
v(-75.000000,-1.450000,114.550000)
v(-75.000000,0.000000,43.500000)
v(-75.000000,-4.350000,88.450000)
v(75.000000,0.000000,43.500000)
v(75.000000,-4.350000,88.450000)
v(75.000000,43.500000,129.050000)
v(75.000000,24.650000,130.500000)
v(75.000000,13.050000,127.600000)
v(-75.000000,43.500000,129.050000)
v(-75.000000,24.650000,130.500000)
v(-75.000000,13.050000,127.600000)
v(75.000000,5.800000,121.800000)
v(75.000000,0.000000,113.100000)
v(75.000000,-1.450000,101.500000)
v(75.000000,-1.450000,92.800000)
v(75.000000,0.000000,56.550000)
v(75.000000,1.450000,43.500000)
v(-75.000000,5.800000,121.800000)
v(-75.000000,0.000000,113.100000)
v(-75.000000,-1.450000,101.500000)
v(-75.000000,-1.450000,92.800000)
v(-75.000000,0.000000,56.550000)
v(-75.000000,1.450000,43.500000)
v(75.000000,36.250000,44.950000)
v(75.000000,8.700000,58.000000)
v(75.000000,4.350000,82.650000)
v(75.000000,11.600000,76.850000)
v(75.000000,20.300000,73.950000)
v(75.000000,36.250000,73.950000)
v(-75.000000,36.250000,44.950000)
v(-75.000000,8.700000,58.000000)
v(-75.000000,4.350000,82.650000)
v(-75.000000,11.600000,76.850000)
v(-75.000000,20.300000,73.950000)
v(-75.000000,36.250000,73.950000)
v(75.000000,29.000000,65.250000)
v(75.000000,30.450000,66.700000)
v(75.000000,31.900000,65.250000)
v(75.000000,31.900000,60.900000)
v(75.000000,30.450000,58.000000)
v(75.000000,29.000000,60.900000)
v(-75.000000,29.000000,65.250000)
v(-75.000000,30.450000,66.700000)
v(-75.000000,31.900000,65.250000)
v(-75.000000,31.900000,60.900000)
v(-75.000000,30.450000,58.000000)
v(-75.000000,29.000000,60.900000)
v(57.000000,-11.600000,40.600000)
v(45.000000,-11.600000,47.850000)
v(31.500000,-11.600000,53.650000)
v(16.500000,-11.600000,58.000000)
v(0.000000,-11.600000,59.450000)
v(-16.500000,-11.600000,58.000000)
v(-31.500000,-11.600000,53.650000)
v(-45.000000,-11.600000,47.850000)
v(-57.000000,-11.600000,40.600000)
v(75.000000,40.600000,73.950000)
v(75.000000,40.600000,34.800000)
v(76.500000,40.600000,-58.000000)
v(76.500000,34.800000,-58.000000)
v(76.500000,36.250000,-13.050000)
v(75.000000,36.250000,42.050000)
v(-75.000000,40.600000,73.950000)
v(-75.000000,40.600000,34.800000)
v(-76.500000,40.600000,-58.000000)
v(-76.500000,34.800000,-58.000000)
v(-76.500000,36.250000,-13.050000)
v(-75.000000,36.250000,42.050000)
v(76.500000,7.250000,-53.650000)
v(76.500000,5.800000,-53.650000)
v(-76.500000,7.250000,-53.650000)
v(-76.500000,5.800000,-53.650000)
v(73.500000,-2.900000,-56.550000)
v(67.500000,-13.050000,-59.450000)
v(69.000000,-11.600000,-36.250000)
v(69.000000,-8.700000,10.150000)
v(-73.500000,-2.900000,-56.550000)
v(-67.500000,-13.050000,-59.450000)
v(-69.000000,-11.600000,-36.250000)
v(-69.000000,-8.700000,10.150000)
v(66.000000,36.250000,44.950000)
v(66.000000,8.700000,58.000000)
v(66.000000,0.000000,56.550000)
v(-66.000000,0.000000,56.550000)
v(-66.000000,8.700000,58.000000)
v(-66.000000,36.250000,44.950000)
v(66.000000,36.250000,-13.050000)
v(66.000000,36.250000,42.050000)
v(-66.000000,36.250000,-13.050000)
v(-66.000000,36.250000,42.050000)
v(66.000000,1.450000,43.500000)
v(66.000000,7.250000,-53.650000)
v(-66.000000,7.250000,-53.650000)
v(-66.000000,1.450000,43.500000)
v(76.500000,27.550000,-34.800000)
v(76.500000,17.400000,-47.850000)
v(66.000000,17.400000,-47.850000)
v(66.000000,27.550000,-34.800000)
v(-66.000000,27.550000,-34.800000)
v(-66.000000,17.400000,-47.850000)
v(-76.500000,17.400000,-47.850000)
v(-76.500000,27.550000,-34.800000)
v(78.000000,7.250000,-62.350000)
v(78.000000,23.200000,-56.550000)
v(78.000000,11.600000,-59.450000)
v(-78.000000,7.250000,-62.350000)
v(-78.000000,23.200000,-56.550000)
v(-78.000000,11.600000,-59.450000)
v(61.500000,-14.500000,-59.450000)
v(61.500000,-10.150000,23.200000)
v(-61.500000,-14.500000,-59.450000)
v(-61.500000,-10.150000,23.200000)
v(79.500000,40.600000,34.800000)
v(82.500000,40.600000,-10.150000)
v(85.500000,40.600000,-42.050000)
v(85.500000,40.600000,-62.350000)
v(82.500000,40.600000,-59.450000)
v(-79.500000,40.600000,34.800000)
v(-82.500000,40.600000,-10.150000)
v(-85.500000,40.600000,-42.050000)
v(-85.500000,40.600000,-62.350000)
v(-82.500000,40.600000,-59.450000)
v(75.000000,44.950000,73.950000)
v(79.500000,44.950000,34.800000)
v(82.500000,44.950000,-10.150000)
v(85.500000,44.950000,-42.050000)
v(85.500000,44.950000,-68.150000)
v(85.500000,34.800000,-65.250000)
v(85.500000,34.800000,-62.350000)
v(-75.000000,44.950000,73.950000)
v(-79.500000,44.950000,34.800000)
v(-82.500000,44.950000,-10.150000)
v(-85.500000,44.950000,-42.050000)
v(-85.500000,44.950000,-68.150000)
v(-85.500000,34.800000,-65.250000)
v(-85.500000,34.800000,-62.350000)
v(60.000000,-15.950000,-59.450000)
v(58.500000,-11.600000,23.200000)
v(58.500000,-11.600000,33.350000)
v(-60.000000,-15.950000,-59.450000)
v(-58.500000,-11.600000,23.200000)
v(-58.500000,-11.600000,33.350000)
v(0.000000,-15.950000,53.650000)
v(55.500000,-14.500000,37.700000)
v(43.500000,-14.500000,44.950000)
v(30.000000,-14.500000,49.300000)
v(16.500000,-15.950000,52.200000)
v(-16.500000,-15.950000,52.200000)
v(-30.000000,-14.500000,49.300000)
v(-43.500000,-14.500000,44.950000)
v(-55.500000,-14.500000,37.700000)
v(55.500000,-20.300000,23.200000)
v(46.500000,-34.800000,1.450000)
v(43.500000,-39.150000,-5.800000)
v(39.000000,-43.500000,-4.350000)
v(43.500000,-36.250000,7.250000)
v(48.000000,-29.000000,17.400000)
v(-55.500000,-20.300000,23.200000)
v(-46.500000,-34.800000,1.450000)
v(-43.500000,-39.150000,-5.800000)
v(-39.000000,-43.500000,-4.350000)
v(-43.500000,-36.250000,7.250000)
v(-48.000000,-29.000000,17.400000)
v(37.500000,-43.500000,-59.450000)
v(36.000000,-46.400000,-47.850000)
v(36.000000,-46.400000,-30.450000)
v(37.500000,-46.400000,-14.500000)
v(42.000000,-42.050000,-14.500000)
v(42.000000,-42.050000,-24.650000)
v(42.000000,-42.050000,-40.600000)
v(42.000000,-40.600000,-47.850000)
v(45.000000,-37.700000,-52.200000)
v(-37.500000,-43.500000,-59.450000)
v(-36.000000,-46.400000,-47.850000)
v(-36.000000,-46.400000,-30.450000)
v(-37.500000,-46.400000,-14.500000)
v(-42.000000,-42.050000,-14.500000)
v(-42.000000,-42.050000,-24.650000)
v(-42.000000,-42.050000,-40.600000)
v(-42.000000,-40.600000,-47.850000)
v(-45.000000,-37.700000,-52.200000)
v(51.000000,-30.450000,-56.550000)
v(55.500000,-24.650000,-59.450000)
v(57.000000,-15.950000,-84.100000)
v(45.000000,-37.700000,-63.800000)
v(-51.000000,-30.450000,-56.550000)
v(-55.500000,-24.650000,-59.450000)
v(-57.000000,-15.950000,-84.100000)
v(-45.000000,-37.700000,-63.800000)
v(55.500000,-23.200000,-56.550000)
v(57.000000,-20.300000,-56.550000)
v(58.500000,-17.400000,-56.550000)
v(58.500000,-17.400000,-49.300000)
v(58.500000,-15.950000,-47.850000)
v(58.500000,-13.050000,23.200000)
v(-55.500000,-23.200000,-56.550000)
v(-57.000000,-20.300000,-56.550000)
v(-58.500000,-17.400000,-56.550000)
v(-58.500000,-17.400000,-49.300000)
v(-58.500000,-15.950000,-47.850000)
v(-58.500000,-13.050000,23.200000)
v(55.500000,-23.200000,-50.750000)
v(-55.500000,-23.200000,-50.750000)
v(55.500000,-20.300000,18.850000)
v(46.500000,-34.800000,-1.450000)
v(43.500000,-39.150000,-11.600000)
v(43.500000,-40.600000,-21.750000)
v(43.500000,-40.600000,-37.700000)
v(45.000000,-39.150000,-46.400000)
v(46.500000,-36.250000,-49.300000)
v(49.500000,-31.900000,-52.200000)
v(-55.500000,-20.300000,18.850000)
v(-46.500000,-34.800000,-1.450000)
v(-43.500000,-39.150000,-11.600000)
v(-43.500000,-40.600000,-21.750000)
v(-43.500000,-40.600000,-37.700000)
v(-45.000000,-39.150000,-46.400000)
v(-46.500000,-36.250000,-49.300000)
v(-49.500000,-31.900000,-52.200000)
v(0.000000,-46.400000,-4.350000)
v(0.000000,-43.500000,4.350000)
v(16.500000,-43.500000,4.350000)
v(31.500000,-40.600000,2.900000)
v(39.000000,-37.700000,2.900000)
v(27.000000,-47.850000,-14.500000)
v(0.000000,-47.850000,-14.500000)
v(-16.500000,-43.500000,4.350000)
v(-31.500000,-40.600000,2.900000)
v(-39.000000,-37.700000,2.900000)
v(-27.000000,-47.850000,-14.500000)
v(15.000000,-46.400000,-58.000000)
v(0.000000,-46.400000,-58.000000)
v(0.000000,-47.850000,-47.850000)
v(-15.000000,-46.400000,-58.000000)
v(66.000000,-14.500000,-97.150000)
v(76.500000,-1.450000,-69.600000)
v(72.000000,-8.700000,-81.200000)
v(-66.000000,-14.500000,-97.150000)
v(-76.500000,-1.450000,-69.600000)
v(-72.000000,-8.700000,-81.200000)
v(-82.500000,7.250000,-63.800000)
v(-85.500000,7.250000,-65.250000)
v(-85.500000,13.050000,-62.350000)
v(-85.500000,23.200000,-60.900000)
v(82.500000,7.250000,-63.800000)
v(85.500000,7.250000,-65.250000)
v(85.500000,13.050000,-62.350000)
v(85.500000,23.200000,-60.900000)
v(-73.500000,-13.050000,-98.600000)
v(-81.000000,-11.600000,-102.950000)
v(-82.500000,-10.150000,-91.350000)
v(-82.500000,-8.700000,-82.650000)
v(-82.500000,0.000000,-71.050000)
v(73.500000,-13.050000,-98.600000)
v(81.000000,-11.600000,-102.950000)
v(82.500000,-10.150000,-91.350000)
v(82.500000,-8.700000,-82.650000)
v(82.500000,0.000000,-71.050000)
v(85.500000,24.650000,-63.800000)
v(85.500000,14.500000,-66.700000)
v(85.500000,7.250000,-69.600000)
v(-85.500000,24.650000,-63.800000)
v(-85.500000,14.500000,-66.700000)
v(-85.500000,7.250000,-69.600000)
v(85.500000,0.000000,-72.500000)
v(85.500000,-5.800000,-84.100000)
v(85.500000,-7.250000,-97.150000)
v(-85.500000,0.000000,-72.500000)
v(-85.500000,-5.800000,-84.100000)
v(-85.500000,-7.250000,-97.150000)
v(-85.500000,1.450000,-75.400000)
v(-84.000000,-8.700000,-120.350000)
v(-82.500000,-10.150000,-150.800000)
v(-79.500000,2.900000,-147.900000)
v(-81.000000,5.800000,-147.900000)
v(-82.500000,11.600000,-142.100000)
v(-82.500000,29.000000,-136.300000)
v(-82.500000,31.900000,-139.200000)
v(-82.500000,39.150000,-139.200000)
v(-84.000000,40.600000,-121.800000)
v(-84.000000,21.750000,-121.800000)
v(-84.000000,10.150000,-118.900000)
v(-84.000000,1.450000,-110.200000)
v(-85.500000,-2.900000,-97.150000)
v(-85.500000,-2.900000,-87.000000)
v(85.500000,1.450000,-75.400000)
v(84.000000,-8.700000,-120.350000)
v(82.500000,-10.150000,-150.800000)
v(79.500000,2.900000,-147.900000)
v(81.000000,5.800000,-147.900000)
v(82.500000,11.600000,-142.100000)
v(82.500000,29.000000,-136.300000)
v(82.500000,31.900000,-139.200000)
v(82.500000,39.150000,-139.200000)
v(84.000000,40.600000,-121.800000)
v(84.000000,21.750000,-121.800000)
v(84.000000,10.150000,-118.900000)
v(84.000000,1.450000,-110.200000)
v(85.500000,-2.900000,-97.150000)
v(85.500000,-2.900000,-87.000000)
v(78.000000,-11.600000,-152.250000)
v(51.000000,-14.500000,-156.600000)
v(-78.000000,-11.600000,-152.250000)
v(-51.000000,-14.500000,-156.600000)
v(46.500000,-15.950000,-137.750000)
v(43.500000,-21.750000,-114.550000)
v(39.000000,-29.000000,-91.350000)
v(40.500000,-34.800000,-76.850000)
v(39.000000,-37.700000,-72.500000)
v(-46.500000,-15.950000,-137.750000)
v(-43.500000,-21.750000,-114.550000)
v(-39.000000,-29.000000,-91.350000)
v(-40.500000,-34.800000,-76.850000)
v(-39.000000,-37.700000,-72.500000)
v(30.000000,-42.050000,-68.150000)
v(16.500000,-43.500000,-66.700000)
v(6.000000,-43.500000,-66.700000)
v(-30.000000,-42.050000,-68.150000)
v(-16.500000,-43.500000,-66.700000)
v(-6.000000,-43.500000,-66.700000)
v(30.000000,-15.950000,-159.500000)
v(0.000000,-17.400000,-160.950000)
v(-30.000000,-15.950000,-159.500000)
v(-34.500000,-17.400000,-140.650000)
v(-22.500000,-21.750000,-127.600000)
v(-6.000000,-21.750000,-130.500000)
v(6.000000,-21.750000,-130.500000)
v(22.500000,-21.750000,-127.600000)
v(-31.500000,-23.200000,-114.550000)
v(31.500000,-23.200000,-114.550000)
v(34.500000,-17.400000,-140.650000)
v(79.500000,-10.150000,-158.050000)
v(73.500000,-11.600000,-163.850000)
v(63.000000,-14.500000,-169.650000)
v(42.000000,-15.950000,-175.450000)
v(48.000000,-15.950000,-168.200000)
v(-79.500000,-10.150000,-158.050000)
v(-73.500000,-11.600000,-163.850000)
v(-63.000000,-14.500000,-169.650000)
v(-42.000000,-15.950000,-175.450000)
v(-48.000000,-15.950000,-168.200000)
v(30.000000,-17.400000,-174.000000)
v(10.500000,-18.850000,-175.450000)
v(0.000000,-18.850000,-176.900000)
v(-10.500000,-18.850000,-175.450000)
v(-30.000000,-17.400000,-174.000000)
v(10.500000,-18.850000,-178.350000)
v(0.000000,-18.850000,-178.350000)
v(-10.500000,-18.850000,-178.350000)
v(46.500000,-14.500000,-153.700000)
v(45.000000,-14.500000,-137.750000)
v(43.500000,-20.300000,-142.100000)
v(36.000000,-30.450000,-146.450000)
v(34.500000,-36.250000,-147.900000)
v(34.500000,-37.700000,-152.250000)
v(34.500000,-39.150000,-159.500000)
v(36.000000,-30.450000,-158.050000)
v(43.500000,-20.300000,-156.600000)
v(-46.500000,-14.500000,-153.700000)
v(-45.000000,-14.500000,-137.750000)
v(-43.500000,-20.300000,-142.100000)
v(-36.000000,-30.450000,-146.450000)
v(-34.500000,-36.250000,-147.900000)
v(-34.500000,-37.700000,-152.250000)
v(-34.500000,-39.150000,-159.500000)
v(-36.000000,-30.450000,-158.050000)
v(-43.500000,-20.300000,-156.600000)
v(72.000000,-39.150000,-166.750000)
v(72.000000,-33.350000,-143.550000)
v(75.000000,-26.100000,-145.000000)
v(76.500000,-23.200000,-153.700000)
v(76.500000,-24.650000,-159.500000)
v(75.000000,-29.000000,-163.850000)
v(-72.000000,-39.150000,-166.750000)
v(-72.000000,-33.350000,-143.550000)
v(-75.000000,-26.100000,-145.000000)
v(-76.500000,-23.200000,-153.700000)
v(-76.500000,-24.650000,-159.500000)
v(-75.000000,-29.000000,-163.850000)
v(34.500000,-40.600000,-166.750000)
v(34.500000,-36.250000,-143.550000)
v(-34.500000,-40.600000,-166.750000)
v(-34.500000,-36.250000,-143.550000)
v(0.000000,-40.600000,-166.750000)
v(0.000000,-36.250000,-143.550000)
v(78.000000,2.900000,-156.600000)
v(75.000000,2.900000,-160.950000)
v(72.000000,-1.450000,-160.950000)
v(73.500000,-2.900000,-160.950000)
v(72.000000,-7.250000,-162.400000)
v(-78.000000,2.900000,-156.600000)
v(-75.000000,2.900000,-160.950000)
v(-72.000000,-1.450000,-160.950000)
v(-73.500000,-2.900000,-160.950000)
v(-72.000000,-7.250000,-162.400000)
v(60.000000,-10.150000,-165.300000)
v(43.500000,-11.600000,-169.650000)
v(42.000000,-8.700000,-169.650000)
v(43.500000,-5.800000,-168.200000)
v(46.500000,-1.450000,-168.200000)
v(66.000000,1.450000,-163.850000)
v(43.500000,0.000000,-168.200000)
v(39.000000,-5.800000,-169.650000)
v(31.500000,-8.700000,-172.550000)
v(15.000000,-10.150000,-174.000000)
v(0.000000,-10.150000,-174.000000)
v(-60.000000,-10.150000,-165.300000)
v(-43.500000,-11.600000,-169.650000)
v(-42.000000,-8.700000,-169.650000)
v(-43.500000,-5.800000,-168.200000)
v(-46.500000,-1.450000,-168.200000)
v(-66.000000,1.450000,-163.850000)
v(-43.500000,0.000000,-168.200000)
v(-39.000000,-5.800000,-169.650000)
v(-31.500000,-8.700000,-172.550000)
v(-15.000000,-10.150000,-174.000000)
v(79.500000,5.800000,-156.600000)
v(75.000000,5.800000,-160.950000)
v(-79.500000,5.800000,-156.600000)
v(-75.000000,5.800000,-160.950000)
v(70.500000,31.900000,-140.650000)
v(70.500000,5.800000,-147.900000)
v(-70.500000,31.900000,-140.650000)
v(-70.500000,5.800000,-147.900000)
v(76.500000,39.150000,-152.250000)
v(78.000000,31.900000,-153.700000)
v(-76.500000,39.150000,-152.250000)
v(-78.000000,31.900000,-153.700000)
v(64.500000,31.900000,-158.050000)
v(-64.500000,31.900000,-158.050000)
v(64.500000,5.800000,-163.850000)
v(-64.500000,5.800000,-163.850000)
v(64.500000,20.300000,-162.400000)
v(-64.500000,20.300000,-162.400000)
v(54.000000,18.850000,-163.850000)
v(57.000000,17.400000,-163.850000)
v(57.000000,37.700000,-158.050000)
v(57.000000,29.000000,-160.950000)
v(52.500000,23.200000,-163.850000)
v(45.000000,21.750000,-166.750000)
v(39.000000,18.850000,-168.200000)
v(40.500000,17.400000,-168.200000)
v(42.000000,18.850000,-166.750000)
v(-54.000000,18.850000,-163.850000)
v(-57.000000,17.400000,-163.850000)
v(-57.000000,37.700000,-158.050000)
v(-57.000000,29.000000,-160.950000)
v(-52.500000,23.200000,-163.850000)
v(-45.000000,21.750000,-166.750000)
v(-39.000000,18.850000,-168.200000)
v(-40.500000,17.400000,-168.200000)
v(-42.000000,18.850000,-166.750000)
v(57.000000,15.950000,-163.850000)
v(42.000000,15.950000,-168.200000)
v(22.500000,10.150000,-174.000000)
v(0.000000,10.150000,-174.000000)
v(-57.000000,15.950000,-163.850000)
v(-42.000000,15.950000,-168.200000)
v(-22.500000,10.150000,-174.000000)
v(55.500000,37.700000,-166.750000)
v(55.500000,30.450000,-166.750000)
v(51.000000,23.200000,-168.200000)
v(43.500000,23.200000,-169.650000)
v(21.000000,11.600000,-175.450000)
v(0.000000,11.600000,-175.450000)
v(-55.500000,37.700000,-166.750000)
v(-55.500000,30.450000,-166.750000)
v(-51.000000,23.200000,-168.200000)
v(-43.500000,23.200000,-169.650000)
v(-21.000000,11.600000,-175.450000)
v(-15.000000,10.150000,-174.000000)
v(-15.000000,21.750000,-174.000000)
v(0.000000,21.750000,-174.000000)
v(15.000000,21.750000,-174.000000)
v(15.000000,10.150000,-174.000000)
v(57.000000,39.150000,-137.750000)
v(22.500000,10.150000,-155.150000)
v(45.000000,21.750000,-147.900000)
v(52.500000,21.750000,-146.450000)
v(57.000000,29.000000,-143.550000)
v(-57.000000,39.150000,-137.750000)
v(-57.000000,29.000000,-143.550000)
v(-52.500000,21.750000,-146.450000)
v(-45.000000,21.750000,-147.900000)
v(-22.500000,10.150000,-155.150000)
v(0.000000,10.150000,-155.150000)
v(0.000000,39.150000,-137.750000)
v(54.000000,43.500000,133.400000)
v(-54.000000,43.500000,133.400000)
v(54.000000,44.950000,73.950000)
v(-54.000000,44.950000,73.950000)
v(54.000000,44.950000,-66.700000)
v(-54.000000,44.950000,-66.700000)
v(54.000000,40.600000,-121.800000)
v(-54.000000,40.600000,-121.800000)

<p>
c(254,254,254)
light()
outline()
n(0.147360,-0.842731,0.517774)
p(13,0,1,2,3,4,5,6,7,8,9,10,11,12)
t(1,0,12)
t(12,11,10)
t(10,9,8)
t(8,7,6)
t(6,5,4)
t(4,3,2)
t(2,1,12)
t(12,10,8)
t(8,6,4)
t(4,2,12)
t(12,8,4)
</p>

<p>
c(254,254,254)
light()
outline()
n(-0.147360,-0.842731,0.517774)
p(13,13,14,15,16,17,18,19,20,21,22,23,24,25)
t(24,25,13)
t(13,14,15)
t(15,16,17)
t(17,18,19)
t(19,20,21)
t(21,22,23)
t(23,24,13)
t(13,15,17)
t(17,19,21)
t(21,23,13)
t(13,17,21)
</p>

<p>
c(204,121,33)
outline()
n(-0.087589,-0.919967,0.382085)
p(25,13,14,15,16,17,18,19,20,21,22,23,26,27,28,29,30,31,32,33,34,35,36,37,38,25)
t(13,25,38)
t(38,37,36)
t(36,35,34)
t(34,33,32)
t(32,31,30)
t(30,29,28)
t(28,27,26)
t(26,23,22)
t(18,17,16)
t(14,13,38)
t(32,30,28)
t(28,26,22)
t(14,38,36)
t(28,22,21)
t(15,14,36)
t(32,28,21)
t(16,15,36)
t(32,21,20)
t(16,36,34)
t(32,20,19)
t(18,16,34)
t(32,19,18)
t(18,34,32)
</p>

<p>
c(204,121,33)
outline()
n(0.087589,-0.919967,0.382085)
p(25,0,1,2,3,4,5,6,7,8,9,10,39,40,41,42,43,44,45,46,47,48,49,50,51,12)
t(51,12,0)
t(3,4,5)
t(9,10,39)
t(39,40,41)
t(41,42,43)
t(43,44,45)
t(45,46,47)
t(47,48,49)
t(49,50,51)
t(51,0,1)
t(9,39,41)
t(41,43,45)
t(49,51,1)
t(8,9,41)
t(49,1,2)
t(7,8,41)
t(47,49,2)
t(7,41,45)
t(47,2,3)
t(6,7,45)
t(47,3,5)
t(5,6,45)
t(45,47,5)
</p>

<p>
c(51,51,51)
outline()
n(-0.000000,-0.798191,0.602404)
p(14,52,53,54,55,56,38,37,36,57,58,59,49,50,51)
t(52,51,50)
t(50,49,59)
t(58,57,36)
t(37,38,56)
t(53,52,50)
t(50,59,58)
t(58,36,37)
t(37,56,55)
t(54,53,50)
t(50,58,37)
t(37,55,54)
t(54,50,37)
</p>

<p>
c(204,121,33)
outline()
n(-0.010560,-0.991118,0.132569)
p(12,38,60,61,62,63,64,65,27,26,23,24,25)
t(60,38,25)
t(24,23,26)
t(26,27,65)
t(65,64,63)
t(63,62,61)
t(61,60,25)
t(24,26,65)
t(65,63,61)
t(61,25,24)
t(24,65,61)
</p>

<p>
c(204,121,33)
outline()
n(0.010560,-0.991118,0.132569)
p(12,51,66,67,68,69,70,71,40,39,10,11,12)
t(11,12,51)
t(51,66,67)
t(67,68,69)
t(69,70,71)
t(71,40,39)
t(39,10,11)
t(11,51,67)
t(67,69,71)
t(71,39,11)
t(11,67,71)
</p>

<p>
c(51,51,51)
outline()
n(0.000000,0.180987,-0.983486)
p(10,59,58,57,36,72,73,74,75,76,49)
t(76,49,59)
t(57,36,72)
t(72,73,74)
t(74,75,76)
t(76,59,58)
t(58,57,72)
t(72,74,76)
t(76,58,72)
</p>

<p>
c(51,51,51)
outline()
n(0.148765,-0.037666,0.988155)
p(9,76,75,77,78,79,80,81,82,83)
t(76,83,82)
t(82,81,80)
t(80,79,78)
t(77,75,76)
t(76,82,80)
t(78,77,76)
t(76,80,78)
</p>

<p>
c(51,51,51)
outline()
n(-0.148765,-0.037666,0.988155)
p(9,72,73,84,85,86,87,88,89,90)
t(89,90,72)
t(72,73,84)
t(85,86,87)
t(87,88,89)
t(89,72,84)
t(85,87,89)
t(89,84,85)
</p>

<p>
c(51,51,51)
outline()
n(-0.964263,0.023942,0.263864)
p(7,77,91,92,93,80,79,78)
t(91,77,78)
t(78,79,80)
t(80,93,92)
t(92,91,78)
t(78,80,92)
</p>

<p>
c(51,51,51)
outline()
n(-0.964263,-0.023942,-0.263864)
p(7,84,85,86,87,94,95,96)
t(95,96,84)
t(84,85,86)
t(86,87,94)
t(94,95,84)
t(84,86,94)
</p>

<p>
c(51,51,51)
outline()
n(0.000000,0.995196,0.097904)
p(10,77,75,74,73,84,96,97,98,99,91)
t(75,77,91)
t(97,96,84)
t(73,74,75)
t(75,91,99)
t(98,97,84)
t(84,73,75)
t(75,99,98)
t(98,84,75)
</p>

<p>
c(15,15,15)
outline()
n(0.000000,-0.000000,1.000000)
p(10,95,94,100,93,92,91,99,98,97,96)
t(94,95,96)
t(96,97,98)
t(98,99,91)
t(91,92,93)
t(100,94,96)
t(96,98,91)
t(91,93,100)
t(100,96,91)
</p>

<p>
c(204,121,33)
outline()
n(-0.430197,0.176430,-0.885326)
p(8,101,46,47,48,49,76,102,103)
t(103,101,46)
t(47,48,49)
t(49,76,102)
t(103,46,47)
t(47,49,102)
t(102,103,47)
</p>

<p>
c(204,121,33)
outline()
n(0.430197,0.176430,-0.885326)
p(8,104,33,34,35,36,72,105,106)
t(33,104,106)
t(106,105,72)
t(72,36,35)
t(34,33,106)
t(106,72,35)
t(35,34,106)
</p>

<p>
c(51,51,51)
outline()
n(0.835047,-0.014503,0.549988)
p(7,82,81,107,108,109,76,83)
t(83,76,109)
t(109,108,107)
t(107,81,82)
t(82,83,109)
t(109,107,82)
</p>

<p>
c(51,51,51)
outline()
n(0.835047,0.014503,-0.549988)
p(7,89,88,110,111,112,72,90)
t(90,72,112)
t(112,111,110)
t(110,88,89)
t(89,90,112)
t(112,110,89)
</p>

<p>
c(204,121,33)
outline()
n(-0.112698,-0.981930,-0.152031)
p(6,102,76,109,113,101,103)
t(101,103,102)
t(102,76,109)
t(113,101,102)
t(102,109,113)
</p>

<p>
c(204,121,33)
outline()
n(0.112698,-0.981930,-0.152031)
p(6,105,106,104,114,112,72)
t(112,72,105)
t(105,106,104)
t(114,112,105)
t(105,104,114)
</p>

<p>
c(15,15,15)
outline()
n(0.082210,-0.137401,0.987098)
p(7,101,113,109,108,107,115,116)
t(113,101,116)
t(116,115,107)
t(108,109,113)
t(113,116,107)
t(107,108,113)
</p>

<p>
c(15,15,15)
outline()
n(0.082210,0.137401,-0.987098)
p(7,104,117,118,110,111,112,114)
t(112,114,104)
t(104,117,118)
t(118,110,111)
t(111,112,104)
t(104,118,111)
</p>

<p>
c(45,45,45)
outline()
n(0.000000,1.000000,0.000000)
p(12,81,80,93,100,94,87,88,119,120,121,122,123)
t(122,123,81)
t(80,93,100)
t(100,94,87)
t(87,88,119)
t(120,121,122)
t(122,81,80)
t(80,100,87)
t(87,119,120)
t(120,122,80)
t(80,87,120)
</p>

<p>
c(45,45,45)
outline()
n(0.000000,1.000000,0.000000)
p(10,107,81,123,124,125,126,127,128,129,115)
t(115,107,81)
t(81,123,124)
t(125,126,127)
t(127,128,129)
t(115,81,124)
t(125,127,129)
t(115,124,125)
t(125,129,115)
</p>

<p>
c(45,45,45)
outline()
n(0.000000,1.000000,0.000000)
p(10,110,88,119,130,131,132,133,134,135,118)
t(88,110,118)
t(135,134,133)
t(133,132,131)
t(131,130,119)
t(119,88,118)
t(135,133,131)
t(131,119,118)
t(118,135,131)
</p>

<p>
c(204,121,33)
outline()
n(-0.923692,0.012041,-0.382946)
p(14,45,46,101,116,115,129,128,136,137,138,139,140,141,44)
t(141,44,45)
t(45,46,101)
t(116,115,129)
t(129,128,136)
t(138,139,140)
t(140,141,45)
t(45,101,116)
t(129,136,137)
t(138,140,45)
t(45,116,129)
t(129,137,138)
t(138,45,129)
</p>

<p>
c(204,121,33)
outline()
n(-0.923692,-0.012041,0.382946)
p(14,32,33,104,117,118,135,134,142,143,144,145,146,147,31)
t(147,31,32)
t(32,33,104)
t(117,118,135)
t(135,134,142)
t(144,145,146)
t(146,147,32)
t(32,104,117)
t(135,142,143)
t(144,146,32)
t(32,117,135)
t(135,143,144)
t(144,32,135)
</p>

<p>
c(15,15,15)
outline()
n(0.927160,-0.029625,0.373492)
p(6,136,148,149,139,138,137)
t(148,136,137)
t(137,138,139)
</p>

<p>
c(15,15,15)
outline()
n(0.927160,0.029625,-0.373492)
p(6,142,143,144,145,150,151)
t(151,142,143)
t(143,144,145)
</p>

<p>
c(51,51,51)
outline()
n(0.000000,0.963231,-0.268673)
p(21,51,66,67,152,153,154,155,156,157,158,159,160,161,61,60,38,56,55,54,53,52)
t(53,52,51)
t(66,67,152)
t(155,156,157)
t(160,161,61)
t(60,38,56)
t(56,55,54)
t(54,53,51)
t(51,66,152)
t(155,157,158)
t(160,61,60)
t(60,56,54)
t(51,152,153)
t(159,160,60)
t(60,54,51)
t(51,153,154)
t(158,159,60)
t(60,51,154)
t(155,158,60)
t(60,154,155)
</p>

<p>
c(51,51,51)
outline()
n(0.000000,0.996829,-0.079576)
p(49,152,67,68,69,70,162,163,164,165,166,167,168,169,170,171,172,64,63,62,61,161,173,174,175,176,177,178,179,180,181,182,183,184,185,157,156,186,187,188,189,190,191,192,193,194,195,196,197,198)
t(197,198,152)
t(152,67,68)
t(69,70,162)
t(171,172,64)
t(62,61,161)
t(161,173,174)
t(177,178,179)
t(179,180,181)
t(185,157,156)
t(189,190,191)
t(191,192,193)
t(196,197,152)
t(152,68,69)
t(69,162,163)
t(170,171,64)
t(63,62,161)
t(161,174,175)
t(177,179,181)
t(184,185,156)
t(189,191,193)
t(196,152,69)
t(63,161,175)
t(176,177,181)
t(183,184,156)
t(188,189,193)
t(195,196,69)
t(64,63,175)
t(176,181,182)
t(183,156,186)
t(188,193,194)
t(195,69,163)
t(64,175,176)
t(176,182,183)
t(183,186,187)
t(188,194,195)
t(195,163,164)
t(170,64,176)
t(183,187,188)
t(188,195,164)
t(169,170,176)
t(176,183,188)
t(188,164,165)
t(168,169,176)
t(188,165,166)
t(167,168,176)
t(176,188,166)
t(166,167,176)
</p>

<p>
c(51,51,51)
outline()
n(0.382114,-0.907533,0.174277)
p(9,199,200,152,198,197,196,195,201,202)
t(199,202,201)
t(201,195,196)
t(197,198,152)
t(152,200,199)
t(199,201,196)
t(197,152,199)
t(199,196,197)
</p>

<p>
c(51,51,51)
outline()
n(-0.105241,0.729762,-0.675553)
p(7,153,152,200,203,204,155,154)
t(155,154,153)
t(153,152,200)
t(203,204,155)
t(153,200,203)
t(203,155,153)
</p>

<p>
c(51,51,51)
outline()
n(0.419395,0.904652,-0.075578)
p(8,186,156,155,204,205,206,188,187)
t(187,186,156)
t(156,155,204)
t(205,206,188)
t(188,187,156)
t(156,204,205)
t(205,188,156)
</p>

<p>
c(51,51,51)
outline()
n(-0.382114,-0.907533,0.174277)
p(9,207,208,161,173,174,175,176,209,210)
t(209,210,207)
t(207,208,161)
t(161,173,174)
t(174,175,176)
t(209,207,161)
t(174,176,209)
t(209,161,174)
</p>

<p>
c(51,51,51)
outline()
n(0.105241,0.729762,-0.675553)
p(7,160,161,208,211,212,158,159)
t(161,160,159)
t(159,158,212)
t(211,208,161)
t(161,159,212)
t(212,211,161)
</p>

<p>
c(51,51,51)
outline()
n(-0.419395,0.904652,-0.075578)
p(8,185,157,158,212,213,214,183,184)
t(157,185,184)
t(184,183,214)
t(213,212,158)
t(158,157,184)
t(184,214,213)
t(213,158,184)
</p>

<p>
c(51,51,51)
outline()
n(0.007668,-0.997797,0.065896)
p(16,194,193,192,191,190,189,188,206,205,204,203,200,199,202,201,195)
t(193,194,195)
t(195,201,202)
t(202,199,200)
t(205,206,188)
t(188,189,190)
t(193,195,202)
t(205,188,190)
t(193,202,200)
t(204,205,190)
t(192,193,200)
t(204,190,191)
t(192,200,203)
t(203,204,191)
t(191,192,203)
</p>

<p>
c(51,51,51)
outline()
n(-0.007668,-0.997797,0.065896)
p(16,177,176,209,210,207,208,211,212,213,214,183,182,181,180,179,178)
t(176,177,178)
t(181,182,183)
t(183,214,213)
t(208,207,210)
t(210,209,176)
t(181,183,213)
t(210,176,178)
t(180,181,213)
t(208,210,178)
t(180,213,212)
t(211,208,178)
t(179,180,212)
t(211,178,179)
t(179,212,211)
</p>

<p>
c(204,121,33)
outline()
n(0.174981,-0.983951,0.034969)
p(7,40,41,215,216,217,70,71)
t(41,40,71)
t(71,70,217)
t(217,216,215)
t(215,41,71)
t(71,217,215)
</p>

<p>
c(204,121,33)
outline()
n(-0.174981,-0.983951,0.034969)
p(7,27,28,218,219,220,64,65)
t(64,65,27)
t(27,28,218)
t(218,219,220)
t(220,64,27)
t(27,218,220)
</p>

<p>
c(204,121,33)
outline()
n(0.905101,-0.029552,0.424169)
p(10,136,128,127,221,222,141,140,139,149,148)
t(136,148,149)
t(139,140,141)
t(141,222,221)
t(221,127,128)
t(136,149,139)
t(139,141,221)
t(221,128,136)
t(136,139,221)
</p>

<p>
c(204,121,33)
outline()
n(-0.905101,-0.029552,0.424169)
p(10,142,134,133,223,224,147,146,145,150,151)
t(150,151,142)
t(142,134,133)
t(223,224,147)
t(147,146,145)
t(145,150,142)
t(142,133,223)
t(223,147,145)
t(145,142,223)
</p>

<p>
c(204,121,33)
outline()
n(-0.910958,0.366520,-0.189257)
p(9,225,41,42,43,44,141,222,226,227)
t(227,225,41)
t(41,42,43)
t(43,44,141)
t(141,222,226)
t(226,227,41)
t(43,141,226)
t(226,41,43)
</p>

<p>
c(204,121,33)
outline()
n(0.910958,0.366520,-0.189257)
p(9,228,28,29,30,31,147,224,229,230)
t(28,228,230)
t(229,224,147)
t(147,31,30)
t(30,29,28)
t(28,230,229)
t(229,147,30)
t(30,28,229)
</p>

<p>
c(204,121,33)
outline()
n(-0.726356,-0.687027,-0.020044)
p(6,218,219,231,232,228,28)
t(219,218,28)
t(28,228,232)
t(232,231,219)
t(219,28,232)
</p>

<p>
c(204,121,33)
outline()
n(-0.726356,0.687027,0.020044)
p(6,215,216,233,234,225,41)
t(216,215,41)
t(41,225,234)
t(234,233,216)
t(216,41,234)
</p>

<p>
c(204,121,33)
outline()
n(-0.947556,0.019743,-0.318979)
p(6,127,235,236,237,222,221)
t(222,221,127)
t(127,235,236)
t(236,237,222)
t(222,127,236)
</p>

<p>
c(204,121,33)
outline()
n(-0.947556,-0.019743,0.318979)
p(6,133,238,239,240,224,223)
t(224,223,133)
t(133,238,239)
t(239,240,224)
t(224,133,239)
</p>

<p>
c(204,121,33)
outline()
n(-0.999431,-0.033315,-0.005310)
p(13,222,237,241,242,243,244,245,246,233,234,225,227,226)
t(227,226,222)
t(222,237,241)
t(245,246,233)
t(233,234,225)
t(227,222,241)
t(244,245,233)
t(227,241,242)
t(244,233,225)
t(225,227,242)
t(243,244,225)
t(225,242,243)
</p>

<p>
c(204,121,33)
outline()
n(0.999431,-0.033315,-0.005310)
p(13,224,240,247,248,249,250,251,252,231,232,228,230,229)
t(240,224,229)
t(229,230,228)
t(228,232,231)
t(231,252,251)
t(247,240,229)
t(228,231,251)
t(248,247,229)
t(228,251,250)
t(248,229,228)
t(228,250,249)
t(249,248,228)
</p>

<p>
c(204,121,33)
outline()
n(1.000000,0.000000,0.000000)
p(8,253,254,245,244,255,256,257,258)
t(254,253,258)
t(255,244,245)
t(245,254,258)
t(256,255,245)
t(245,258,257)
t(257,256,245)
</p>

<p>
c(204,121,33)
outline()
n(1.000000,0.000000,0.000000)
p(8,259,260,251,250,261,262,263,264)
t(260,259,264)
t(261,250,251)
t(251,260,264)
t(262,261,251)
t(251,264,263)
t(263,262,251)
</p>

<p>
c(255,120,0)
outline()
n(1.000000,0.000000,0.000000)
p(6,265,266,267,268,269,270)
t(266,265,270)
t(270,269,268)
t(268,267,266)
t(266,270,268)
</p>

<p>
c(255,120,0)
outline()
n(1.000000,0.000000,0.000000)
p(6,271,272,273,274,275,276)
t(272,271,276)
t(276,275,274)
t(274,273,272)
t(272,276,274)
</p>

<p>
c(51,51,51)
outline()
n(-0.000000,-0.998201,-0.059954)
p(20,163,162,277,278,279,280,281,282,283,284,285,172,171,170,169,168,167,166,165,164)
t(162,163,164)
t(164,165,166)
t(167,168,169)
t(169,170,171)
t(171,172,285)
t(278,277,162)
t(162,164,166)
t(166,167,169)
t(169,171,285)
t(279,278,162)
t(169,285,284)
t(279,162,166)
t(169,284,283)
t(280,279,166)
t(169,283,282)
t(281,280,166)
t(166,169,282)
t(282,281,166)
</p>

<p>
c(204,121,33)
outline()
n(-0.999710,-0.020079,-0.013289)
p(8,253,258,286,287,288,289,290,291)
t(253,258,286)
t(286,287,288)
t(288,289,290)
t(291,253,286)
t(286,288,290)
t(290,291,286)
</p>

<p>
c(204,121,33)
outline()
n(0.999710,-0.020079,-0.013289)
p(8,259,264,292,293,294,295,296,297)
t(296,295,294)
t(294,293,292)
t(292,264,259)
t(297,296,294)
t(294,292,259)
t(259,297,294)
</p>

<p>
c(204,121,33)
outline()
n(0.999881,0.000000,0.015438)
p(4,233,246,298,299)
t(246,233,299)
t(299,298,246)
</p>

<p>
c(204,121,33)
outline()
n(-0.999881,0.000000,0.015438)
p(4,231,252,300,301)
t(300,301,231)
t(231,252,300)
</p>

<p>
c(204,121,33)
outline()
n(-0.893041,0.449976,0.000593)
p(7,216,233,299,302,303,304,305)
t(304,305,216)
t(216,233,299)
t(299,302,303)
t(304,216,299)
t(299,303,304)
</p>

<p>
c(204,121,33)
outline()
n(-0.893041,-0.449976,-0.000593)
p(7,219,231,301,306,307,308,309)
t(308,309,219)
t(219,231,301)
t(301,306,307)
t(308,219,301)
t(301,307,308)
</p>

<p>
c(15,15,15)
outline()
n(0.000000,-0.340425,-0.940272)
p(6,245,254,253,310,311,312)
t(254,245,312)
t(311,310,253)
t(253,254,312)
t(312,311,253)
</p>

<p>
c(15,15,15)
outline()
n(0.000000,-0.340425,-0.940272)
p(6,251,313,314,315,259,260)
t(313,251,260)
t(260,259,315)
t(314,313,260)
t(260,315,314)
</p>

<p>
c(204,121,33)
outline()
n(0.000000,1.000000,0.000000)
p(6,291,290,316,317,310,253)
t(310,253,291)
t(291,290,316)
t(317,310,291)
t(291,316,317)
</p>

<p>
c(204,121,33)
outline()
n(0.000000,1.000000,0.000000)
p(6,297,296,318,319,315,259)
t(297,259,315)
t(319,318,296)
t(296,297,315)
t(315,319,296)
</p>

<p>
c(204,121,33)
outline()
n(0.000433,0.997989,0.063380)
p(6,246,245,312,320,321,298)
t(246,298,321)
t(321,320,312)
t(312,245,246)
t(246,321,312)
</p>

<p>
c(204,121,33)
outline()
n(-0.000433,0.997989,0.063380)
p(6,252,300,322,323,313,251)
t(252,251,313)
t(313,323,322)
t(322,300,252)
t(252,313,322)
</p>

<p>
c(15,15,15)
outline()
n(-0.000000,0.824511,-0.565846)
p(8,316,290,324,325,298,321,326,327)
t(327,316,290)
t(325,298,321)
t(326,327,290)
t(324,325,321)
t(321,326,290)
t(290,324,321)
</p>

<p>
c(15,15,15)
outline()
n(0.000000,0.824511,-0.565846)
p(8,318,328,329,322,300,330,331,296)
t(331,296,318)
t(329,322,300)
t(330,331,318)
t(328,329,300)
t(300,330,318)
t(318,328,300)
</p>

<p>
c(51,51,51)
outline()
n(1.000000,0.000000,0.000000)
p(5,311,310,317,320,312)
t(310,311,312)
t(312,320,317)
t(317,310,312)
</p>

<p>
c(51,51,51)
outline()
n(1.000000,0.000000,0.000000)
p(5,314,313,323,319,315)
t(319,315,314)
t(314,313,323)
t(323,319,314)
</p>

<p>
c(51,51,51)
outline()
n(1.000000,0.000000,0.000000)
p(6,316,327,326,321,320,317)
t(327,316,317)
t(317,320,321)
t(321,326,327)
t(327,317,321)
</p>

<p>
c(51,51,51)
outline()
n(1.000000,0.000000,0.000000)
p(6,318,319,323,322,329,328)
t(329,328,318)
t(318,319,323)
t(323,322,329)
t(329,318,323)
</p>

<p>
c(204,121,33)
outline()
n(-0.999704,-0.013559,-0.020214)
p(8,332,298,325,324,290,289,333,334)
t(334,332,298)
t(324,290,289)
t(333,334,298)
t(325,324,289)
t(289,333,298)
t(298,325,289)
</p>

<p>
c(204,121,33)
outline()
n(0.999704,-0.013559,-0.020214)
p(8,335,300,330,331,296,295,336,337)
t(300,335,337)
t(336,295,296)
t(330,300,337)
t(336,296,331)
t(331,330,337)
t(337,336,331)
</p>

<p>
c(204,121,33)
outline()
n(-0.262536,0.963726,-0.048026)
p(7,216,305,304,303,338,339,217)
t(339,217,216)
t(305,304,303)
t(303,338,339)
t(339,216,305)
t(305,303,339)
</p>

<p>
c(204,121,33)
outline()
n(0.262536,0.963726,-0.048026)
p(7,219,309,308,307,340,341,220)
t(309,219,220)
t(341,340,307)
t(307,308,309)
t(309,220,341)
t(341,307,309)
</p>

<p>
c(204,121,33)
outline()
n(0.000000,1.000000,0.000000)
p(8,286,342,343,344,345,346,288,287)
t(288,287,286)
t(286,342,343)
t(343,344,345)
t(346,288,286)
t(286,343,345)
t(345,346,286)
</p>

<p>
c(204,121,33)
outline()
n(0.000000,1.000000,0.000000)
p(8,292,347,348,349,350,351,294,293)
t(347,292,293)
t(293,294,351)
t(351,350,349)
t(348,347,293)
t(293,351,349)
t(349,348,293)
</p>

<p>
c(204,121,33)
outline()
n(-0.994860,0.067277,-0.075680)
p(12,342,286,352,353,354,355,356,357,358,345,344,343)
t(344,343,342)
t(342,286,352)
t(352,353,354)
t(354,355,356)
t(356,357,358)
t(344,342,352)
t(352,354,356)
t(356,358,345)
t(345,344,352)
t(352,356,345)
</p>

<p>
c(204,121,33)
outline()
n(0.994860,0.067277,-0.075680)
p(12,347,292,359,360,361,362,363,364,365,350,349,348)
t(347,348,349)
t(350,365,364)
t(363,362,361)
t(361,360,359)
t(359,292,347)
t(350,364,363)
t(363,361,359)
t(359,347,349)
t(349,350,363)
t(363,359,349)
</p>

<p>
c(51,51,51)
outline()
n(0.365836,-0.929319,0.050312)
p(9,70,217,339,338,366,367,368,277,162)
t(217,70,162)
t(367,366,338)
t(338,339,217)
t(217,162,277)
t(368,367,338)
t(217,277,368)
t(368,338,217)
</p>

<p>
c(51,51,51)
outline()
n(-0.365836,-0.929319,0.050312)
p(9,64,220,341,340,369,370,371,285,172)
t(285,172,64)
t(64,220,341)
t(341,340,369)
t(371,285,64)
t(341,369,370)
t(371,64,341)
t(341,370,371)
</p>

<p>
c(45,45,45)
outline()
n(-0.152743,0.877844,-0.453938)
p(10,372,281,280,279,278,277,373,374,375,376)
t(376,372,281)
t(281,280,279)
t(279,278,277)
t(277,373,374)
t(375,376,281)
t(281,279,277)
t(277,374,375)
t(375,281,277)
</p>

<p>
c(45,45,45)
outline()
n(0.152743,0.877844,-0.453938)
p(10,372,377,378,379,380,285,284,283,282,281)
t(282,281,372)
t(379,380,285)
t(285,284,283)
t(283,282,372)
t(378,379,285)
t(283,372,377)
t(378,285,283)
t(283,377,378)
</p>

<p>
c(51,51,51)
outline()
n(-0.709138,0.676828,-0.197555)
p(9,368,381,382,383,384,385,386,373,277)
t(373,277,368)
t(382,383,384)
t(384,385,386)
t(386,373,368)
t(381,382,384)
t(384,386,368)
t(368,381,384)
</p>

<p>
c(51,51,51)
outline()
n(0.709138,0.676828,-0.197555)
p(9,371,387,388,389,390,391,392,380,285)
t(387,371,285)
t(285,380,392)
t(392,391,390)
t(390,389,388)
t(388,387,285)
t(285,392,390)
t(390,388,285)
</p>

<p>
c(51,51,51)
outline()
n(-0.681361,0.731776,0.015853)
p(11,393,394,395,396,384,383,397,398,399,400,401)
t(400,401,393)
t(393,394,395)
t(395,396,384)
t(384,383,397)
t(399,400,393)
t(393,395,384)
t(384,397,398)
t(398,399,393)
t(393,384,398)
</p>

<p>
c(51,51,51)
outline()
n(-0.681361,-0.731776,-0.015853)
p(11,402,403,404,405,390,389,406,407,408,409,410)
t(409,410,402)
t(402,403,404)
t(404,405,390)
t(390,389,406)
t(406,407,408)
t(408,409,402)
t(402,404,390)
t(390,406,408)
t(408,402,390)
</p>

<p>
c(51,51,51)
outline()
n(-0.773977,0.619724,0.130007)
p(7,393,401,411,412,366,413,414)
t(414,393,401)
t(412,366,413)
t(413,414,401)
t(411,412,413)
t(413,401,411)
</p>

<p>
c(51,51,51)
outline()
n(0.773977,0.619724,0.130007)
p(7,402,410,415,416,369,417,418)
t(410,402,418)
t(418,417,369)
t(415,410,418)
t(418,369,416)
t(416,415,418)
</p>

<p>
c(51,51,51)
outline()
n(-0.897116,0.440786,-0.029846)
p(9,412,419,420,421,422,423,424,367,366)
t(366,412,419)
t(421,422,423)
t(423,424,367)
t(366,419,420)
t(423,367,366)
t(366,420,421)
t(421,423,366)
</p>

<p>
c(51,51,51)
outline()
n(0.897116,0.440786,-0.029846)
p(9,416,425,426,427,428,429,430,370,369)
t(425,416,369)
t(369,370,430)
t(429,428,427)
t(426,425,369)
t(369,430,429)
t(427,426,369)
t(369,429,427)
</p>

<p>
c(45,45,45)
outline()
n(-0.888218,0.459423,-0.000000)
p(5,421,420,419,431,422)
t(431,422,421)
t(420,419,431)
t(431,421,420)
</p>

<p>
c(45,45,45)
outline()
n(-0.888218,-0.459423,0.000000)
p(5,427,426,425,432,428)
t(432,428,427)
t(426,425,432)
t(432,427,426)
</p>

<p>
c(51,51,51)
outline()
n(-0.845517,0.533238,-0.027515)
p(25,419,412,411,401,400,399,398,397,383,382,381,368,367,424,433,434,435,436,437,438,439,440,423,422,431)
t(431,419,412)
t(412,411,401)
t(401,400,399)
t(398,397,383)
t(383,382,381)
t(381,368,367)
t(440,423,422)
t(399,398,383)
t(381,367,424)
t(440,422,431)
t(381,424,433)
t(440,431,412)
t(383,381,433)
t(439,440,412)
t(383,433,434)
t(439,412,401)
t(383,434,435)
t(438,439,401)
t(383,435,436)
t(437,438,401)
t(399,383,436)
t(437,401,399)
t(399,436,437)
</p>

<p>
c(51,51,51)
outline()
n(-0.845517,-0.533238,0.027515)
p(25,425,416,415,410,409,408,407,406,389,388,387,371,370,430,441,442,443,444,445,446,447,448,429,428,432)
t(432,425,416)
t(416,415,410)
t(410,409,408)
t(408,407,406)
t(406,389,388)
t(388,387,371)
t(371,370,430)
t(448,429,428)
t(371,430,441)
t(448,428,432)
t(388,371,441)
t(448,432,416)
t(388,441,442)
t(447,448,416)
t(406,388,442)
t(447,416,410)
t(406,442,443)
t(446,447,410)
t(406,443,444)
t(445,446,410)
t(408,406,444)
t(445,410,408)
t(408,444,445)
</p>

<p>
c(51,51,51)
outline()
n(0.098937,-0.935712,0.338606)
p(10,449,450,451,452,453,385,384,396,454,455)
t(450,449,455)
t(455,454,396)
t(384,385,453)
t(452,451,450)
t(450,455,396)
t(396,384,453)
t(452,450,396)
t(396,453,452)
</p>

<p>
c(51,51,51)
outline()
n(-0.098937,-0.935712,0.338606)
p(10,449,450,456,457,458,391,390,405,459,455)
t(459,455,449)
t(449,450,456)
t(458,391,390)
t(390,405,459)
t(459,449,456)
t(457,458,390)
t(390,459,456)
t(456,457,390)
</p>

<p>
c(51,51,51)
outline()
n(0.048940,-0.997881,-0.042878)
p(9,395,394,393,460,461,462,455,454,396)
t(395,396,454)
t(454,455,462)
t(462,461,460)
t(460,393,394)
t(394,395,454)
t(454,462,460)
t(460,394,454)
</p>

<p>
c(51,51,51)
outline()
n(-0.048940,-0.997881,-0.042878)
p(9,404,403,402,463,461,462,455,459,405)
t(459,405,404)
t(403,402,463)
t(463,461,462)
t(462,455,459)
t(459,404,403)
t(403,463,462)
t(462,459,403)
</p>

<p>
c(204,121,33)
outline()
n(-0.888647,0.458106,-0.021085)
p(8,464,303,302,299,298,332,465,466)
t(466,464,303)
t(302,299,298)
t(298,332,465)
t(465,466,303)
t(302,298,465)
t(465,303,302)
</p>

<p>
c(204,121,33)
outline()
n(0.888647,0.458106,-0.021085)
p(8,467,307,306,301,300,335,468,469)
t(307,467,469)
t(468,335,300)
t(300,301,306)
t(306,307,469)
t(469,468,300)
t(300,306,469)
</p>

<p>
c(204,121,33)
outline()
n(0.453470,0.076292,-0.888000)
p(12,294,295,336,337,335,470,471,472,473,365,350,351)
t(350,351,294)
t(294,295,336)
t(336,337,335)
t(470,471,472)
t(473,365,350)
t(350,294,336)
t(336,335,470)
t(470,472,473)
t(473,350,336)
t(336,470,473)
</p>

<p>
c(204,121,33)
outline()
n(-0.453470,0.076292,-0.888000)
p(12,288,289,333,334,332,474,475,476,477,358,345,346)
t(289,288,346)
t(346,345,358)
t(476,475,474)
t(474,332,334)
t(334,333,289)
t(289,346,358)
t(477,476,474)
t(474,334,289)
t(289,358,477)
t(477,474,289)
</p>

<p>
c(204,121,33)
outline()
n(-0.210747,-0.878749,0.428235)
p(10,335,468,469,467,478,479,480,481,482,470)
t(468,335,470)
t(481,480,479)
t(478,467,469)
t(469,468,470)
t(481,479,478)
t(478,469,470)
t(482,481,478)
t(478,470,482)
</p>

<p>
c(204,121,33)
outline()
n(0.210747,-0.878749,0.428235)
p(10,332,465,466,464,483,484,485,486,487,474)
t(487,474,332)
t(465,466,464)
t(483,484,485)
t(486,487,332)
t(465,464,483)
t(483,485,486)
t(486,332,465)
t(465,483,486)
</p>

<p>
c(204,121,33)
outline()
n(1.000000,0.000000,0.000000)
p(8,357,488,489,490,475,476,477,358)
t(488,357,358)
t(358,477,476)
t(476,475,490)
t(488,358,476)
t(476,490,489)
t(489,488,476)
</p>

<p>
c(204,121,33)
outline()
n(1.000000,0.000000,0.000000)
p(8,364,491,492,493,471,472,473,365)
t(491,364,365)
t(365,473,472)
t(472,471,493)
t(491,365,472)
t(472,493,492)
t(492,491,472)
</p>

<p>
c(204,121,33)
outline()
n(-0.910258,0.361739,-0.201432)
p(8,475,494,495,496,485,486,487,474)
t(487,474,475)
t(495,496,485)
t(485,486,487)
t(487,475,494)
t(494,495,485)
t(485,487,494)
</p>

<p>
c(204,121,33)
outline()
n(-0.910258,-0.361739,0.201432)
p(8,471,497,498,499,480,481,482,470)
t(482,470,471)
t(498,499,480)
t(480,481,482)
t(482,471,497)
t(497,498,480)
t(480,482,497)
</p>

<p>
c(204,121,33)
outline()
n(0.998546,0.001949,0.053873)
p(20,500,493,471,497,498,499,501,502,503,504,505,506,507,508,509,510,511,512,513,514)
t(500,493,471)
t(471,497,498)
t(498,499,501)
t(501,502,503)
t(503,504,505)
t(506,507,508)
t(508,509,510)
t(500,471,498)
t(498,501,503)
t(506,508,510)
t(514,500,498)
t(505,506,510)
t(513,514,498)
t(503,505,510)
t(513,498,503)
t(503,510,511)
t(512,513,503)
t(503,511,512)
</p>

<p>
c(204,121,33)
outline()
n(-0.998546,0.001949,0.053873)
p(20,515,490,475,494,495,496,516,517,518,519,520,521,522,523,524,525,526,527,528,529)
t(525,524,523)
t(523,522,521)
t(520,519,518)
t(518,517,516)
t(516,496,495)
t(495,494,475)
t(475,490,515)
t(526,525,523)
t(520,518,516)
t(495,475,515)
t(526,523,521)
t(521,520,516)
t(495,515,529)
t(526,521,516)
t(516,495,529)
t(527,526,516)
t(516,529,528)
t(528,527,516)
</p>

<p>
c(204,121,33)
outline()
n(-0.135514,0.990676,0.014006)
p(9,338,303,464,483,484,530,531,413,366)
t(413,366,338)
t(338,303,464)
t(464,483,484)
t(484,530,531)
t(531,413,338)
t(464,484,531)
t(531,338,464)
</p>

<p>
c(204,121,33)
outline()
n(0.135514,0.990676,0.014006)
p(9,340,307,467,478,479,532,533,417,369)
t(340,369,417)
t(417,533,532)
t(532,479,478)
t(467,307,340)
t(532,478,467)
t(467,340,417)
t(417,532,467)
</p>

<p>
c(204,121,33)
outline()
n(0.573621,-0.819055,-0.010353)
p(6,516,517,530,484,485,496)
t(516,496,485)
t(485,484,530)
t(530,517,516)
t(516,485,530)
</p>

<p>
c(204,121,33)
outline()
n(-0.573621,-0.819055,-0.010353)
p(6,501,502,532,479,480,499)
t(480,499,501)
t(501,502,532)
t(532,479,480)
t(480,501,532)
</p>

<p>
c(51,51,51)
outline()
n(-0.718397,0.683743,0.128064)
p(9,414,413,531,534,535,536,537,538,393)
t(538,393,414)
t(414,413,531)
t(535,536,537)
t(537,538,414)
t(414,531,534)
t(535,537,414)
t(414,534,535)
</p>

<p>
c(51,51,51)
outline()
n(0.718397,0.683743,0.128064)
p(9,418,417,533,539,540,541,542,543,402)
t(417,418,402)
t(402,543,542)
t(542,541,540)
t(539,533,417)
t(417,402,542)
t(540,539,417)
t(417,542,540)
</p>

<p>
c(51,51,51)
outline()
n(-0.075729,0.935113,0.346163)
p(7,461,460,393,538,544,545,546)
t(545,546,461)
t(461,460,393)
t(393,538,544)
t(544,545,461)
t(461,393,544)
</p>

<p>
c(51,51,51)
outline()
n(0.075729,0.935113,0.346163)
p(7,461,463,402,543,547,548,549)
t(463,461,549)
t(547,543,402)
t(402,463,549)
t(548,547,402)
t(402,549,548)
</p>

<p>
c(51,51,51)
outline()
n(0.008867,0.955578,0.294606)
p(13,550,551,552,533,553,554,555,549,461,546,556,557,531)
t(557,531,550)
t(550,551,552)
t(552,533,553)
t(553,554,555)
t(555,549,461)
t(461,546,556)
t(556,557,550)
t(550,552,553)
t(555,461,556)
t(556,550,553)
t(553,555,556)
</p>

<p>
c(51,51,51)
outline()
n(0.072880,0.975085,0.209519)
p(7,558,554,553,533,539,540,541)
t(540,541,558)
t(558,554,553)
t(553,533,539)
t(539,540,558)
t(558,553,539)
</p>

<p>
c(51,51,51)
outline()
n(-0.072880,0.975085,0.209519)
p(7,559,557,560,531,534,535,536)
t(559,536,535)
t(534,531,560)
t(560,557,559)
t(559,535,534)
t(534,560,559)
</p>

<p>
c(204,121,33)
outline()
n(0.132959,-0.990510,0.034812)
p(8,530,517,561,562,563,564,565,531)
t(530,531,565)
t(565,564,563)
t(563,562,561)
t(561,517,530)
t(530,565,563)
t(563,561,530)
</p>

<p>
c(204,121,33)
outline()
n(-0.132959,-0.990510,0.034812)
p(8,532,502,566,567,568,569,570,533)
t(570,533,532)
t(532,502,566)
t(566,567,568)
t(568,569,570)
t(570,532,566)
t(566,568,570)
</p>

<p>
c(204,121,33)
outline()
n(0.000000,0.986018,-0.166637)
p(12,565,571,572,573,574,575,570,533,552,551,550,531)
t(550,531,565)
t(565,571,572)
t(572,573,574)
t(574,575,570)
t(570,533,552)
t(551,550,565)
t(565,572,574)
t(574,570,552)
t(552,551,565)
t(565,574,552)
</p>

<p>
c(204,121,33)
outline()
n(0.000000,-0.956778,0.290819)
p(12,571,565,564,576,577,578,569,570,575,574,573,572)
t(571,572,573)
t(573,574,575)
t(575,570,569)
t(569,578,577)
t(577,576,564)
t(564,565,571)
t(573,575,569)
t(577,564,571)
t(573,569,577)
t(577,571,573)
</p>

<p>
c(35,35,35)
outline()
n(0.881971,-0.468935,0.047191)
p(9,579,580,581,582,583,584,585,586,587)
t(586,587,579)
t(579,580,581)
t(582,583,584)
t(584,585,586)
t(586,579,581)
t(581,582,584)
t(584,586,581)
</p>

<p>
c(35,35,35)
outline()
n(-0.881971,-0.468935,0.047191)
p(9,588,589,590,591,592,593,594,595,596)
t(589,588,596)
t(595,594,593)
t(593,592,591)
t(590,589,596)
t(596,595,593)
t(593,591,590)
t(590,596,593)
</p>

<p>
c(35,35,35)
outline()
n(-0.940445,0.332424,-0.071120)
p(6,597,598,599,600,601,602)
t(601,602,597)
t(597,598,599)
t(599,600,601)
t(601,597,599)
</p>

<p>
c(35,35,35)
outline()
n(-0.940445,-0.332424,0.071120)
p(6,603,604,605,606,607,608)
t(607,608,603)
t(603,604,605)
t(605,606,607)
t(607,603,605)
</p>

<p>
c(35,35,35)
outline()
n(0.051971,-0.974687,0.217451)
p(7,609,585,584,583,610,598,597)
t(585,609,597)
t(597,598,610)
t(583,584,585)
t(597,610,583)
t(583,585,597)
</p>

<p>
c(35,35,35)
outline()
n(-0.051971,-0.974687,0.217451)
p(7,611,594,593,592,612,604,603)
t(604,603,611)
t(594,593,592)
t(592,612,604)
t(604,611,594)
t(594,592,604)
</p>

<p>
c(35,35,35)
outline()
n(-0.000000,0.980932,-0.194352)
p(12,584,585,609,613,611,594,593,592,612,614,610,583)
t(585,609,613)
t(613,611,594)
t(592,612,614)
t(614,610,583)
t(584,585,613)
t(613,594,593)
t(593,592,614)
t(614,583,584)
t(584,613,593)
t(593,614,584)
</p>

<p>
c(204,121,33)
outline()
n(0.810421,0.161925,-0.563027)
p(9,517,518,615,616,617,618,619,562,561)
t(518,517,561)
t(561,562,619)
t(618,617,616)
t(615,518,561)
t(561,619,618)
t(618,616,615)
t(615,561,618)
</p>

<p>
c(204,121,33)
outline()
n(0.810421,-0.161925,0.563027)
p(9,502,503,620,621,622,623,624,567,566)
t(503,502,566)
t(566,567,624)
t(623,622,621)
t(620,503,566)
t(566,624,623)
t(623,621,620)
t(620,566,623)
</p>

<p>
c(204,121,33)
outline()
n(-0.146968,-0.303394,0.941463)
p(19,563,562,619,625,626,627,628,629,617,616,630,631,632,633,634,635,577,576,564)
t(576,564,563)
t(563,562,619)
t(617,616,630)
t(634,635,577)
t(577,576,563)
t(563,619,625)
t(629,617,630)
t(633,634,577)
t(577,563,625)
t(629,630,631)
t(577,625,626)
t(628,629,631)
t(633,577,626)
t(627,628,631)
t(632,633,626)
t(627,631,632)
t(632,626,627)
</p>

<p>
c(204,121,33)
outline()
n(0.146968,-0.303394,0.941463)
p(19,568,567,624,636,637,638,639,640,622,621,641,642,643,644,645,635,577,578,569)
t(567,568,569)
t(569,578,577)
t(577,635,645)
t(641,621,622)
t(636,624,567)
t(567,569,577)
t(577,645,644)
t(642,641,622)
t(637,636,567)
t(642,622,640)
t(637,567,577)
t(643,642,640)
t(638,637,577)
t(643,640,639)
t(639,638,577)
t(644,643,639)
t(639,577,644)
</p>

<p>
c(204,121,33)
outline()
n(-0.836947,0.445978,0.317212)
p(6,518,519,646,647,616,615)
t(615,518,519)
t(519,646,647)
t(647,616,615)
t(615,519,647)
</p>

<p>
c(204,121,33)
outline()
n(0.836947,0.445978,0.317212)
p(6,503,504,648,649,621,620)
t(504,503,620)
t(620,621,649)
t(649,648,504)
t(504,620,649)
</p>

<p>
c(25,25,25)
outline()
n(-0.243781,-0.291424,0.925010)
p(6,519,520,521,522,650,651)
t(650,651,519)
t(519,520,521)
t(521,522,650)
t(650,519,521)
</p>

<p>
c(25,25,25)
outline()
n(0.243781,-0.291424,0.925010)
p(6,504,505,506,507,652,653)
t(505,504,653)
t(653,652,507)
t(507,506,505)
t(505,653,507)
</p>

<p>
c(204,121,33)
outline()
n(-0.926725,-0.133288,0.351305)
p(4,523,654,655,522)
t(655,522,523)
t(523,654,655)
</p>

<p>
c(204,121,33)
outline()
n(0.926725,-0.133288,0.351305)
p(4,508,656,657,507)
t(656,508,507)
t(507,657,656)
</p>

<p>
c(204,121,33)
outline()
n(0.000000,1.000000,0.000000)
p(4,522,655,658,650)
t(658,650,522)
t(522,655,658)
</p>

<p>
c(204,121,33)
outline()
n(0.000000,1.000000,0.000000)
p(4,507,657,659,652)
t(657,507,652)
t(652,659,657)
</p>

<p>
c(204,121,33)
outline()
n(0.000000,1.000000,0.000000)
p(5,519,651,660,647,646)
t(651,519,646)
t(646,647,660)
t(660,651,646)
</p>

<p>
c(204,121,33)
outline()
n(0.000000,1.000000,0.000000)
p(5,504,648,649,661,653)
t(648,504,653)
t(653,661,649)
t(649,648,653)
</p>

<p>
c(204,121,33)
outline()
n(-0.942271,-0.080490,0.325032)
p(5,658,662,660,651,650)
t(651,650,658)
t(658,662,660)
t(660,651,658)
</p>

<p>
c(204,121,33)
outline()
n(-0.942271,0.080490,-0.325032)
p(5,659,652,653,661,663)
t(652,659,663)
t(663,661,653)
t(653,652,663)
</p>

<p>
c(204,121,33)
outline()
n(-0.240342,-0.281076,0.929103)
p(13,664,665,662,658,655,654,666,667,668,669,670,671,672)
t(664,665,662)
t(658,655,654)
t(654,666,667)
t(668,669,670)
t(670,671,672)
t(672,664,662)
t(658,654,667)
t(668,670,672)
t(662,658,667)
t(668,672,662)
t(662,667,668)
</p>

<p>
c(204,121,33)
outline()
n(0.240342,-0.281076,0.929103)
p(13,673,674,663,659,657,656,675,676,677,678,679,680,681)
t(681,680,679)
t(679,678,677)
t(676,675,656)
t(656,657,659)
t(659,663,674)
t(681,679,677)
t(676,656,659)
t(659,674,673)
t(673,681,677)
t(677,676,659)
t(659,673,677)
</p>

<p>
c(204,121,33)
outline()
n(-0.183403,-0.048330,0.981849)
p(17,647,660,662,665,682,683,671,670,684,685,635,634,633,632,631,630,616)
t(630,616,647)
t(660,662,665)
t(671,670,684)
t(684,685,635)
t(635,634,633)
t(633,632,631)
t(631,630,647)
t(660,665,682)
t(683,671,684)
t(684,635,633)
t(631,647,660)
t(660,682,683)
t(683,684,633)
t(631,660,683)
t(683,633,631)
</p>

<p>
c(204,121,33)
outline()
n(0.183403,-0.048330,0.981849)
p(17,649,661,663,674,686,687,680,679,688,685,635,645,644,643,642,641,621)
t(661,649,621)
t(621,641,642)
t(642,643,644)
t(644,645,635)
t(635,685,688)
t(688,679,680)
t(686,674,663)
t(661,621,642)
t(642,644,635)
t(635,688,680)
t(686,663,661)
t(661,642,635)
t(635,680,687)
t(687,686,661)
t(661,635,687)
</p>

<p>
c(130,0,0)
light()
outline()
n(-0.238451,-0.121844,0.963481)
p(8,628,627,626,625,619,618,617,629)
t(617,629,628)
t(628,627,626)
t(626,625,619)
t(619,618,617)
t(617,628,626)
t(626,619,617)
</p>

<p>
c(130,0,0)
light()
outline()
n(0.238451,-0.121844,0.963481)
p(8,639,638,637,636,624,623,622,640)
t(638,639,640)
t(640,622,623)
t(623,624,636)
t(636,637,638)
t(638,640,623)
t(623,636,638)
</p>

<p>
c(130,0,0)
light()
outline()
n(0.241741,0.360143,-0.901032)
p(6,671,683,682,665,664,672)
t(683,671,672)
t(672,664,665)
t(665,682,683)
t(683,672,665)
</p>

<p>
c(130,0,0)
light()
outline()
n(-0.241741,0.360143,-0.901032)
p(6,680,687,686,674,673,681)
t(673,681,680)
t(680,687,686)
t(686,674,673)
t(673,680,686)
</p>

<p>
c(45,45,45)
outline()
n(0.937667,-0.220342,-0.268755)
p(6,667,666,689,690,691,668)
t(666,667,668)
t(668,691,690)
t(690,689,666)
t(666,668,690)
</p>

<p>
c(45,45,45)
outline()
n(-0.001827,-0.553561,0.832806)
p(9,669,668,691,692,693,694,685,684,670)
t(693,694,685)
t(693,685,684)
t(693,684,670)
t(692,693,670)
t(691,692,670)
</p>

<p>
c(45,45,45)
outline()
n(-0.937667,-0.220342,-0.268755)
p(6,676,675,695,696,697,677)
t(697,677,676)
t(676,675,695)
t(696,697,676)
t(676,695,696)
</p>

<p>
c(45,45,45)
outline()
n(0.001827,-0.553561,0.832806)
p(9,678,677,697,698,699,694,685,688,679)
t(688,685,694)
t(688,694,699)
t(679,688,699)
t(679,699,698)
t(678,679,698)
t(677,678,698)
</p>

<p>
c(235,235,235)
outline()
n(0.000000,0.000000,1.000000)
p(6,685,700,701,702,703,704)
t(685,704,703)
t(702,701,700)
t(700,685,703)
t(703,702,700)
</p>

<p>
c(45,45,45)
outline()
n(-0.551072,0.832973,-0.049758)
p(11,705,666,667,668,669,670,684,706,707,708,709)
t(709,705,666)
t(666,667,668)
t(668,669,670)
t(670,684,706)
t(706,707,708)
t(708,709,666)
t(666,668,670)
t(670,706,708)
t(708,666,670)
</p>

<p>
c(45,45,45)
outline()
n(0.551072,0.832973,-0.049758)
p(11,675,710,711,712,713,714,688,679,678,677,676)
t(677,676,675)
t(675,710,711)
t(712,713,714)
t(714,688,679)
t(679,678,677)
t(677,675,711)
t(712,714,679)
t(679,677,711)
t(711,712,679)
</p>

<p>
c(45,45,45)
outline()
n(0.000000,1.000000,0.000000)
p(8,685,700,688,714,715,706,684,704)
t(700,688,714)
t(715,706,684)
t(685,700,714)
t(714,715,684)
t(704,685,714)
t(714,684,704)
</p>

<p>
c(25,25,25)
outline()
n(0.000000,-0.511586,0.859232)
p(12,706,715,714,713,712,711,710,716,705,709,708,707)
t(715,706,707)
t(707,708,709)
t(709,705,716)
t(716,710,711)
t(711,712,713)
t(713,714,715)
t(715,707,709)
t(709,716,711)
t(711,713,715)
t(715,709,711)
</p>

<p>
glass()
n(-0.153069,0.858979,-0.488595)
p(11,450,372,376,375,374,373,386,385,453,452,451)
t(452,451,450)
t(450,372,376)
t(376,375,374)
t(374,373,386)
t(386,385,453)
t(453,452,450)
t(450,376,374)
t(374,386,453)
t(453,450,374)
</p>

<p>
glass()
n(-0.153069,-0.858979,0.488595)
p(11,450,456,457,458,391,392,380,379,378,377,372)
t(456,450,372)
t(372,377,378)
t(378,379,380)
t(380,392,391)
t(391,458,457)
t(457,456,372)
t(372,378,380)
t(380,391,457)
t(457,372,380)
</p>

<p>
glass()
outline()
n(-0.857374,0.514396,-0.017488)
p(10,424,423,440,439,438,437,436,435,434,433)
t(434,433,424)
t(424,423,440)
t(440,439,438)
t(438,437,436)
t(436,435,434)
t(434,424,440)
t(440,438,436)
t(436,434,440)
</p>

<p>
glass()
outline()
n(0.857374,0.514396,-0.017488)
p(10,430,441,442,443,444,445,446,447,448,429)
t(448,429,430)
t(430,441,442)
t(442,443,444)
t(444,445,446)
t(446,447,448)
t(448,430,442)
t(442,444,446)
t(446,448,442)
</p>

<p>
glass()
outline()
n(0.151854,-0.931624,-0.330177)
p(9,544,538,537,536,559,557,556,546,545)
t(538,544,545)
t(545,546,556)
t(556,557,559)
t(559,536,537)
t(537,538,545)
t(545,556,559)
t(559,537,545)
</p>

<p>
glass()
outline()
n(-0.151854,-0.931624,-0.330177)
p(9,547,548,549,555,554,558,541,542,543)
t(548,547,543)
t(543,542,541)
t(541,558,554)
t(554,555,549)
t(549,548,543)
t(543,541,554)
t(554,549,543)
</p>

<p>
c(45,45,45)
outline()
n(0.000000,1.000000,0.000000)
p(19,93,80,81,107,115,129,128,127,717,718,133,134,135,118,110,88,87,94,100)
t(93,80,81)
t(107,115,129)
t(128,127,717)
t(718,133,134)
t(134,135,118)
t(110,88,87)
t(93,81,107)
t(107,129,128)
t(128,717,718)
t(718,134,118)
t(110,87,94)
t(100,93,107)
t(107,128,718)
t(718,118,110)
t(110,94,100)
t(100,107,718)
t(718,110,100)
</p>

<p>
c(45,45,45)
outline()
n(0.000000,0.999703,0.024383)
p(4,719,720,718,717)
t(718,717,719)
t(719,720,718)
</p>

<p>
c(45,45,45)
outline()
n(0.000000,1.000000,0.000000)
p(14,721,356,355,354,353,352,719,720,359,360,361,362,363,722)
t(722,363,362)
t(361,360,359)
t(719,352,353)
t(354,355,356)
t(721,722,362)
t(361,359,720)
t(720,719,353)
t(353,354,356)
t(356,721,362)
t(362,361,720)
t(720,353,356)
t(356,362,720)
</p>

<p>
c(45,45,45)
outline()
n(0.000000,0.996898,-0.078702)
p(4,723,721,722,724)
t(721,723,724)
t(724,722,721)
</p>

<p>
c(45,45,45)
outline()
n(-0.000000,-0.997705,0.067712)
p(13,523,524,723,724,509,508,656,675,710,716,705,666,654)
t(666,654,523)
t(523,524,723)
t(724,509,508)
t(508,656,675)
t(705,666,523)
t(523,723,724)
t(508,675,710)
t(705,523,724)
t(724,508,710)
t(716,705,724)
t(724,710,716)
</p>

