v(9.000000,-144.000000,33.000000)
v(9.000000,-148.000000,33.000000)
v(-6.000000,-148.000000,33.000000)
v(-6.000000,-144.000000,33.000000)
v(-6.000000,-67.000000,25.000000)
v(5.000000,-67.000000,25.000000)
v(5.000000,-59.000000,21.000000)
v(-6.000000,-59.000000,21.000000)
v(-6.000000,-55.000000,17.000000)
v(5.000000,-55.000000,17.000000)
v(9.000000,-63.000000,37.000000)
v(13.000000,-144.000000,49.000000)
v(13.000000,-148.000000,49.000000)
v(1.000000,-148.000000,61.000000)
v(1.000000,-144.000000,61.000000)
v(1.000000,-59.000000,41.000000)
v(5.000000,-59.000000,9.000000)
v(9.000000,-47.000000,9.000000)
v(9.000000,-47.000000,17.000000)
v(9.000000,-51.000000,29.000000)
v(-6.000000,-63.000000,37.000000)
v(-10.000000,-144.000000,49.000000)
v(-10.000000,-148.000000,49.000000)
v(1.000000,-43.000000,33.000000)
v(-6.000000,-47.000000,29.000000)
v(-6.000000,-43.000000,17.000000)
v(-6.000000,-47.000000,9.000000)
v(-6.000000,-59.000000,9.000000)
v(-6.000000,-111.000000,-26.000000)
v(-2.000000,-115.000000,-26.000000)
v(-6.000000,-115.000000,-34.000000)
v(-6.000000,-103.000000,-34.000000)
v(-6.000000,-99.000000,-26.000000)
v(-6.000000,-99.000000,-18.000000)
v(-6.000000,-99.000000,-10.000000)
v(-2.000000,-107.000000,-10.000000)
v(-2.000000,-107.000000,-18.000000)
v(-2.000000,-107.000000,-22.000000)
v(5.000000,-111.000000,-26.000000)
v(5.000000,-115.000000,-26.000000)
v(9.000000,-199.000000,-30.000000)
v(-6.000000,-199.000000,-30.000000)
v(5.000000,-107.000000,-10.000000)
v(5.000000,-107.000000,-18.000000)
v(5.000000,-107.000000,-22.000000)
v(-6.000000,-207.000000,-30.000000)
v(-10.000000,-207.000000,-46.000000)
v(-10.000000,-199.000000,-46.000000)
v(1.000000,-199.000000,-58.000000)
v(1.000000,-111.000000,-42.000000)
v(1.000000,-99.000000,-38.000000)
v(9.000000,-115.000000,-34.000000)
v(13.000000,-199.000000,-46.000000)
v(9.000000,-103.000000,-30.000000)
v(13.000000,-207.000000,-46.000000)
v(1.000000,-207.000000,-54.000000)
v(9.000000,-207.000000,-30.000000)
v(5.000000,-99.000000,-18.000000)
v(9.000000,-99.000000,-26.000000)
v(1.000000,-93.000000,-26.000000)
v(1.000000,-93.000000,-18.000000)
v(1.000000,-95.000000,-10.000000)
v(5.000000,-99.000000,-10.000000)
v(5.000000,-215.000000,-42.000000)
v(5.000000,-215.000000,-38.000000)
v(1.000000,-215.000000,-46.000000)
v(-2.000000,-215.000000,-38.000000)
v(-2.000000,-215.000000,-42.000000)
v(5.000000,-156.000000,49.000000)
v(1.000000,-156.000000,41.000000)
v(-2.000000,-156.000000,41.000000)
v(-2.000000,-156.000000,49.000000)
v(1.000000,-156.000000,49.000000)
v(1.000000,-39.000000,21.000000)
v(1.000000,-39.000000,9.000000)
v(-10.000000,-301.000000,9.000000)
v(-2.000000,-309.000000,5.000000)
v(-2.000000,-309.000000,1.000000)
v(-6.000000,-301.000000,-6.000000)
v(1.000000,-301.000000,17.000000)
v(1.000000,-309.000000,5.000000)
v(1.000000,-309.000000,1.000000)
v(9.000000,-301.000000,-10.000000)
v(17.000000,-301.000000,5.000000)
v(5.000000,-309.000000,1.000000)
v(-13.000000,-280.000000,-6.000000)
v(-12.000000,-275.000000,9.000000)
v(1.000000,-276.000000,25.000000)
v(9.000000,-275.000000,-13.000000)
v(22.000000,-272.000000,5.000000)
v(1.000000,0.000000,-10.000000)
v(-6.000000,0.000000,-2.000000)
v(13.000000,0.000000,-2.000000)
v(9.000000,0.000000,9.000000)
v(-6.000000,0.000000,9.000000)
v(-34.000000,0.000000,-68.000000)
v(-36.000000,0.000000,-98.000000)
v(-26.000000,0.000000,-120.000000)
v(8.000000,0.000000,-132.000000)
v(36.000000,0.000000,-116.000000)
v(44.000000,0.000000,-92.000000)
v(32.000000,0.000000,-56.000000)
v(30.000000,0.000000,-38.000000)
v(44.000000,0.000000,-8.000000)
v(54.000000,0.000000,6.000000)
v(50.000000,0.000000,28.000000)
v(32.000000,0.000000,42.000000)
v(32.000000,0.000000,66.000000)
v(44.000000,0.000000,84.000000)
v(32.000000,0.000000,116.000000)
v(-4.000000,0.000000,136.000000)
v(-32.000000,0.000000,108.000000)
v(-26.000000,0.000000,52.000000)
v(-46.000000,0.000000,8.000000)
v(-46.000000,0.000000,-24.000000)
v(-26.000000,0.000000,-36.000000)

<p>
c(74,120,62)
n(-0.000141,0.100558,0.994931)
C(0.833333,-119.666667,30.333333)
p(6,0,1,2,3,4,5)
t(1,0,5)
t(5,4,3)
t(3,2,1)
t(1,5,3)
</p>

<p>
c(74,120,62)
n(0.000000,-0.544914,-0.838492)
C(-0.500000,-60.333333,21.000000)
p(6,6,5,4,7,8,9)
t(8,9,6)
t(6,5,4)
t(7,8,6)
t(6,4,7)
</p>

<p>
c(74,120,62)
n(0.677738,0.151574,0.719511)
C(6.333333,-117.666667,49.666667)
p(6,10,11,12,13,14,15)
t(11,10,15)
t(15,14,13)
t(13,12,11)
t(11,15,13)
</p>

<p>
c(74,120,62)
n(-0.989864,-0.007138,0.141842)
C(8.333333,-86.000000,27.333333)
p(12,16,17,18,19,10,11,12,1,0,5,6,9)
t(17,16,9)
t(0,1,12)
t(12,11,10)
t(10,19,18)
t(18,17,9)
t(5,0,12)
t(10,18,9)
t(5,12,10)
t(10,9,6)
t(6,5,10)
</p>

<p>
c(74,120,62)
n(-0.712297,0.146113,0.686501)
C(-3.833333,-117.666667,49.666667)
p(6,20,21,22,13,14,15)
t(14,15,20)
t(21,22,13)
t(13,14,20)
t(20,21,13)
</p>

<p>
c(74,120,62)
n(-0.608424,0.354914,0.709828)
C(-2.500000,-53.000000,35.000000)
p(4,15,23,24,20)
t(24,20,15)
t(15,23,24)
</p>

<p>
c(74,120,62)
n(0.997213,-0.004335,0.074482)
C(-6.666667,-85.333333,27.333333)
p(12,2,22,21,20,24,25,26,27,8,7,4,3)
t(22,2,3)
t(8,27,26)
t(26,25,24)
t(24,20,21)
t(21,22,3)
t(8,26,24)
t(24,21,3)
t(7,8,24)
t(24,3,4)
t(4,7,24)
</p>

<p>
c(74,120,62)
n(-0.963120,-0.222708,0.150997)
C(-4.400000,-106.200000,-22.400000)
p(10,28,29,30,31,32,33,34,35,36,37)
t(37,36,35)
t(35,34,33)
t(33,32,31)
t(31,30,29)
t(37,35,33)
t(31,29,28)
t(28,37,33)
t(33,31,28)
</p>

<p>
c(74,120,62)
n(-0.001801,-0.046409,0.998921)
C(0.833333,-141.666667,-27.333333)
p(6,28,38,39,40,41,29)
t(38,28,29)
t(29,41,40)
t(39,38,29)
t(29,40,39)
</p>

<p>
c(74,120,62)
n(0.048118,-0.978720,0.199479)
C(1.000000,-108.000000,-19.000000)
p(8,37,36,35,42,43,44,38,28)
t(37,28,38)
t(38,44,43)
t(43,42,35)
t(35,36,37)
t(37,38,43)
t(43,35,37)
</p>

<p>
c(74,120,62)
n(0.962839,-0.019159,-0.269397)
C(-6.666667,-173.666667,-35.333333)
p(6,30,29,41,45,46,47)
t(46,47,30)
t(30,29,41)
t(41,45,46)
t(46,30,41)
</p>

<p>
c(74,120,62)
n(-0.719658,0.126952,-0.682624)
C(-3.166667,-137.666667,-42.000000)
p(6,30,47,48,49,50,31)
t(47,30,31)
t(31,50,49)
t(49,48,47)
t(47,31,49)
</p>

<p>
c(74,120,62)
n(0.720895,0.135003,-0.679768)
C(5.666667,-137.666667,-41.333333)
p(6,51,52,48,49,50,53)
t(50,53,51)
t(51,52,48)
t(48,49,50)
t(50,51,48)
</p>

<p>
c(74,120,62)
n(0.633869,-0.194027,-0.748708)
C(7.000000,-203.000000,-51.000000)
p(4,54,55,48,52)
t(48,52,54)
t(54,55,48)
</p>

<p>
c(74,120,62)
n(0.956326,0.011996,0.292057)
C(9.000000,-157.000000,-33.500000)
p(8,54,56,40,39,38,53,51,52)
t(56,54,52)
t(52,51,53)
t(53,38,39)
t(40,56,52)
t(52,53,39)
t(39,40,52)
</p>

<p>
c(74,120,62)
n(-0.681229,-0.720213,-0.131223)
C(3.666667,-96.333333,-18.000000)
p(6,57,58,59,60,61,62)
t(57,62,61)
t(61,60,59)
t(59,58,57)
t(57,61,59)
</p>

<p>
c(74,120,62)
n(0.963180,-0.199306,0.180449)
C(6.000000,-104.000000,-20.000000)
p(8,57,58,53,38,44,43,42,62)
t(57,62,42)
t(42,43,44)
t(44,38,53)
t(53,58,57)
t(57,42,44)
t(44,53,57)
</p>

<p>
c(74,120,62)
n(-0.763383,0.620274,-0.180297)
C(8.000000,-211.000000,-39.000000)
p(4,54,63,64,56)
t(64,56,54)
t(54,63,64)
</p>

<p>
c(74,120,62)
n(0.427023,-0.671117,-0.606015)
C(5.000000,-211.000000,-47.000000)
p(4,65,55,54,63)
t(54,63,65)
t(65,55,54)
</p>

<p>
c(74,120,62)
n(-0.763383,-0.620274,0.180297)
C(-5.000000,-211.000000,-39.000000)
p(4,66,67,46,45)
t(67,66,45)
t(45,46,67)
</p>

<p>
c(74,120,62)
n(0.000000,0.707107,-0.707107)
C(1.500000,-211.000000,-34.000000)
p(4,64,66,45,56)
t(45,56,64)
t(64,66,45)
</p>

<p>
c(74,120,62)
n(-0.455800,-0.671573,-0.584154)
C(-2.500000,-211.000000,-47.000000)
p(4,65,55,46,67)
t(55,65,67)
t(67,46,55)
</p>

<p>
c(74,120,62)
n(0.000000,0.000000,1.000000)
C(1.500000,-203.000000,-30.000000)
p(4,56,45,41,40)
t(45,56,40)
t(40,41,45)
</p>

<p>
c(74,120,62)
n(-0.667194,-0.186409,-0.721182)
C(-4.500000,-203.000000,-51.000000)
p(4,46,55,48,47)
t(55,46,47)
t(47,48,55)
</p>

<p>
c(74,120,62)
n(0.624809,0.681016,-0.381879)
C(5.000000,-98.500000,-30.000000)
p(4,50,59,58,53)
t(58,53,50)
t(50,59,58)
</p>

<p>
c(74,120,62)
n(-0.608424,0.709828,-0.354914)
C(-2.500000,-98.500000,-31.000000)
p(4,59,32,31,50)
t(32,59,50)
t(50,31,32)
</p>

<p>
c(74,120,62)
n(-0.650791,0.759257,0.000000)
C(-2.500000,-96.000000,-22.000000)
p(4,59,60,33,32)
t(60,59,32)
t(32,33,60)
</p>

<p>
c(74,120,62)
n(0.583352,-0.805819,-0.101765)
C(-2.500000,-96.500000,-14.000000)
p(4,33,60,61,34)
t(61,34,33)
t(33,60,61)
</p>

<p>
c(74,120,62)
n(-0.639317,0.744036,0.194125)
C(7.000000,-152.000000,43.000000)
p(4,1,12,68,69)
t(12,1,69)
t(69,68,12)
</p>

<p>
c(74,120,62)
n(0.000000,0.707107,0.707107)
C(0.500000,-152.000000,37.000000)
p(4,69,70,2,1)
t(70,69,1)
t(1,2,70)
</p>

<p>
c(74,120,62)
n(-0.747880,-0.646137,-0.152254)
C(-5.000000,-152.000000,43.000000)
p(4,70,71,22,2)
t(22,2,70)
t(70,71,22)
</p>

<p>
c(74,120,62)
n(0.504768,-0.676861,0.535787)
C(5.000000,-152.000000,52.000000)
p(4,68,72,13,12)
t(72,68,12)
t(12,13,72)
</p>

<p>
c(74,120,62)
n(0.538896,0.668197,-0.512937)
C(-2.500000,-152.000000,52.000000)
p(4,71,72,13,22)
t(72,71,22)
t(22,13,72)
</p>

<p>
c(74,120,62)
n(0.000000,1.000000,0.000000)
C(1.333333,-156.000000,49.000000)
p(3,68,72,71)
</p>

<p>
c(74,120,62)
n(-0.630045,-0.381342,-0.676477)
C(5.000000,-54.000000,35.000000)
p(4,19,10,15,23)
t(15,23,19)
t(19,10,15)
</p>

<p>
c(74,120,62)
n(0.741999,0.635999,0.212000)
C(5.000000,-45.000000,25.000000)
p(4,19,23,73,18)
t(23,19,18)
t(18,73,23)
</p>

<p>
c(74,120,62)
n(-0.585802,0.768865,0.256288)
C(-2.500000,-43.000000,25.000000)
p(4,24,23,73,25)
t(73,25,24)
t(24,23,73)
</p>

<p>
c(74,120,62)
n(0.000000,0.894427,-0.447214)
C(-0.500000,-57.000000,13.000000)
p(4,9,8,27,16)
t(8,9,16)
t(16,27,8)
</p>

<p>
c(74,120,62)
n(0.707107,0.707107,-0.000000)
C(5.000000,-43.000000,14.000000)
p(4,73,74,17,18)
t(74,73,18)
t(18,17,74)
</p>

<p>
c(74,120,62)
n(0.652545,-0.749275,0.113015)
C(-2.500000,-42.000000,14.000000)
p(4,73,74,26,25)
t(74,73,25)
t(25,26,74)
</p>

<p>
c(74,120,62)
n(-0.766119,-0.613496,-0.191530)
C(-5.000000,-305.000000,2.250000)
p(4,75,76,77,78)
t(76,75,78)
t(78,77,76)
</p>

<p>
c(74,120,62)
n(-0.378913,-0.745553,0.548247)
C(-2.500000,-305.000000,9.000000)
p(4,79,80,76,75)
t(80,79,75)
t(75,76,80)
</p>

<p>
c(74,120,62)
n(0.173014,0.717450,0.674783)
C(0.500000,-305.000000,-3.500000)
p(4,78,77,81,82)
t(81,82,78)
t(78,77,81)
</p>

<p>
c(74,120,62)
n(0.379583,-0.781403,0.495304)
C(6.000000,-305.000000,7.000000)
p(4,80,79,83,84)
t(79,80,84)
t(84,83,79)
</p>

<p>
c(74,120,62)
n(-0.519384,0.803938,0.289698)
C(8.000000,-305.000000,-0.750000)
p(4,84,81,82,83)
t(84,83,82)
t(82,81,84)
</p>

<p>
c(74,120,62)
n(0.000000,1.000000,0.000000)
C(1.333333,-309.000000,1.000000)
p(3,77,84,81)
</p>

<p>
c(74,120,62)
n(-0.981559,-0.177377,-0.071272)
C(-10.250000,-289.250000,1.500000)
p(4,75,78,85,86)
t(78,75,86)
t(86,85,78)
</p>

<p>
c(74,120,62)
n(-0.721442,-0.134517,0.679284)
C(-5.000000,-288.250000,15.000000)
p(4,79,75,86,87)
t(75,79,87)
t(87,86,75)
</p>

<p>
c(74,120,62)
n(-0.273032,-0.102527,-0.956526)
C(-0.250000,-289.250000,-8.750000)
p(4,78,82,88,85)
t(82,78,85)
t(85,88,82)
</p>

<p>
c(74,120,62)
n(-0.664299,0.166521,-0.728682)
C(10.250000,-287.500000,13.000000)
p(4,83,79,87,89)
t(87,89,83)
t(83,79,87)
</p>

<p>
c(74,120,62)
n(-0.839047,0.107509,0.533332)
C(14.250000,-287.250000,-3.250000)
p(4,83,82,88,89)
t(82,83,89)
t(89,88,82)
</p>

<p>
c(74,120,62)
n(-0.384528,0.011014,-0.923047)
C(-2.250000,-138.750000,-7.750000)
p(4,90,91,85,88)
t(91,90,88)
t(88,85,91)
</p>

<p>
c(74,120,62)
n(0.744804,0.018317,-0.667032)
C(11.250000,-136.750000,-5.000000)
p(4,90,92,89,88)
t(89,88,90)
t(90,92,89)
</p>

<p>
c(74,120,62)
n(-0.728275,-0.030022,-0.684627)
C(11.250000,-137.000000,9.250000)
p(4,93,92,89,87)
t(89,87,93)
t(93,92,89)
</p>

<p>
c(74,120,62)
n(-0.583511,0.038444,0.811195)
C(-2.000000,-137.750000,13.000000)
p(4,87,86,94,93)
t(86,87,93)
t(93,94,86)
</p>

<p>
c(74,120,62)
n(0.998999,-0.023134,-0.038292)
C(-9.250000,-138.750000,2.500000)
p(4,91,94,86,85)
t(86,85,91)
t(91,94,86)
</p>

<p>
n(0.000000,1.000000,0.000000)
C(7.714286,0.000000,-6.761905)
p(21,95,96,97,98,99,100,101,102,103,104,105,106,107,108,109,110,111,112,113,114,115)
t(96,95,115)
t(115,114,113)
t(112,111,110)
t(110,109,108)
t(106,105,104)
t(101,100,99)
t(99,98,97)
t(97,96,115)
t(115,113,112)
t(112,110,108)
t(106,104,103)
t(102,101,99)
t(99,97,115)
t(112,108,107)
t(106,103,102)
t(102,99,115)
t(115,112,107)
t(107,106,102)
t(102,115,107)
</p>

