v(-700.000000,0.000000,-3309.000000)
v(0.000000,0.000000,-3309.000000)
v(0.000000,-97.000000,-2757.000000)
v(-700.000000,-97.000000,-2757.000000)
v(700.000000,0.000000,-3309.000000)
v(700.000000,-97.000000,-2757.000000)
v(-700.000000,-194.000000,-2206.000000)
v(0.000000,-194.000000,-2206.000000)
v(700.000000,-194.000000,-2206.000000)
v(0.000000,-292.000000,-1654.000000)
v(700.000000,-292.000000,-1654.000000)
v(-700.000000,-292.000000,-1654.000000)
v(700.000000,-389.000000,-1103.000000)
v(0.000000,-389.000000,-1103.000000)
v(-700.000000,-389.000000,-1103.000000)
v(0.000000,-486.000000,-551.000000)
v(700.000000,-486.000000,-551.000000)
v(-700.000000,-486.000000,-551.000000)
v(-700.000000,-583.000000,0.000000)
v(0.000000,-583.000000,0.000000)
v(700.000000,-583.000000,0.000000)
v(0.000000,-583.000000,560.000000)
v(-700.000000,-583.000000,560.000000)
v(700.000000,-583.000000,560.000000)
v(-700.000000,-583.000000,1120.000000)
v(0.000000,-583.000000,1120.000000)
v(700.000000,-583.000000,1120.000000)
v(0.000000,-583.000000,1680.000000)
v(-700.000000,-583.000000,1680.000000)
v(700.000000,-583.000000,1680.000000)
v(0.000000,0.000000,1800.000000)
v(-700.000000,0.000000,1800.000000)
v(700.000000,0.000000,1800.000000)
v(-700.000000,0.000000,1120.000000)
v(-700.000000,-500.000000,560.000000)
v(-700.000000,-500.000000,1120.000000)
v(-700.000000,-500.000000,0.000000)
v(-700.000000,-150.000000,1120.000000)
v(-700.000000,-150.000000,560.000000)
v(-700.000000,0.000000,560.000000)
v(-700.000000,-150.000000,0.000000)
v(-700.000000,0.000000,0.000000)
v(-700.000000,0.000000,-551.000000)
v(-700.000000,-150.000000,-1103.000000)
v(-700.000000,-150.000000,-551.000000)
v(-700.000000,0.000000,-1103.000000)
v(-700.000000,-150.000000,-1654.000000)
v(-700.000000,0.000000,-1654.000000)
v(-700.000000,-306.000000,-1103.000000)
v(-700.000000,-403.000000,-551.000000)
v(-700.000000,0.000000,-2206.000000)
v(-700.000000,0.000000,-2757.000000)
v(700.000000,0.000000,1120.000000)
v(700.000000,-500.000000,560.000000)
v(700.000000,-500.000000,1120.000000)
v(700.000000,-500.000000,0.000000)
v(700.000000,-150.000000,1120.000000)
v(700.000000,-150.000000,560.000000)
v(700.000000,0.000000,560.000000)
v(700.000000,-150.000000,0.000000)
v(700.000000,0.000000,0.000000)
v(700.000000,0.000000,-551.000000)
v(700.000000,-150.000000,-1103.000000)
v(700.000000,-150.000000,-551.000000)
v(700.000000,0.000000,-1103.000000)
v(700.000000,-150.000000,-1654.000000)
v(700.000000,0.000000,-1654.000000)
v(700.000000,-306.000000,-1103.000000)
v(700.000000,-403.000000,-551.000000)
v(700.000000,0.000000,-2206.000000)
v(700.000000,0.000000,-2757.000000)
v(-840.000000,0.000000,0.000000)
v(-840.000000,0.000000,840.000000)
v(-700.000000,0.000000,840.000000)
v(-840.000000,0.000000,1800.000000)
v(-840.000000,0.000000,-900.000000)
v(-700.000000,0.000000,-900.000000)
v(-840.000000,0.000000,-1800.000000)
v(-700.000000,0.000000,-1800.000000)
v(-700.000000,0.000000,-2700.000000)
v(-840.000000,0.000000,-2700.000000)
v(-840.000000,0.000000,-3309.000000)
v(840.000000,0.000000,0.000000)
v(840.000000,0.000000,840.000000)
v(700.000000,0.000000,840.000000)
v(840.000000,0.000000,1800.000000)
v(840.000000,0.000000,-900.000000)
v(700.000000,0.000000,-900.000000)
v(840.000000,0.000000,-1800.000000)
v(700.000000,0.000000,-1800.000000)
v(700.000000,0.000000,-2700.000000)
v(840.000000,0.000000,-2700.000000)
v(840.000000,0.000000,-3309.000000)
v(-20.000000,-146.000000,-2481.000000)
v(-20.000000,-48.000000,-3033.000000)
v(20.000000,-48.000000,-3033.000000)
v(20.000000,-146.000000,-2481.000000)
v(-670.000000,-104.000000,-2718.000000)
v(-670.000000,-90.000000,-2796.000000)
v(-630.000000,-90.000000,-2796.000000)
v(-630.000000,-104.000000,-2718.000000)
v(670.000000,-104.000000,-2718.000000)
v(670.000000,-90.000000,-2796.000000)
v(630.000000,-90.000000,-2796.000000)
v(630.000000,-104.000000,-2718.000000)
v(-20.000000,-341.000000,-1378.000000)
v(-20.000000,-243.000000,-1930.000000)
v(20.000000,-243.000000,-1930.000000)
v(20.000000,-341.000000,-1378.000000)
v(-670.000000,-299.000000,-1615.000000)
v(-670.000000,-285.000000,-1693.000000)
v(-630.000000,-285.000000,-1693.000000)
v(-630.000000,-299.000000,-1615.000000)
v(670.000000,-299.000000,-1615.000000)
v(670.000000,-285.000000,-1693.000000)
v(630.000000,-285.000000,-1693.000000)
v(630.000000,-299.000000,-1615.000000)
v(-20.000000,-535.000000,-275.000000)
v(-20.000000,-437.000000,-827.000000)
v(20.000000,-437.000000,-827.000000)
v(20.000000,-535.000000,-275.000000)
v(-670.000000,-493.000000,-512.000000)
v(-670.000000,-479.000000,-590.000000)
v(-630.000000,-479.000000,-590.000000)
v(-630.000000,-493.000000,-512.000000)
v(670.000000,-493.000000,-512.000000)
v(670.000000,-479.000000,-590.000000)
v(630.000000,-479.000000,-590.000000)
v(630.000000,-493.000000,-512.000000)
v(-20.000000,-583.000000,840.000000)
v(-20.000000,-583.000000,280.000000)
v(20.000000,-583.000000,280.000000)
v(20.000000,-583.000000,840.000000)
v(-670.000000,-583.000000,600.000000)
v(-670.000000,-583.000000,520.000000)
v(-630.000000,-583.000000,520.000000)
v(-630.000000,-583.000000,600.000000)
v(670.000000,-583.000000,600.000000)
v(670.000000,-583.000000,520.000000)
v(630.000000,-583.000000,520.000000)
v(630.000000,-583.000000,600.000000)
v(-500.000000,-40.000000,1792.000000)
v(-600.000000,-40.000000,1792.000000)
v(-500.000000,-220.000000,1755.000000)
v(-400.000000,-220.000000,1755.000000)
v(-400.000000,-40.000000,1792.000000)
v(-300.000000,-220.000000,1755.000000)
v(-300.000000,-40.000000,1792.000000)
v(-200.000000,-220.000000,1755.000000)
v(-200.000000,-40.000000,1792.000000)
v(-100.000000,-220.000000,1755.000000)
v(-100.000000,-40.000000,1792.000000)
v(0.000000,-220.000000,1755.000000)
v(0.000000,-40.000000,1792.000000)
v(500.000000,-40.000000,1792.000000)
v(600.000000,-40.000000,1792.000000)
v(500.000000,-220.000000,1755.000000)
v(400.000000,-220.000000,1755.000000)
v(400.000000,-40.000000,1792.000000)
v(300.000000,-220.000000,1755.000000)
v(300.000000,-40.000000,1792.000000)
v(200.000000,-220.000000,1755.000000)
v(200.000000,-40.000000,1792.000000)
v(100.000000,-220.000000,1755.000000)
v(100.000000,-40.000000,1792.000000)

<p>
c(145,145,145)
n(0.000000,0.984909,0.173073)
p(4,0,1,2,3)
t(1,0,3)
t(3,2,1)
</p>

<p>
c(145,145,145)
n(0.000000,0.984909,0.173073)
p(4,4,1,2,5)
t(2,5,4)
t(4,1,2)
</p>

<p>
c(150,150,150)
n(0.000000,0.984855,0.173377)
p(4,6,7,2,3)
t(2,3,6)
t(6,7,2)
</p>

<p>
c(145,145,145)
n(0.000000,0.984855,0.173377)
p(4,8,7,2,5)
t(7,8,5)
t(5,2,7)
</p>

<p>
c(145,145,145)
n(0.000000,0.984603,0.174803)
p(4,8,7,9,10)
t(9,10,8)
t(8,7,9)
</p>

<p>
c(145,145,145)
n(0.000000,0.984603,0.174803)
p(4,6,7,9,11)
t(7,6,11)
t(11,9,7)
</p>

<p>
c(150,150,150)
n(0.000000,0.984855,0.173377)
p(4,12,13,9,10)
t(13,12,10)
t(10,9,13)
</p>

<p>
c(145,145,145)
n(0.000000,0.984855,0.173377)
p(4,14,13,9,11)
t(9,11,14)
t(14,13,9)
</p>

<p>
c(150,150,150)
n(0.000000,0.984909,0.173073)
p(4,12,13,15,16)
t(15,16,12)
t(12,13,15)
</p>

<p>
c(145,145,145)
n(0.000000,0.984909,0.173073)
p(4,14,13,15,17)
t(13,14,17)
t(17,15,13)
</p>

<p>
c(145,145,145)
n(0.000000,0.984855,0.173377)
p(4,18,19,15,17)
t(15,17,18)
t(18,19,15)
</p>

<p>
c(145,145,145)
n(0.000000,0.984855,0.173377)
p(4,20,19,15,16)
t(19,20,16)
t(16,15,19)
</p>

<p>
c(145,145,145)
n(0.000000,1.000000,0.000000)
p(4,18,19,21,22)
t(19,18,22)
t(22,21,19)
</p>

<p>
c(145,145,145)
n(0.000000,1.000000,0.000000)
p(4,20,19,21,23)
t(21,23,20)
t(20,19,21)
</p>

<p>
c(145,145,145)
n(0.000000,1.000000,0.000000)
p(4,24,25,21,22)
t(21,22,24)
t(24,25,21)
</p>

<p>
c(150,150,150)
n(0.000000,1.000000,0.000000)
p(4,26,25,21,23)
t(25,26,23)
t(23,21,25)
</p>

<p>
c(145,145,145)
n(0.000000,1.000000,0.000000)
p(4,24,25,27,28)
t(25,24,28)
t(28,27,25)
</p>

<p>
c(150,150,150)
n(0.000000,1.000000,0.000000)
p(4,26,25,27,29)
t(27,29,26)
t(26,25,27)
</p>

<p>
c(150,150,150)
n(0.000000,0.201606,-0.979467)
p(4,28,27,30,31)
t(27,28,31)
t(31,30,27)
</p>

<p>
c(150,150,150)
n(0.000000,0.201606,-0.979467)
p(4,29,27,30,32)
t(30,32,29)
t(29,27,30)
</p>

<p>
c(150,150,150)
n(1.000000,0.000000,0.000000)
p(4,28,24,33,31)
t(33,31,28)
t(28,24,33)
</p>

<p>
c(150,150,150)
n(1.000000,0.000000,0.000000)
p(4,24,22,34,35)
t(34,35,24)
t(24,22,34)
</p>

<p>
c(150,150,150)
n(1.000000,0.000000,0.000000)
p(4,18,22,34,36)
t(22,18,36)
t(36,34,22)
</p>

<p>
c(150,150,150)
n(1.000000,0.000000,0.000000)
p(4,37,38,39,33)
t(39,33,37)
t(37,38,39)
</p>

<p>
c(150,150,150)
n(1.000000,0.000000,0.000000)
p(4,40,38,39,41)
t(38,40,41)
t(41,39,38)
</p>

<p>
c(150,150,150)
n(1.000000,0.000000,0.000000)
p(4,18,17,42,41)
t(42,41,18)
t(18,17,42)
</p>

<p>
c(150,150,150)
n(1.000000,0.000000,0.000000)
p(4,43,44,42,45)
t(44,43,45)
t(45,42,44)
</p>

<p>
c(150,150,150)
n(1.000000,0.000000,0.000000)
p(4,43,46,47,45)
t(47,45,43)
t(43,46,47)
</p>

<p>
c(150,150,150)
n(1.000000,0.000000,0.000000)
p(4,17,14,48,49)
t(48,49,17)
t(17,14,48)
</p>

<p>
c(150,150,150)
n(1.000000,0.000000,0.000000)
p(4,14,11,46,48)
t(46,48,14)
t(14,11,46)
</p>

<p>
c(150,150,150)
n(1.000000,0.000000,0.000000)
p(4,6,11,47,50)
t(11,6,50)
t(50,47,11)
</p>

<p>
c(150,150,150)
n(1.000000,0.000000,0.000000)
p(4,6,3,51,50)
t(51,50,6)
t(6,3,51)
</p>

<p>
c(150,150,150)
n(1.000000,0.000000,0.000000)
p(3,0,3,51)
t(3,0,51)
</p>

<p>
c(150,150,150)
n(1.000000,0.000000,0.000000)
p(4,29,26,52,32)
t(52,32,29)
t(29,26,52)
</p>

<p>
c(150,150,150)
n(1.000000,0.000000,0.000000)
p(4,26,23,53,54)
t(53,54,26)
t(26,23,53)
</p>

<p>
c(150,150,150)
n(1.000000,0.000000,0.000000)
p(4,20,23,53,55)
t(23,20,55)
t(55,53,23)
</p>

<p>
c(150,150,150)
n(1.000000,0.000000,0.000000)
p(4,56,57,58,52)
t(58,52,56)
t(56,57,58)
</p>

<p>
c(150,150,150)
n(1.000000,0.000000,0.000000)
p(4,59,57,58,60)
t(57,59,60)
t(60,58,57)
</p>

<p>
c(150,150,150)
n(1.000000,0.000000,0.000000)
p(4,20,16,61,60)
t(61,60,20)
t(20,16,61)
</p>

<p>
c(150,150,150)
n(1.000000,0.000000,0.000000)
p(4,62,63,61,64)
t(63,62,64)
t(64,61,63)
</p>

<p>
c(150,150,150)
n(1.000000,0.000000,0.000000)
p(4,62,65,66,64)
t(66,64,62)
t(62,65,66)
</p>

<p>
c(150,150,150)
n(1.000000,0.000000,0.000000)
p(4,16,12,67,68)
t(67,68,16)
t(16,12,67)
</p>

<p>
c(150,150,150)
n(1.000000,0.000000,0.000000)
p(4,12,10,65,67)
t(65,67,12)
t(12,10,65)
</p>

<p>
c(150,150,150)
n(1.000000,0.000000,0.000000)
p(4,8,10,66,69)
t(10,8,69)
t(69,66,10)
</p>

<p>
c(150,150,150)
n(1.000000,0.000000,0.000000)
p(4,8,5,70,69)
t(70,69,8)
t(8,5,70)
</p>

<p>
c(150,150,150)
n(1.000000,0.000000,0.000000)
p(3,4,5,70)
t(5,4,70)
</p>

<p>
c(180,180,180)
n(0.000000,1.000000,0.000000)
p(4,41,71,72,73)
t(72,73,41)
t(41,71,72)
</p>

<p>
c(180,180,180)
n(0.000000,1.000000,0.000000)
p(4,31,74,72,73)
t(74,31,73)
t(73,72,74)
</p>

<p>
c(180,180,180)
n(0.000000,1.000000,0.000000)
p(4,41,71,75,76)
t(71,41,76)
t(76,75,71)
</p>

<p>
c(180,180,180)
n(0.000000,1.000000,0.000000)
p(4,76,75,77,78)
t(75,76,78)
t(78,77,75)
</p>

<p>
c(180,180,180)
n(0.000000,1.000000,0.000000)
p(4,79,80,77,78)
t(77,78,79)
t(79,80,77)
</p>

<p>
c(180,180,180)
n(0.000000,1.000000,0.000000)
p(4,79,80,81,0)
t(80,79,0)
t(0,81,80)
</p>

<p>
c(180,180,180)
n(0.000000,1.000000,0.000000)
p(4,60,82,83,84)
t(82,60,84)
t(84,83,82)
</p>

<p>
c(180,180,180)
n(0.000000,1.000000,0.000000)
p(4,32,85,83,84)
t(83,84,32)
t(32,85,83)
</p>

<p>
c(180,180,180)
n(0.000000,1.000000,0.000000)
p(4,60,82,86,87)
t(86,87,60)
t(60,82,86)
</p>

<p>
c(180,180,180)
n(0.000000,1.000000,0.000000)
p(4,87,86,88,89)
t(88,89,87)
t(87,86,88)
</p>

<p>
c(180,180,180)
n(0.000000,1.000000,0.000000)
p(4,90,91,88,89)
t(91,90,89)
t(89,88,91)
</p>

<p>
c(180,180,180)
n(0.000000,1.000000,0.000000)
p(4,90,91,92,4)
t(92,4,90)
t(90,91,92)
</p>

<p>
c(173,173,173)
n(0.000000,0.984603,0.174803)
p(4,93,94,95,96)
t(94,93,96)
t(96,95,94)
</p>

<p>
c(206,140,19)
light()
n(0.000000,0.984271,0.176664)
p(4,97,98,99,100)
t(98,97,100)
t(100,99,98)
</p>

<p>
c(206,140,19)
light()
n(0.000000,0.984271,0.176664)
p(4,101,102,103,104)
t(103,104,101)
t(101,102,103)
</p>

<p>
c(173,173,173)
n(0.000000,0.984603,0.174803)
p(4,105,106,107,108)
t(106,105,108)
t(108,107,106)
</p>

<p>
c(206,140,19)
light()
n(0.000000,0.984271,0.176664)
p(4,109,110,111,112)
t(110,109,112)
t(112,111,110)
</p>

<p>
c(206,140,19)
light()
n(0.000000,0.984271,0.176664)
p(4,113,114,115,116)
t(115,116,113)
t(113,114,115)
</p>

<p>
c(173,173,173)
n(0.000000,0.984603,0.174803)
p(4,117,118,119,120)
t(118,117,120)
t(120,119,118)
</p>

<p>
c(206,140,19)
light()
n(0.000000,0.984271,0.176664)
p(4,121,122,123,124)
t(122,121,124)
t(124,123,122)
</p>

<p>
c(206,140,19)
light()
n(0.000000,0.984271,0.176664)
p(5,125,126,127,128,21)
t(127,128,125)
t(125,126,127)
</p>

<p>
c(180,180,180)
n(0.000000,1.000000,0.000000)
p(4,129,130,131,132)
t(130,129,132)
t(132,131,130)
</p>

<p>
c(206,140,19)
light()
n(0.000000,1.000000,0.000000)
p(4,133,134,135,136)
t(134,133,136)
t(136,135,134)
</p>

<p>
c(206,140,19)
light()
n(0.000000,1.000000,0.000000)
p(4,137,138,139,140)
t(139,140,137)
t(137,138,139)
</p>

<p>
c(117,76,6)
n(-0.000000,-0.201346,0.979520)
p(4,141,142,143,144)
t(143,144,141)
t(141,142,143)
</p>

<p>
c(40,40,40)
n(-0.000000,-0.201346,0.979520)
p(4,141,145,146,144)
t(145,141,144)
t(144,146,145)
</p>

<p>
c(117,76,6)
n(-0.000000,-0.201346,0.979520)
p(4,147,145,146,148)
t(146,148,147)
t(147,145,146)
</p>

<p>
c(40,40,40)
n(-0.000000,-0.201346,0.979520)
p(4,147,149,150,148)
t(149,147,148)
t(148,150,149)
</p>

<p>
c(117,76,6)
n(-0.000000,-0.201346,0.979520)
p(4,151,149,150,152)
t(150,152,151)
t(151,149,150)
</p>

<p>
c(40,40,40)
n(-0.000000,-0.201346,0.979520)
p(3,151,153,152)
t(153,151,152)
</p>

<p>
c(117,76,6)
n(0.000000,-0.201346,0.979520)
p(4,154,155,156,157)
t(155,154,157)
t(157,156,155)
</p>

<p>
c(40,40,40)
n(0.000000,-0.201346,0.979520)
p(4,154,158,159,157)
t(159,157,154)
t(154,158,159)
</p>

<p>
c(117,76,6)
n(0.000000,-0.201346,0.979520)
p(4,160,158,159,161)
t(158,160,161)
t(161,159,158)
</p>

<p>
c(40,40,40)
n(0.000000,-0.201346,0.979520)
p(4,160,162,163,161)
t(163,161,160)
t(160,162,163)
</p>

<p>
c(117,76,6)
n(0.000000,-0.201346,0.979520)
p(4,164,162,163,152)
t(162,164,152)
t(152,163,162)
</p>

<p>
c(40,40,40)
n(0.000000,-0.201346,0.979520)
p(3,164,153,152)
t(153,152,164)
</p>

