v(261.000000,-630.000000,0.000000)
v(-261.000000,-630.000000,0.000000)
v(-224.100000,-540.000000,-60.300000)
v(224.100000,-540.000000,-60.300000)
v(208.800000,-504.000000,-60.300000)
v(-208.800000,-504.000000,-60.300000)
v(261.000000,630.000000,0.000000)
v(-261.000000,630.000000,0.000000)
v(-224.100000,540.000000,-60.300000)
v(224.100000,540.000000,-60.300000)
v(208.800000,504.000000,-60.300000)
v(-208.800000,504.000000,-60.300000)
v(-630.000000,-261.000000,0.000000)
v(-540.000000,-224.100000,-60.300000)
v(-504.000000,-208.800000,-60.300000)
v(-630.000000,261.000000,0.000000)
v(-540.000000,224.100000,-60.300000)
v(-504.000000,208.800000,-60.300000)
v(630.000000,-261.000000,0.000000)
v(540.000000,-224.100000,-60.300000)
v(504.000000,-208.800000,-60.300000)
v(630.000000,261.000000,0.000000)
v(540.000000,224.100000,-60.300000)
v(504.000000,208.800000,-60.300000)
v(-224.100000,-540.000000,60.300000)
v(224.100000,-540.000000,60.300000)
v(208.800000,-504.000000,60.300000)
v(-208.800000,-504.000000,60.300000)
v(-224.100000,540.000000,60.300000)
v(224.100000,540.000000,60.300000)
v(208.800000,504.000000,60.300000)
v(-208.800000,504.000000,60.300000)
v(-540.000000,-224.100000,60.300000)
v(-504.000000,-208.800000,60.300000)
v(-540.000000,224.100000,60.300000)
v(-504.000000,208.800000,60.300000)
v(540.000000,-224.100000,60.300000)
v(504.000000,-208.800000,60.300000)
v(540.000000,224.100000,60.300000)
v(504.000000,208.800000,60.300000)

<p>
c(255,0,0)
n(0.000000,-0.556616,-0.830770)
p(4,0,1,2,3)
t(2,3,0)
t(0,1,2)
</p>

<p>
c(255,128,0)
charged()
n(0.000000,0.000000,1.000000)
p(4,4,5,2,3)
t(2,3,4)
t(4,5,2)
</p>

<p>
c(255,0,0)
n(0.000000,0.556616,-0.830770)
p(4,6,7,8,9)
t(7,6,9)
t(9,8,7)
</p>

<p>
c(255,128,0)
charged()
n(0.000000,0.000000,1.000000)
p(4,10,11,8,9)
t(11,10,9)
t(9,8,11)
</p>

<p>
c(255,0,0)
n(0.394398,0.394398,0.830001)
p(4,1,12,13,2)
t(12,1,2)
t(2,13,12)
</p>

<p>
c(255,128,0)
charged()
n(0.000000,0.000000,1.000000)
p(4,5,14,13,2)
t(13,2,5)
t(5,14,13)
</p>

<p>
c(255,0,0)
n(0.394398,-0.394398,0.830001)
p(4,7,15,16,8)
t(16,8,7)
t(7,15,16)
</p>

<p>
c(255,128,0)
charged()
n(0.000000,0.000000,1.000000)
p(4,11,17,16,8)
t(17,11,8)
t(8,16,17)
</p>

<p>
c(255,0,0)
n(-0.394398,0.394398,0.830001)
p(4,0,18,19,3)
t(19,3,0)
t(0,18,19)
</p>

<p>
c(255,128,0)
charged()
n(0.000000,0.000000,1.000000)
p(4,4,20,19,3)
t(20,4,3)
t(3,19,20)
</p>

<p>
c(255,0,0)
n(-0.394398,-0.394398,0.830001)
p(4,6,21,22,9)
t(21,6,9)
t(9,22,21)
</p>

<p>
c(255,128,0)
charged()
n(0.000000,0.000000,1.000000)
p(4,10,23,22,9)
t(22,9,10)
t(10,23,22)
</p>

<p>
c(255,0,0)
n(-0.556616,0.000000,0.830770)
p(4,21,18,19,22)
t(18,21,22)
t(22,19,18)
</p>

<p>
c(255,128,0)
charged()
n(0.000000,0.000000,1.000000)
p(4,23,20,19,22)
t(19,22,23)
t(23,20,19)
</p>

<p>
c(255,0,0)
n(0.556616,0.000000,0.830770)
p(4,15,12,13,16)
t(13,16,15)
t(15,12,13)
</p>

<p>
c(255,128,0)
charged()
n(0.000000,0.000000,1.000000)
p(4,17,14,13,16)
t(14,17,16)
t(16,13,14)
</p>

<p>
c(255,0,0)
n(0.000000,0.556616,-0.830770)
p(4,0,1,24,25)
t(24,25,0)
t(0,1,24)
</p>

<p>
c(255,128,0)
charged()
n(0.000000,0.000000,1.000000)
p(4,26,27,24,25)
t(24,25,26)
t(26,27,24)
</p>

<p>
c(255,0,0)
n(0.000000,-0.556616,-0.830770)
p(4,6,7,28,29)
t(7,6,29)
t(29,28,7)
</p>

<p>
c(255,128,0)
charged()
n(0.000000,0.000000,1.000000)
p(4,30,31,28,29)
t(31,30,29)
t(29,28,31)
</p>

<p>
c(255,0,0)
n(-0.394398,-0.394398,0.830001)
p(4,1,12,32,24)
t(12,1,24)
t(24,32,12)
</p>

<p>
c(255,128,0)
charged()
n(0.000000,0.000000,1.000000)
p(4,27,33,32,24)
t(32,24,27)
t(27,33,32)
</p>

<p>
c(255,0,0)
n(-0.394398,0.394398,0.830001)
p(4,7,15,34,28)
t(34,28,7)
t(7,15,34)
</p>

<p>
c(255,128,0)
charged()
n(0.000000,0.000000,1.000000)
p(4,31,35,34,28)
t(35,31,28)
t(28,34,35)
</p>

<p>
c(255,0,0)
n(0.394398,-0.394398,0.830001)
p(4,0,18,36,25)
t(36,25,0)
t(0,18,36)
</p>

<p>
c(255,128,0)
charged()
n(0.000000,0.000000,1.000000)
p(4,26,37,36,25)
t(37,26,25)
t(25,36,37)
</p>

<p>
c(255,0,0)
n(0.394398,0.394398,0.830001)
p(4,6,21,38,29)
t(21,6,29)
t(29,38,21)
</p>

<p>
c(255,128,0)
charged()
n(0.000000,0.000000,1.000000)
p(4,30,39,38,29)
t(38,29,30)
t(30,39,38)
</p>

<p>
c(255,0,0)
n(0.556616,0.000000,0.830770)
p(4,21,18,36,38)
t(18,21,38)
t(38,36,18)
</p>

<p>
c(255,128,0)
charged()
n(0.000000,0.000000,1.000000)
p(4,39,37,36,38)
t(36,38,39)
t(39,37,36)
</p>

<p>
c(255,0,0)
n(-0.556616,0.000000,0.830770)
p(4,15,12,32,34)
t(32,34,15)
t(15,12,32)
</p>

<p>
c(255,128,0)
charged()
n(0.000000,0.000000,1.000000)
p(4,35,33,32,34)
t(33,35,34)
t(34,32,33)
</p>

