v(0.000000,0.000000,-2240.000000)
v(0.000000,0.000000,-2800.000000)
v(700.000000,0.000000,-2800.000000)
v(700.000000,0.000000,-2240.000000)
v(-700.000000,0.000000,-2240.000000)
v(-700.000000,0.000000,-2800.000000)
v(0.000000,0.000000,-1680.000000)
v(700.000000,0.000000,-1680.000000)
v(-700.000000,0.000000,-1680.000000)
v(0.000000,0.000000,-1120.000000)
v(700.000000,0.000000,-1120.000000)
v(-700.000000,0.000000,-1120.000000)
v(-700.000000,0.000000,-560.000000)
v(0.000000,0.000000,-560.000000)
v(700.000000,0.000000,-560.000000)
v(-700.000000,0.000000,0.000000)
v(0.000000,0.000000,0.000000)
v(700.000000,0.000000,0.000000)
v(-700.000000,0.000000,560.000000)
v(0.000000,0.000000,560.000000)
v(700.000000,0.000000,560.000000)
v(-700.000000,0.000000,1120.000000)
v(0.000000,0.000000,1120.000000)
v(700.000000,0.000000,1120.000000)
v(-700.000000,0.000000,1680.000000)
v(0.000000,0.000000,1680.000000)
v(700.000000,0.000000,1680.000000)
v(-700.000000,0.000000,2240.000000)
v(0.000000,0.000000,2240.000000)
v(700.000000,0.000000,2240.000000)
v(-700.000000,0.000000,2800.000000)
v(0.000000,0.000000,2800.000000)
v(700.000000,0.000000,2800.000000)
v(840.000000,0.000000,-2100.000000)
v(840.000000,0.000000,-2800.000000)
v(700.000000,0.000000,-2100.000000)
v(840.000000,0.000000,-1400.000000)
v(700.000000,0.000000,-1400.000000)
v(840.000000,0.000000,-700.000000)
v(700.000000,0.000000,-700.000000)
v(840.000000,0.000000,0.000000)
v(840.000000,0.000000,2100.000000)
v(840.000000,0.000000,2800.000000)
v(700.000000,0.000000,2100.000000)
v(840.000000,0.000000,1400.000000)
v(700.000000,0.000000,1400.000000)
v(840.000000,0.000000,700.000000)
v(700.000000,0.000000,700.000000)
v(-840.000000,0.000000,-2100.000000)
v(-840.000000,0.000000,-2800.000000)
v(-700.000000,0.000000,-2100.000000)
v(-840.000000,0.000000,-1400.000000)
v(-700.000000,0.000000,-1400.000000)
v(-840.000000,0.000000,-700.000000)
v(-700.000000,0.000000,-700.000000)
v(-840.000000,0.000000,0.000000)
v(-840.000000,0.000000,2100.000000)
v(-840.000000,0.000000,2800.000000)
v(-700.000000,0.000000,2100.000000)
v(-840.000000,0.000000,1400.000000)
v(-700.000000,0.000000,1400.000000)
v(-840.000000,0.000000,700.000000)
v(-700.000000,0.000000,700.000000)
v(-605.000000,0.000000,1430.000000)
v(-617.000000,0.000000,1385.000000)
v(-569.000000,0.000000,1391.000000)
v(-557.000000,0.000000,1436.000000)
v(-524.000000,0.000000,1430.000000)
v(-536.000000,0.000000,1385.000000)
v(-488.000000,0.000000,1388.000000)
v(-476.000000,0.000000,1433.000000)
v(-626.000000,0.000000,1343.000000)
v(-638.000000,0.000000,1295.000000)
v(-590.000000,0.000000,1301.000000)
v(-575.000000,0.000000,1349.000000)
v(-545.000000,0.000000,1343.000000)
v(-557.000000,0.000000,1295.000000)
v(-509.000000,0.000000,1304.000000)
v(-497.000000,0.000000,1349.000000)
v(-303.000000,0.000000,1472.000000)
v(-321.000000,0.000000,1514.000000)
v(-381.000000,0.000000,1490.000000)
v(-399.000000,0.000000,1457.000000)
v(-393.000000,0.000000,1424.000000)
v(-369.000000,0.000000,1376.000000)
v(-390.000000,0.000000,1349.000000)
v(-426.000000,0.000000,1340.000000)
v(-417.000000,0.000000,1289.000000)
v(-357.000000,0.000000,1313.000000)
v(-324.000000,0.000000,1364.000000)
v(-336.000000,0.000000,1406.000000)
v(-354.000000,0.000000,1442.000000)
v(-339.000000,0.000000,1463.000000)
v(-261.000000,0.000000,1502.000000)
v(-270.000000,0.000000,1466.000000)
v(-213.000000,0.000000,1469.000000)
v(-249.000000,0.000000,1382.000000)
v(-273.000000,0.000000,1298.000000)
v(-225.000000,0.000000,1310.000000)
v(-204.000000,0.000000,1388.000000)
v(-177.000000,0.000000,1463.000000)
v(-189.000000,0.000000,1472.000000)
v(-129.000000,0.000000,1472.000000)
v(-117.000000,0.000000,1511.000000)
v(135.000000,0.000000,1511.000000)
v(78.000000,0.000000,1505.000000)
v(87.000000,0.000000,1460.000000)
v(96.000000,0.000000,1460.000000)
v(126.000000,0.000000,1463.000000)
v(153.000000,0.000000,1469.000000)
v(189.000000,0.000000,1457.000000)
v(183.000000,0.000000,1436.000000)
v(153.000000,0.000000,1424.000000)
v(120.000000,0.000000,1421.000000)
v(138.000000,0.000000,1457.000000)
v(72.000000,0.000000,1406.000000)
v(54.000000,0.000000,1355.000000)
v(39.000000,0.000000,1298.000000)
v(84.000000,0.000000,1307.000000)
v(111.000000,0.000000,1388.000000)
v(153.000000,0.000000,1337.000000)
v(174.000000,0.000000,1301.000000)
v(219.000000,0.000000,1319.000000)
v(195.000000,0.000000,1352.000000)
v(165.000000,0.000000,1388.000000)
v(195.000000,0.000000,1400.000000)
v(219.000000,0.000000,1424.000000)
v(228.000000,0.000000,1457.000000)
v(222.000000,0.000000,1481.000000)
v(186.000000,0.000000,1502.000000)
v(-108.000000,0.000000,1367.000000)
v(-138.000000,0.000000,1298.000000)
v(-90.000000,0.000000,1310.000000)
v(-66.000000,0.000000,1364.000000)
v(-21.000000,0.000000,1367.000000)
v(-12.000000,0.000000,1391.000000)
v(-24.000000,0.000000,1397.000000)
v(-51.000000,0.000000,1394.000000)
v(-9.000000,0.000000,1466.000000)
v(-6.000000,0.000000,1439.000000)
v(-39.000000,0.000000,1304.000000)
v(9.000000,0.000000,1313.000000)
v(24.000000,0.000000,1403.000000)
v(27.000000,0.000000,1457.000000)
v(24.000000,0.000000,1514.000000)
v(-9.000000,0.000000,1511.000000)
v(-45.000000,0.000000,1466.000000)
v(-75.000000,0.000000,1424.000000)
v(282.000000,0.000000,1502.000000)
v(273.000000,0.000000,1466.000000)
v(330.000000,0.000000,1469.000000)
v(294.000000,0.000000,1382.000000)
v(270.000000,0.000000,1298.000000)
v(318.000000,0.000000,1310.000000)
v(339.000000,0.000000,1388.000000)
v(366.000000,0.000000,1463.000000)
v(354.000000,0.000000,1472.000000)
v(414.000000,0.000000,1472.000000)
v(426.000000,0.000000,1511.000000)
v(566.000000,0.000000,1346.000000)
v(554.000000,0.000000,1295.000000)
v(602.000000,0.000000,1301.000000)
v(617.000000,0.000000,1349.000000)
v(485.000000,0.000000,1343.000000)
v(473.000000,0.000000,1295.000000)
v(521.000000,0.000000,1301.000000)
v(533.000000,0.000000,1346.000000)
v(587.000000,0.000000,1430.000000)
v(578.000000,0.000000,1388.000000)
v(623.000000,0.000000,1391.000000)
v(638.000000,0.000000,1436.000000)
v(506.000000,0.000000,1430.000000)
v(494.000000,0.000000,1388.000000)
v(542.000000,0.000000,1391.000000)
v(554.000000,0.000000,1436.000000)
v(-140.000000,0.000000,-530.000000)
v(140.000000,0.000000,-530.000000)
v(140.000000,0.000000,-560.000000)
v(-140.000000,0.000000,-560.000000)
v(-120.000000,0.000000,-560.000000)
v(-120.000000,0.000000,-760.000000)
v(-140.000000,0.000000,-760.000000)
v(120.000000,0.000000,-560.000000)
v(120.000000,0.000000,-760.000000)
v(140.000000,0.000000,-760.000000)
v(-140.000000,0.000000,990.000000)
v(140.000000,0.000000,990.000000)
v(140.000000,0.000000,960.000000)
v(-140.000000,0.000000,960.000000)
v(-120.000000,0.000000,960.000000)
v(-120.000000,0.000000,760.000000)
v(-140.000000,0.000000,760.000000)
v(120.000000,0.000000,960.000000)
v(120.000000,0.000000,760.000000)
v(140.000000,0.000000,760.000000)
v(-140.000000,0.000000,230.000000)
v(140.000000,0.000000,230.000000)
v(140.000000,0.000000,200.000000)
v(-140.000000,0.000000,200.000000)
v(-120.000000,0.000000,200.000000)
v(-120.000000,0.000000,0.000000)
v(-140.000000,0.000000,0.000000)
v(120.000000,0.000000,200.000000)
v(120.000000,0.000000,0.000000)
v(140.000000,0.000000,0.000000)
v(-490.000000,0.000000,-150.000000)
v(-210.000000,0.000000,-150.000000)
v(-210.000000,0.000000,-180.000000)
v(-490.000000,0.000000,-180.000000)
v(-470.000000,0.000000,-180.000000)
v(-470.000000,0.000000,-380.000000)
v(-490.000000,0.000000,-380.000000)
v(-230.000000,0.000000,-180.000000)
v(-230.000000,0.000000,-380.000000)
v(-210.000000,0.000000,-380.000000)
v(490.000000,0.000000,-150.000000)
v(210.000000,0.000000,-150.000000)
v(210.000000,0.000000,-180.000000)
v(490.000000,0.000000,-180.000000)
v(470.000000,0.000000,-180.000000)
v(470.000000,0.000000,-380.000000)
v(490.000000,0.000000,-380.000000)
v(230.000000,0.000000,-180.000000)
v(230.000000,0.000000,-380.000000)
v(210.000000,0.000000,-380.000000)
v(-490.000000,0.000000,610.000000)
v(-210.000000,0.000000,610.000000)
v(-210.000000,0.000000,580.000000)
v(-490.000000,0.000000,580.000000)
v(-470.000000,0.000000,580.000000)
v(-470.000000,0.000000,380.000000)
v(-490.000000,0.000000,380.000000)
v(-230.000000,0.000000,580.000000)
v(-230.000000,0.000000,380.000000)
v(-210.000000,0.000000,380.000000)
v(490.000000,0.000000,610.000000)
v(210.000000,0.000000,610.000000)
v(210.000000,0.000000,580.000000)
v(490.000000,0.000000,580.000000)
v(470.000000,0.000000,580.000000)
v(470.000000,0.000000,380.000000)
v(490.000000,0.000000,380.000000)
v(230.000000,0.000000,580.000000)
v(230.000000,0.000000,380.000000)
v(210.000000,0.000000,380.000000)

<p>
c(150,150,150)
n(0.000000,1.000000,0.000000)
C(350.000000,0.000000,-2520.000000)
p(4,0,1,2,3)
t(1,0,3)
t(3,2,1)
</p>

<p>
c(145,145,145)
n(0.000000,1.000000,0.000000)
C(-350.000000,0.000000,-2520.000000)
p(4,4,5,1,0)
t(5,4,0)
t(0,1,5)
</p>

<p>
c(150,150,150)
n(0.000000,1.000000,0.000000)
C(350.000000,0.000000,-1960.000000)
p(4,0,6,7,3)
t(7,3,0)
t(0,6,7)
</p>

<p>
c(145,145,145)
n(0.000000,1.000000,0.000000)
C(-350.000000,0.000000,-1960.000000)
p(4,4,8,6,0)
t(6,0,4)
t(4,8,6)
</p>

<p>
c(150,150,150)
n(0.000000,1.000000,0.000000)
C(350.000000,0.000000,-1400.000000)
p(4,9,6,7,10)
t(6,9,10)
t(10,7,6)
</p>

<p>
c(150,150,150)
n(0.000000,1.000000,0.000000)
C(-350.000000,0.000000,-1400.000000)
p(4,11,8,6,9)
t(8,11,9)
t(9,6,8)
</p>

<p>
c(150,150,150)
n(0.000000,1.000000,0.000000)
C(-350.000000,0.000000,-840.000000)
p(4,11,12,13,9)
t(13,9,11)
t(11,12,13)
</p>

<p>
c(145,145,145)
n(0.000000,1.000000,0.000000)
C(350.000000,0.000000,-840.000000)
p(4,9,13,14,10)
t(14,10,9)
t(9,13,14)
</p>

<p>
c(145,145,145)
n(0.000000,1.000000,0.000000)
C(-350.000000,0.000000,-280.000000)
p(4,15,12,13,16)
t(12,15,16)
t(16,13,12)
</p>

<p>
c(145,145,145)
n(0.000000,1.000000,0.000000)
C(350.000000,0.000000,-280.000000)
p(4,16,13,14,17)
t(13,16,17)
t(17,14,13)
</p>

<p>
c(150,150,150)
n(0.000000,1.000000,0.000000)
C(-350.000000,0.000000,280.000000)
p(4,15,18,19,16)
t(19,16,15)
t(15,18,19)
</p>

<p>
c(145,145,145)
n(0.000000,1.000000,0.000000)
C(350.000000,0.000000,280.000000)
p(4,16,19,20,17)
t(20,17,16)
t(16,19,20)
</p>

<p>
c(150,150,150)
n(0.000000,1.000000,0.000000)
C(-350.000000,0.000000,840.000000)
p(4,21,18,19,22)
t(18,21,22)
t(22,19,18)
</p>

<p>
c(150,150,150)
n(0.000000,1.000000,0.000000)
C(350.000000,0.000000,840.000000)
p(4,22,19,20,23)
t(19,22,23)
t(23,20,19)
</p>

<p>
c(145,145,145)
n(0.000000,1.000000,0.000000)
C(-350.000000,0.000000,1400.000000)
p(4,21,24,25,22)
t(25,22,21)
t(21,24,25)
</p>

<p>
c(145,145,145)
n(0.000000,1.000000,0.000000)
C(350.000000,0.000000,1400.000000)
p(4,22,25,26,23)
t(26,23,22)
t(22,25,26)
</p>

<p>
c(145,145,145)
n(0.000000,1.000000,0.000000)
C(-350.000000,0.000000,1960.000000)
p(4,27,24,25,28)
t(24,27,28)
t(28,25,24)
</p>

<p>
c(150,150,150)
n(0.000000,1.000000,0.000000)
C(350.000000,0.000000,1960.000000)
p(4,28,25,26,29)
t(25,28,29)
t(29,26,25)
</p>

<p>
c(145,145,145)
n(0.000000,1.000000,0.000000)
C(-350.000000,0.000000,2520.000000)
p(4,27,30,31,28)
t(31,28,27)
t(27,30,31)
</p>

<p>
c(150,150,150)
n(0.000000,1.000000,0.000000)
C(350.000000,0.000000,2520.000000)
p(4,28,31,32,29)
t(32,29,28)
t(28,31,32)
</p>

<p>
c(180,180,180)
n(0.000000,1.000000,0.000000)
C(770.000000,0.000000,-2450.000000)
p(4,33,34,2,35)
t(2,35,33)
t(33,34,2)
</p>

<p>
c(180,180,180)
n(0.000000,1.000000,0.000000)
C(770.000000,0.000000,-1750.000000)
p(4,36,33,35,37)
t(35,37,36)
t(36,33,35)
</p>

<p>
c(180,180,180)
n(0.000000,1.000000,0.000000)
C(770.000000,0.000000,-1050.000000)
p(4,36,38,39,37)
t(38,36,37)
t(37,39,38)
</p>

<p>
c(180,180,180)
n(0.000000,1.000000,0.000000)
C(770.000000,0.000000,-350.000000)
p(4,38,40,17,39)
t(40,38,39)
t(39,17,40)
</p>

<p>
c(180,180,180)
n(0.000000,1.000000,0.000000)
C(770.000000,0.000000,2450.000000)
p(4,41,42,32,43)
t(42,41,43)
t(43,32,42)
</p>

<p>
c(180,180,180)
n(0.000000,1.000000,0.000000)
C(770.000000,0.000000,1750.000000)
p(4,44,41,43,45)
t(41,44,45)
t(45,43,41)
</p>

<p>
c(180,180,180)
n(0.000000,1.000000,0.000000)
C(770.000000,0.000000,1050.000000)
p(4,44,46,47,45)
t(47,45,44)
t(44,46,47)
</p>

<p>
c(180,180,180)
n(0.000000,1.000000,0.000000)
C(770.000000,0.000000,350.000000)
p(4,46,40,17,47)
t(17,47,46)
t(46,40,17)
</p>

<p>
c(180,180,180)
n(0.000000,1.000000,0.000000)
C(770.000000,0.000000,-2450.000000)
p(4,33,34,2,35)
t(2,35,33)
t(33,34,2)
</p>

<p>
c(180,180,180)
n(0.000000,1.000000,0.000000)
C(770.000000,0.000000,-1750.000000)
p(4,36,33,35,37)
t(35,37,36)
t(36,33,35)
</p>

<p>
c(180,180,180)
n(0.000000,1.000000,0.000000)
C(770.000000,0.000000,-1050.000000)
p(4,36,38,39,37)
t(38,36,37)
t(37,39,38)
</p>

<p>
c(180,180,180)
n(0.000000,1.000000,0.000000)
C(770.000000,0.000000,-350.000000)
p(4,38,40,17,39)
t(40,38,39)
t(39,17,40)
</p>

<p>
c(180,180,180)
n(0.000000,1.000000,0.000000)
C(-770.000000,0.000000,-2450.000000)
p(4,48,49,5,50)
t(49,48,50)
t(50,5,49)
</p>

<p>
c(180,180,180)
n(0.000000,1.000000,0.000000)
C(-770.000000,0.000000,-1750.000000)
p(4,51,48,50,52)
t(48,51,52)
t(52,50,48)
</p>

<p>
c(180,180,180)
n(0.000000,1.000000,0.000000)
C(-770.000000,0.000000,-1050.000000)
p(4,51,53,54,52)
t(54,52,51)
t(51,53,54)
</p>

<p>
c(180,180,180)
n(0.000000,1.000000,0.000000)
C(-770.000000,0.000000,-350.000000)
p(4,53,55,15,54)
t(15,54,53)
t(53,55,15)
</p>

<p>
c(180,180,180)
n(0.000000,1.000000,0.000000)
C(-770.000000,0.000000,2450.000000)
p(4,56,57,30,58)
t(30,58,56)
t(56,57,30)
</p>

<p>
c(180,180,180)
n(0.000000,1.000000,0.000000)
C(-770.000000,0.000000,1750.000000)
p(4,59,56,58,60)
t(58,60,59)
t(59,56,58)
</p>

<p>
c(180,180,180)
n(0.000000,1.000000,0.000000)
C(-770.000000,0.000000,1050.000000)
p(4,59,61,62,60)
t(61,59,60)
t(60,62,61)
</p>

<p>
c(180,180,180)
n(0.000000,1.000000,0.000000)
C(-770.000000,0.000000,350.000000)
p(4,61,55,15,62)
t(55,61,62)
t(62,15,55)
</p>

<p>
c(180,180,180)
n(0.000000,1.000000,0.000000)
C(-587.000000,0.000000,1410.500000)
p(4,63,64,65,66)
t(64,63,66)
t(66,65,64)
</p>

<p>
c(180,180,180)
n(0.000000,1.000000,0.000000)
C(-506.000000,0.000000,1409.000000)
p(4,67,68,69,70)
t(68,67,70)
t(70,69,68)
</p>

<p>
c(180,180,180)
n(0.000000,1.000000,0.000000)
C(-607.250000,0.000000,1322.000000)
p(4,71,72,73,74)
t(72,71,74)
t(74,73,72)
</p>

<p>
c(180,180,180)
n(0.000000,1.000000,0.000000)
C(-527.000000,0.000000,1322.750000)
p(4,75,76,77,78)
t(76,75,78)
t(78,77,76)
</p>

<p>
c(180,180,180)
n(0.000000,1.000000,0.000000)
C(-364.928571,0.000000,1407.071429)
p(14,79,80,81,82,83,84,85,86,87,88,89,90,91,92)
t(80,79,92)
t(91,90,89)
t(89,88,87)
t(87,86,85)
t(84,83,82)
t(82,81,80)
t(80,92,91)
t(89,87,85)
t(82,80,91)
t(89,85,84)
t(84,82,91)
t(91,89,84)
</p>

<p>
c(180,180,180)
n(0.000000,1.000000,0.000000)
C(-209.727273,0.000000,1430.272727)
p(11,93,94,95,96,97,98,99,100,101,102,103)
t(94,93,103)
t(103,102,101)
t(101,100,99)
t(99,98,97)
t(97,96,95)
t(95,94,103)
t(101,99,97)
t(95,103,101)
t(101,97,95)
</p>

<p>
c(180,180,180)
n(0.000000,1.000000,0.000000)
C(142.714286,0.000000,1417.892857)
p(28,104,105,106,107,108,109,110,111,112,113,114,108,107,115,116,117,118,119,120,121,122,123,124,125,126,127,128,129)
t(104,129,128)
t(128,127,126)
t(126,125,124)
t(124,123,122)
t(122,121,120)
t(119,118,117)
t(117,116,115)
t(115,113,112)
t(108,114,113)
t(113,115,107)
t(107,106,105)
t(105,104,128)
t(128,126,124)
t(124,122,120)
t(119,117,115)
t(108,113,107)
t(107,105,128)
t(124,120,119)
t(119,115,112)
t(109,108,107)
t(124,119,112)
t(109,107,128)
t(124,112,111)
t(110,109,128)
t(128,124,111)
t(111,110,128)
</p>

<p>
c(180,180,180)
n(0.000000,1.000000,0.000000)
C(-32.100000,0.000000,1397.150000)
p(20,130,131,132,133,134,135,136,137,138,139,135,134,140,141,142,143,144,145,146,147)
t(130,137,136)
t(138,137,130)
t(130,147,146)
t(146,145,144)
t(144,143,142)
t(142,141,140)
t(133,132,131)
t(130,136,135)
t(138,130,146)
t(142,140,134)
t(133,131,130)
t(138,146,144)
t(142,134,133)
t(133,130,135)
t(139,138,144)
t(142,133,135)
t(135,139,144)
t(144,142,135)
</p>

<p>
c(180,180,180)
n(0.000000,1.000000,0.000000)
C(333.272727,0.000000,1430.272727)
p(11,148,149,150,151,152,153,154,155,156,157,158)
t(149,148,158)
t(158,157,156)
t(156,155,154)
t(154,153,152)
t(152,151,150)
t(150,149,158)
t(156,154,152)
t(150,158,156)
t(156,152,150)
</p>

<p>
c(180,180,180)
n(0.000000,1.000000,0.000000)
C(584.750000,0.000000,1322.750000)
p(4,159,160,161,162)
t(160,159,162)
t(162,161,160)
</p>

<p>
c(180,180,180)
n(0.000000,1.000000,0.000000)
C(503.000000,0.000000,1321.250000)
p(4,163,164,165,166)
t(164,163,166)
t(166,165,164)
</p>

<p>
c(180,180,180)
n(0.000000,1.000000,0.000000)
C(606.500000,0.000000,1411.250000)
p(4,167,168,169,170)
t(168,167,170)
t(170,169,168)
</p>

<p>
c(180,180,180)
n(0.000000,1.000000,0.000000)
C(524.000000,0.000000,1411.250000)
p(4,171,172,173,174)
t(172,171,174)
t(174,173,172)
</p>

<p>
c(180,180,180)
n(0.000000,1.000000,0.000000)
C(0.000000,0.000000,-545.000000)
p(4,175,176,177,178)
t(177,178,175)
t(175,176,177)
</p>

<p>
c(180,180,180)
n(0.000000,1.000000,0.000000)
C(-130.000000,0.000000,-660.000000)
p(4,178,179,180,181)
t(180,181,178)
t(178,179,180)
</p>

<p>
c(180,180,180)
n(0.000000,1.000000,0.000000)
C(130.000000,0.000000,-660.000000)
p(4,177,182,183,184)
t(182,177,184)
t(184,183,182)
</p>

<p>
c(180,180,180)
n(0.000000,1.000000,0.000000)
C(0.000000,0.000000,975.000000)
p(4,185,186,187,188)
t(187,188,185)
t(185,186,187)
</p>

<p>
c(180,180,180)
n(0.000000,1.000000,0.000000)
C(-130.000000,0.000000,860.000000)
p(4,188,189,190,191)
t(190,191,188)
t(188,189,190)
</p>

<p>
c(180,180,180)
n(0.000000,1.000000,0.000000)
C(130.000000,0.000000,860.000000)
p(4,187,192,193,194)
t(192,187,194)
t(194,193,192)
</p>

<p>
c(180,180,180)
n(0.000000,1.000000,0.000000)
C(0.000000,0.000000,215.000000)
p(4,195,196,197,198)
t(197,198,195)
t(195,196,197)
</p>

<p>
c(180,180,180)
n(0.000000,1.000000,0.000000)
C(-130.000000,0.000000,100.000000)
p(4,198,199,200,201)
t(200,201,198)
t(198,199,200)
</p>

<p>
c(180,180,180)
n(0.000000,1.000000,0.000000)
C(130.000000,0.000000,100.000000)
p(4,197,202,203,204)
t(202,197,204)
t(204,203,202)
</p>

<p>
c(180,180,180)
n(0.000000,1.000000,0.000000)
C(-350.000000,0.000000,-165.000000)
p(4,205,206,207,208)
t(207,208,205)
t(205,206,207)
</p>

<p>
c(180,180,180)
n(0.000000,1.000000,0.000000)
C(-480.000000,0.000000,-280.000000)
p(4,208,209,210,211)
t(210,211,208)
t(208,209,210)
</p>

<p>
c(180,180,180)
n(0.000000,1.000000,0.000000)
C(-220.000000,0.000000,-280.000000)
p(4,207,212,213,214)
t(212,207,214)
t(214,213,212)
</p>

<p>
c(180,180,180)
n(0.000000,1.000000,0.000000)
C(350.000000,0.000000,-165.000000)
p(4,215,216,217,218)
t(216,215,218)
t(218,217,216)
</p>

<p>
c(180,180,180)
n(0.000000,1.000000,0.000000)
C(480.000000,0.000000,-280.000000)
p(4,218,219,220,221)
t(219,218,221)
t(221,220,219)
</p>

<p>
c(180,180,180)
n(0.000000,1.000000,0.000000)
C(220.000000,0.000000,-280.000000)
p(4,217,222,223,224)
t(223,224,217)
t(217,222,223)
</p>

<p>
c(180,180,180)
n(0.000000,1.000000,0.000000)
C(-350.000000,0.000000,595.000000)
p(4,225,226,227,228)
t(227,228,225)
t(225,226,227)
</p>

<p>
c(180,180,180)
n(0.000000,1.000000,0.000000)
C(-480.000000,0.000000,480.000000)
p(4,228,229,230,231)
t(230,231,228)
t(228,229,230)
</p>

<p>
c(180,180,180)
n(0.000000,1.000000,0.000000)
C(-220.000000,0.000000,480.000000)
p(4,227,232,233,234)
t(232,227,234)
t(234,233,232)
</p>

<p>
c(180,180,180)
n(0.000000,1.000000,0.000000)
C(350.000000,0.000000,595.000000)
p(4,235,236,237,238)
t(236,235,238)
t(238,237,236)
</p>

<p>
c(180,180,180)
n(0.000000,1.000000,0.000000)
C(480.000000,0.000000,480.000000)
p(4,238,239,240,241)
t(239,238,241)
t(241,240,239)
</p>

<p>
c(180,180,180)
n(0.000000,1.000000,0.000000)
C(220.000000,0.000000,480.000000)
p(4,237,242,243,244)
t(243,244,237)
t(237,242,243)
</p>

