v(-680.000000,0.000000,-3394.000000)
v(-30.000000,0.000000,-3440.000000)
v(0.000000,-70.000000,-2837.000000)
v(-700.000000,-90.000000,-2800.000000)
v(640.000000,0.000000,-3394.000000)
v(700.000000,-50.000000,-2890.000000)
v(-700.000000,-117.000000,-2230.000000)
v(20.000000,-117.000000,-2280.000000)
v(690.000000,-130.000000,-2280.000000)
v(-20.000000,-176.000000,-1723.000000)
v(-670.000000,-186.000000,-1760.000000)
v(710.000000,-196.000000,-1723.000000)
v(-680.000000,-400.000000,-1200.000000)
v(0.000000,-370.000000,-1176.000000)
v(690.000000,-395.000000,-1176.000000)
v(0.000000,-770.000000,-691.000000)
v(-485.000000,-760.000000,-670.000000)
v(480.000000,-740.000000,-680.000000)
v(-480.000000,-725.000000,-100.000000)
v(-500.000000,-490.000000,460.000000)
v(20.000000,-525.000000,500.000000)
v(0.000000,-765.000000,-120.000000)
v(470.000000,-725.000000,-100.000000)
v(480.000000,-490.000000,480.000000)
v(-485.000000,-780.000000,-570.000000)
v(-30.000000,-810.000000,-591.000000)
v(480.000000,-770.000000,-580.000000)
v(-900.000000,0.000000,-2860.000000)
v(870.000000,0.000000,-2837.000000)
v(-920.000000,0.000000,-2280.000000)
v(900.000000,0.000000,-2280.000000)
v(-970.000000,0.000000,-1700.000000)
v(1020.000000,0.000000,-1760.000000)
v(-875.000000,-166.000000,-1176.000000)
v(-1050.000000,0.000000,-1176.000000)
v(875.000000,-146.000000,-1146.000000)
v(1050.000000,0.000000,-1176.000000)
v(-900.000000,-180.000000,-628.000000)
v(-1100.000000,0.000000,-600.000000)
v(-670.000000,-418.000000,-628.000000)
v(900.000000,-204.000000,-600.000000)
v(1100.000000,0.000000,-670.000000)
v(690.000000,-408.000000,-628.000000)
v(-1150.000000,0.000000,-50.000000)
v(-950.000000,-262.000000,-120.000000)
v(-700.000000,-500.000000,-100.000000)
v(1100.000000,0.000000,-80.000000)
v(950.000000,-262.000000,-80.000000)
v(700.000000,-515.000000,-120.000000)
v(-1100.000000,0.000000,500.000000)
v(-850.000000,-240.000000,480.000000)
v(1150.000000,0.000000,480.000000)
v(850.000000,-262.000000,460.000000)
v(-530.000000,-280.000000,974.000000)
v(-10.000000,-245.000000,974.000000)
v(540.000000,-262.000000,974.000000)
v(0.000000,0.000000,1469.000000)
v(-500.000000,0.000000,1380.000000)
v(470.000000,0.000000,1400.000000)
v(-1000.000000,0.000000,974.000000)
v(1000.000000,0.000000,974.000000)

<p>
c(218,191,135)
n(-0.007111,0.991169,0.132412)
C(-352.500000,-40.000000,-3117.750000)
p(4,0,1,2,3)
t(1,0,3)
t(3,2,1)
</p>

<p>
c(217,188,128)
n(0.014125,-0.993877,-0.109586)
C(327.500000,-30.000000,-3140.250000)
p(4,1,4,5,2)
t(5,2,1)
t(1,4,5)
</p>

<p>
c(218,191,135)
n(-0.009831,0.997803,0.065519)
C(-345.000000,-98.500000,-2536.750000)
p(4,6,7,2,3)
t(2,3,6)
t(6,7,2)
</p>

<p>
c(217,188,128)
n(-0.001290,0.994011,0.109270)
C(352.500000,-91.750000,-2571.750000)
p(4,7,8,5,2)
t(5,2,7)
t(7,8,5)
</p>

<p>
c(217,188,128)
n(-0.005318,0.992517,0.121990)
C(-342.500000,-149.000000,-1998.250000)
p(4,6,7,9,10)
t(7,6,10)
t(10,9,7)
</p>

<p>
c(218,191,135)
n(-0.023587,-0.993440,-0.111898)
C(350.000000,-154.750000,-2001.500000)
p(4,7,8,11,9)
t(11,9,7)
t(7,8,11)
</p>

<p>
c(217,188,128)
n(-0.044280,0.937185,0.346011)
C(-342.500000,-283.000000,-1464.750000)
p(4,12,13,9,10)
t(9,10,12)
t(12,13,9)
</p>

<p>
c(218,191,135)
n(0.029695,0.940699,0.337939)
C(345.000000,-284.250000,-1449.500000)
p(4,13,14,11,9)
t(11,9,13)
t(13,14,11)
</p>

<p>
c(183,158,108)
n(-0.023057,0.798405,0.601679)
C(-291.250000,-575.000000,-934.250000)
p(4,15,16,12,13)
t(16,15,13)
t(13,12,16)
</p>

<p>
c(182,159,112)
n(-0.001171,0.796027,0.605260)
C(292.500000,-568.750000,-930.750000)
p(4,15,17,14,13)
t(14,13,15)
t(15,17,14)
</p>

<p>
c(218,191,135)
n(-0.077417,-0.925072,0.371818)
C(-240.000000,-626.250000,185.000000)
p(4,18,19,20,21)
t(19,18,21)
t(21,20,19)
</p>

<p>
c(218,191,135)
n(0.074731,-0.927936,0.365171)
C(242.500000,-626.250000,190.000000)
p(4,22,23,20,21)
t(20,21,22)
t(22,23,20)
</p>

<p>
c(218,191,135)
n(0.069753,0.991704,-0.107971)
C(-248.750000,-770.000000,-345.250000)
p(4,24,18,21,25)
t(21,25,24)
t(24,18,21)
</p>

<p>
c(217,188,128)
n(0.078018,-0.992667,0.092329)
C(230.000000,-767.500000,-347.750000)
p(4,26,22,21,25)
t(21,25,26)
t(26,22,21)
</p>

<p>
c(217,188,128)
n(-0.053168,-0.953534,-0.296556)
C(-250.000000,-780.000000,-630.500000)
p(4,15,16,24,25)
t(16,15,25)
t(25,24,16)
</p>

<p>
c(218,191,135)
n(0.074117,-0.944514,-0.320001)
C(232.500000,-772.500000,-635.500000)
p(4,15,17,26,25)
t(26,25,15)
t(15,17,26)
</p>

<p>
c(218,191,135)
n(-0.367505,-0.917615,-0.151406)
C(-760.000000,-30.000000,-3018.000000)
p(3,0,3,27)
t(3,27,0)
</p>

<p>
c(217,188,128)
n(0.317090,-0.939314,-0.130935)
C(736.666667,-16.666667,-3040.333333)
p(3,4,5,28)
t(5,4,28)
</p>

<p>
c(218,191,135)
n(-0.437808,-0.898616,-0.028515)
C(-805.000000,-51.750000,-2542.500000)
p(4,29,6,3,27)
t(6,29,27)
t(27,3,6)
</p>

<p>
c(217,188,128)
n(0.452774,-0.888790,-0.071057)
C(790.000000,-45.000000,-2571.750000)
p(4,30,8,5,28)
t(5,28,30)
t(30,8,5)
</p>

<p>
c(217,188,128)
n(-0.509751,-0.857965,-0.063633)
C(-815.000000,-75.750000,-1992.500000)
p(4,10,31,29,6)
t(29,6,10)
t(10,31,29)
</p>

<p>
c(218,191,135)
n(-0.521040,0.845125,0.119502)
C(830.000000,-81.500000,-2010.750000)
p(4,30,8,11,32)
t(11,32,30)
t(30,8,11)
</p>

<p>
c(166,143,98)
n(0.757020,0.605723,0.244991)
C(-741.666667,-250.666667,-1378.666667)
p(3,33,12,10)
t(12,10,33)
</p>

<p>
c(171,148,101)
n(-0.589590,-0.795550,-0.139587)
C(-891.250000,-88.000000,-1453.000000)
p(4,31,34,33,10)
t(34,31,10)
t(10,33,34)
</p>

<p>
c(166,143,98)
n(-0.799927,0.572743,0.179117)
C(758.333333,-245.666667,-1348.333333)
p(3,35,14,11)
t(14,35,11)
</p>

<p>
c(171,148,101)
n(0.558735,-0.827281,-0.058491)
C(913.750000,-85.500000,-1451.250000)
p(4,32,36,35,11)
t(35,11,32)
t(32,36,35)
</p>

<p>
c(166,143,98)
n(-0.678913,-0.732191,-0.054531)
C(-981.250000,-86.500000,-895.000000)
p(4,37,33,34,38)
t(33,37,38)
t(38,34,33)
</p>

<p>
c(161,139,95)
n(-0.742517,-0.669216,-0.028600)
C(-781.250000,-291.000000,-908.000000)
p(4,39,12,33,37)
t(12,39,37)
t(37,33,12)
</p>

<p>
c(156,135,94) //her
n(0.884523,0.466493,0.001724)
C(-580.000000,-589.500000,-767.000000)
p(4,39,12,16,24)
t(12,39,24)
t(24,16,12)
</p>

<p>
c(166,143,98)
n(-0.670478,0.736569,0.089031)
C(981.250000,-87.500000,-898.000000)
p(4,40,35,36,41)
t(35,40,41)
t(41,36,35)
</p>

<p>
c(161,139,95)
n(-0.757688,0.649890,0.059597)
C(788.750000,-288.250000,-887.500000)
p(4,42,14,35,40)
t(14,42,40)
t(40,35,14)
</p>

<p>
c(156,135,94) //her
n(-0.854604,0.519027,0.016233)
C(585.000000,-578.250000,-766.000000)
p(4,42,14,17,26)
t(17,26,42)
t(42,14,17)
</p>

<p>
c(161,139,96)
n(-0.755816,-0.643685,-0.120050)
C(-1025.000000,-110.500000,-349.500000)
p(4,43,38,37,44)
t(37,44,43)
t(43,38,37)
</p>

<p>
c(160,138,96)
n(-0.690724,-0.704151,-0.164538)
C(-805.000000,-340.000000,-369.000000)
p(4,37,39,45,44)
t(45,44,37)
t(37,39,45)
</p>

<p>
c(158,136,95)
n(-0.831161,-0.554484,-0.041458)
C(-583.750000,-605.750000,-349.500000)
p(4,39,45,18,24)
t(45,39,24)
t(24,18,45)
</p>

<p>
c(161,139,96)
n(-0.795834,0.602227,0.063011)
C(1012.500000,-116.500000,-357.500000)
p(4,46,41,40,47)
t(40,47,46)
t(46,41,40)
</p>

<p>
c(160,138,96)
n(-0.708582,0.689078,0.151929)
C(810.000000,-347.250000,-357.000000)
p(4,40,42,48,47)
t(48,47,40)
t(40,42,48)
</p>

<p>
c(158,136,95)
n(-0.803048,0.594591,0.039685)
C(585.000000,-604.500000,-357.000000)
p(4,42,48,22,26)
t(48,42,26)
t(26,22,48)
</p>

<p>
c(156,135,94)
n(-0.729286,-0.675306,0.110014)
C(-1012.500000,-125.500000,202.500000)
p(4,49,50,44,43)
t(50,49,43)
t(43,44,50)
</p>

<p>
c(158,138,98)
n(0.613800,0.768979,-0.178666)
C(-750.000000,-373.000000,180.000000)
p(4,50,19,45,44)
t(45,44,50)
t(50,19,45)
</p>

<p>
c(162,140,98)
n(0.690662,0.675314,-0.258724)
C(-560.000000,-571.666667,86.666667)
p(3,19,45,18)
t(45,19,18)
</p>

<p>
c(156,135,94)
n(-0.741969,0.669647,-0.032490)
C(1012.500000,-131.000000,195.000000)
p(4,51,52,47,46)
t(52,51,46)
t(46,47,52)
</p>

<p>
c(158,138,98)
n(-0.591637,0.783990,-0.187949)
C(745.000000,-382.250000,185.000000)
p(4,52,23,48,47)
t(23,52,47)
t(47,48,23)
</p>

<p>
c(162,140,98)
n(-0.661678,0.698816,-0.271733)
C(550.000000,-576.666667,86.666667)
p(3,23,48,22)
t(48,22,23)
</p>

<p>
c(218,191,135)
n(-0.017165,-0.896296,0.443124)
C(-255.000000,-385.000000,727.000000)
p(4,20,19,53,54)
t(19,20,54)
t(54,53,19)
</p>

<p>
c(217,188,128)
n(0.019991,-0.885426,0.464350)
C(257.500000,-380.500000,732.000000)
p(4,20,23,55,54)
t(55,54,20)
t(20,23,55)
</p>

<p>
c(217,188,128)
n(-0.012384,-0.865850,0.500151)
C(-260.000000,-131.250000,1199.250000)
p(4,53,54,56,57)
t(56,57,53)
t(53,54,56)
</p>

<p>
c(218,191,135)
n(0.013995,-0.876805,0.480642)
C(250.000000,-126.750000,1204.250000)
p(4,55,54,56,58)
t(54,55,58)
t(58,56,54)
</p>

<p>
c(166,143,98)
n(0.545328,0.786623,-0.289555)
C(-626.666667,-336.666667,638.000000)
p(3,50,19,53)
t(19,50,53)
</p>

<p>
c(161,139,96)
n(0.552004,0.806951,-0.210051)
C(-870.000000,-130.000000,732.000000)
p(4,59,49,50,53)
t(49,59,53)
t(53,50,49)
</p>

<p>
c(166,143,98)
n(0.511087,-0.802357,0.308243)
C(623.333333,-338.000000,638.000000)
p(3,52,23,55)
t(23,52,55)
</p>

<p>
c(161,139,96)
n(-0.536242,0.806769,-0.248131)
C(885.000000,-131.000000,722.000000)
p(4,60,51,52,55)
t(52,55,60)
t(60,51,52)
</p>

<p>
c(166,143,98)
n(0.432975,0.726780,-0.533221)
C(-676.666667,-93.333333,1109.333333)
p(3,53,59,57)
t(59,57,53)
</p>

<p>
c(166,143,98)
n(-0.421434,0.739921,-0.524319)
C(670.000000,-87.333333,1116.000000)
p(3,55,60,58)
t(60,55,58)
</p>

