v(34.200000,51.300000,-233.700000)
v(22.800000,51.300000,-233.700000)
v(22.800000,43.700000,-226.100000)
v(22.800000,32.300000,-216.600000)
v(66.500000,32.300000,-216.600000)
v(104.500000,32.300000,-216.600000)
v(104.500000,51.300000,-233.700000)
v(98.800000,47.500000,-229.900000)
v(98.800000,41.800000,-226.100000)
v(98.800000,38.000000,-222.300000)
v(51.300000,38.000000,-222.300000)
v(51.300000,41.800000,-226.100000)
v(51.300000,47.500000,-229.900000)
v(87.400000,51.300000,-233.700000)
v(68.400000,51.300000,-233.700000)
v(51.300000,51.300000,-233.700000)
v(-34.200000,51.300000,-233.700000)
v(-22.800000,51.300000,-233.700000)
v(-22.800000,43.700000,-226.100000)
v(-22.800000,32.300000,-216.600000)
v(-66.500000,32.300000,-216.600000)
v(-104.500000,32.300000,-216.600000)
v(-104.500000,51.300000,-233.700000)
v(-98.800000,47.500000,-229.900000)
v(-98.800000,41.800000,-226.100000)
v(-98.800000,38.000000,-222.300000)
v(-51.300000,38.000000,-222.300000)
v(-51.300000,41.800000,-226.100000)
v(-51.300000,47.500000,-229.900000)
v(-87.400000,51.300000,-233.700000)
v(-68.400000,51.300000,-233.700000)
v(-51.300000,51.300000,-233.700000)
v(22.800000,41.800000,-133.000000)
v(22.800000,32.300000,-155.800000)
v(66.500000,32.300000,-155.800000)
v(104.500000,32.300000,-155.800000)
v(104.500000,41.800000,-133.000000)
v(66.500000,41.800000,-133.000000)
v(-22.800000,41.800000,-133.000000)
v(-22.800000,32.300000,-155.800000)
v(-66.500000,32.300000,-155.800000)
v(-104.500000,32.300000,-155.800000)
v(-104.500000,41.800000,-133.000000)
v(-66.500000,41.800000,-133.000000)
v(104.500000,83.600000,-140.600000)
v(104.500000,83.600000,-133.000000)
v(104.500000,60.800000,-233.700000)
v(104.500000,60.800000,-228.000000)
v(104.500000,53.200000,-216.600000)
v(104.500000,49.400000,-205.200000)
v(104.500000,45.600000,-184.300000)
v(104.500000,49.400000,-163.400000)
v(104.500000,55.100000,-152.000000)
v(104.500000,66.500000,-140.600000)
v(-104.500000,83.600000,-140.600000)
v(-104.500000,83.600000,-133.000000)
v(-104.500000,60.800000,-233.700000)
v(-104.500000,60.800000,-228.000000)
v(-104.500000,53.200000,-216.600000)
v(-104.500000,49.400000,-205.200000)
v(-104.500000,45.600000,-184.300000)
v(-104.500000,49.400000,-163.400000)
v(-104.500000,55.100000,-152.000000)
v(-104.500000,66.500000,-140.600000)
v(66.500000,83.600000,-133.000000)
v(-66.500000,83.600000,-133.000000)
v(66.500000,49.400000,-125.400000)
v(66.500000,77.900000,-125.400000)
v(66.500000,77.900000,-5.700000)
v(66.500000,83.600000,-5.700000)
v(66.500000,41.800000,-5.700000)
v(66.500000,49.400000,-5.700000)
v(-66.500000,49.400000,-125.400000)
v(-66.500000,77.900000,-125.400000)
v(-66.500000,77.900000,-5.700000)
v(-66.500000,83.600000,-5.700000)
v(-66.500000,41.800000,-5.700000)
v(-66.500000,49.400000,-5.700000)
v(93.100000,77.900000,-125.400000)
v(104.500000,72.200000,-125.400000)
v(104.500000,72.200000,-5.700000)
v(93.100000,77.900000,-5.700000)
v(76.000000,77.900000,-125.400000)
v(76.000000,77.900000,-5.700000)
v(104.500000,64.600000,-125.400000)
v(104.500000,64.600000,-5.700000)
v(104.500000,55.100000,-125.400000)
v(93.100000,49.400000,-125.400000)
v(93.100000,49.400000,-5.700000)
v(104.500000,55.100000,-5.700000)
v(76.000000,49.400000,-125.400000)
v(76.000000,49.400000,-5.700000)
v(-93.100000,77.900000,-125.400000)
v(-104.500000,72.200000,-125.400000)
v(-104.500000,72.200000,-5.700000)
v(-93.100000,77.900000,-5.700000)
v(-76.000000,77.900000,-125.400000)
v(-76.000000,77.900000,-5.700000)
v(-104.500000,64.600000,-125.400000)
v(-104.500000,64.600000,-5.700000)
v(-104.500000,55.100000,-125.400000)
v(-93.100000,49.400000,-125.400000)
v(-93.100000,49.400000,-5.700000)
v(-104.500000,55.100000,-5.700000)
v(-76.000000,49.400000,-125.400000)
v(-76.000000,49.400000,-5.700000)
v(66.500000,83.600000,0.000000)
v(66.500000,41.800000,0.000000)
v(-66.500000,83.600000,0.000000)
v(-66.500000,41.800000,0.000000)
v(34.200000,83.600000,-123.500000)
v(-34.200000,83.600000,-123.500000)
v(22.800000,41.800000,-224.200000)
v(0.000000,41.800000,-224.200000)
v(-22.800000,41.800000,-224.200000)
v(-22.800000,51.300000,-241.300000)
v(22.800000,51.300000,-241.300000)
v(-22.800000,51.300000,-133.000000)
v(22.800000,51.300000,-133.000000)
v(-22.800000,41.800000,-171.000000)
v(-22.800000,41.800000,-93.100000)
v(22.800000,41.800000,-93.100000)
v(22.800000,41.800000,-171.000000)
v(34.200000,83.600000,-85.500000)
v(-34.200000,83.600000,-85.500000)
v(-32.300000,77.900000,-5.700000)
v(-22.800000,41.800000,-11.400000)
v(22.800000,41.800000,-11.400000)
v(32.300000,77.900000,-5.700000)
v(0.000000,77.900000,-5.700000)
v(-34.200000,83.600000,-64.600000)
v(-22.800000,41.800000,-68.400000)
v(22.800000,41.800000,-68.400000)
v(34.200000,83.600000,-64.600000)
v(34.200000,83.600000,-28.500000)
v(-34.200000,83.600000,-28.500000)
v(-22.800000,41.800000,-32.300000)
v(22.800000,41.800000,-32.300000)
v(-22.800000,41.800000,0.000000)
v(22.800000,41.800000,0.000000)
v(32.300000,77.900000,0.000000)
v(-32.300000,77.900000,0.000000)
v(34.200000,83.600000,-133.000000)
v(34.200000,83.600000,0.000000)
v(-34.200000,83.600000,-133.000000)
v(-34.200000,83.600000,0.000000)
v(32.300000,41.800000,0.000000)
v(-32.300000,41.800000,0.000000)
v(68.400000,60.800000,-233.700000)
v(87.400000,60.800000,-233.700000)
v(51.300000,60.800000,-233.700000)
v(34.200000,60.800000,-233.700000)
v(-68.400000,60.800000,-233.700000)
v(-87.400000,60.800000,-233.700000)
v(-51.300000,60.800000,-233.700000)
v(-34.200000,60.800000,-233.700000)
v(34.200000,95.000000,-252.700000)
v(104.500000,95.000000,-252.700000)
v(-34.200000,95.000000,-252.700000)
v(-104.500000,95.000000,-252.700000)
v(-22.800000,70.300000,-233.700000)
v(22.800000,70.300000,-233.700000)
v(0.000000,51.300000,-233.700000)
v(66.500000,3.800000,184.300000)
v(68.400000,-1.900000,171.000000)
v(76.000000,-13.300000,117.800000)
v(76.000000,32.300000,123.500000)
v(68.400000,36.100000,184.300000)
v(66.500000,51.300000,205.200000)
v(76.000000,41.800000,60.800000)
v(76.000000,-13.300000,60.800000)
v(77.900000,-13.300000,112.100000)
v(76.000000,36.100000,115.900000)
v(76.000000,41.800000,100.700000)
v(-76.000000,41.800000,60.800000)
v(-76.000000,-13.300000,60.800000)
v(-77.900000,-13.300000,112.100000)
v(-76.000000,36.100000,115.900000)
v(-76.000000,41.800000,100.700000)
v(77.900000,-53.200000,102.600000)
v(76.000000,-53.200000,108.300000)
v(-77.900000,-53.200000,102.600000)
v(-76.000000,-13.300000,117.800000)
v(-76.000000,32.300000,123.500000)
v(-76.000000,-53.200000,108.300000)
v(-66.500000,3.800000,184.300000)
v(-68.400000,-1.900000,171.000000)
v(-68.400000,36.100000,184.300000)
v(-66.500000,51.300000,205.200000)
v(76.000000,41.800000,19.000000)
v(76.000000,41.800000,0.000000)
v(76.000000,62.700000,0.000000)
v(76.000000,62.700000,100.700000)
v(76.000000,41.800000,57.000000)
v(76.000000,41.800000,32.300000)
v(76.000000,53.200000,26.600000)
v(51.300000,13.300000,0.000000)
v(51.300000,20.900000,0.000000)
v(76.000000,20.900000,0.000000)
v(76.000000,28.500000,0.000000)
v(51.300000,28.500000,0.000000)
v(51.300000,34.200000,0.000000)
v(76.000000,34.200000,0.000000)
v(32.300000,-11.400000,0.000000)
v(76.000000,-11.400000,0.000000)
v(76.000000,1.900000,0.000000)
v(51.300000,1.900000,0.000000)
v(51.300000,7.600000,0.000000)
v(76.000000,7.600000,0.000000)
v(76.000000,13.300000,0.000000)
v(76.000000,-53.200000,19.000000)
v(76.000000,-53.200000,3.800000)
v(76.000000,-53.200000,32.300000)
v(76.000000,-13.300000,57.000000)
v(76.000000,-13.300000,36.100000)
v(76.000000,-47.500000,36.100000)
v(76.000000,-53.200000,39.900000)
v(-76.000000,41.800000,19.000000)
v(-76.000000,41.800000,0.000000)
v(-76.000000,62.700000,0.000000)
v(-76.000000,62.700000,100.700000)
v(-76.000000,41.800000,57.000000)
v(-76.000000,41.800000,32.300000)
v(-76.000000,53.200000,26.600000)
v(-51.300000,13.300000,0.000000)
v(-51.300000,20.900000,0.000000)
v(-76.000000,20.900000,0.000000)
v(-76.000000,28.500000,0.000000)
v(-51.300000,28.500000,0.000000)
v(-51.300000,34.200000,0.000000)
v(-76.000000,34.200000,0.000000)
v(-32.300000,-11.400000,0.000000)
v(-76.000000,-11.400000,0.000000)
v(-76.000000,1.900000,0.000000)
v(-51.300000,1.900000,0.000000)
v(-51.300000,7.600000,0.000000)
v(-76.000000,7.600000,0.000000)
v(-76.000000,13.300000,0.000000)
v(-76.000000,-53.200000,19.000000)
v(-76.000000,-53.200000,3.800000)
v(-76.000000,-53.200000,32.300000)
v(-76.000000,-13.300000,57.000000)
v(-76.000000,-13.300000,36.100000)
v(-76.000000,-47.500000,36.100000)
v(-76.000000,-53.200000,39.900000)
v(100.700000,51.300000,184.300000)
v(104.500000,32.300000,184.300000)
v(66.500000,51.300000,184.300000)
v(-100.700000,51.300000,184.300000)
v(-104.500000,32.300000,184.300000)
v(-66.500000,51.300000,184.300000)
v(104.500000,32.300000,123.500000)
v(-104.500000,32.300000,123.500000)
v(104.500000,79.800000,100.700000)
v(104.500000,41.800000,100.700000)
v(85.500000,62.700000,100.700000)
v(85.500000,74.100000,100.700000)
v(85.500000,76.000000,100.700000)
v(104.500000,51.300000,201.400000)
v(-104.500000,79.800000,100.700000)
v(-104.500000,41.800000,100.700000)
v(-85.500000,62.700000,100.700000)
v(-85.500000,74.100000,100.700000)
v(-85.500000,76.000000,100.700000)
v(-104.500000,51.300000,201.400000)
v(104.500000,83.600000,210.900000)
v(110.200000,83.600000,201.400000)
v(110.200000,51.300000,201.400000)
v(104.500000,51.300000,210.900000)
v(47.500000,83.600000,218.500000)
v(47.500000,51.300000,218.500000)
v(47.500000,51.300000,222.300000)
v(47.500000,83.600000,222.300000)
v(-104.500000,83.600000,210.900000)
v(-110.200000,83.600000,201.400000)
v(-110.200000,51.300000,201.400000)
v(-104.500000,51.300000,210.900000)
v(-47.500000,83.600000,218.500000)
v(-47.500000,51.300000,218.500000)
v(-47.500000,51.300000,222.300000)
v(-47.500000,83.600000,222.300000)
v(-20.900000,51.300000,224.200000)
v(0.000000,51.300000,226.100000)
v(20.900000,51.300000,224.200000)
v(0.000000,51.300000,205.200000)
v(104.500000,83.600000,100.700000)
v(104.500000,83.600000,108.300000)
v(104.500000,66.500000,108.300000)
v(104.500000,60.800000,112.100000)
v(104.500000,51.300000,123.500000)
v(104.500000,43.700000,138.700000)
v(104.500000,43.700000,152.000000)
v(104.500000,45.600000,167.200000)
v(104.500000,51.300000,180.500000)
v(104.500000,60.800000,191.900000)
v(104.500000,66.500000,197.600000)
v(104.500000,83.600000,201.400000)
v(-104.500000,83.600000,100.700000)
v(-104.500000,83.600000,108.300000)
v(-104.500000,66.500000,108.300000)
v(-104.500000,60.800000,112.100000)
v(-104.500000,51.300000,123.500000)
v(-104.500000,43.700000,138.700000)
v(-104.500000,43.700000,152.000000)
v(-104.500000,45.600000,167.200000)
v(-104.500000,51.300000,180.500000)
v(-104.500000,60.800000,191.900000)
v(-104.500000,66.500000,197.600000)
v(-104.500000,83.600000,201.400000)
v(-20.900000,83.600000,224.200000)
v(0.000000,83.600000,226.100000)
v(20.900000,83.600000,224.200000)
v(89.300000,62.700000,214.700000)
v(91.200000,70.300000,212.800000)
v(83.600000,77.900000,214.700000)
v(74.100000,70.300000,216.600000)
v(74.100000,62.700000,216.600000)
v(81.700000,58.900000,214.700000)
v(-89.300000,62.700000,214.700000)
v(-91.200000,70.300000,212.800000)
v(-83.600000,77.900000,214.700000)
v(-74.100000,70.300000,216.600000)
v(-74.100000,62.700000,216.600000)
v(-81.700000,58.900000,214.700000)
v(0.000000,45.600000,201.400000)
v(58.900000,45.600000,201.400000)
v(60.800000,43.700000,201.400000)
v(60.800000,7.600000,186.200000)
v(58.900000,5.700000,186.200000)
v(0.000000,5.700000,188.100000)
v(0.000000,0.000000,186.200000)
v(7.600000,3.800000,186.200000)
v(-58.900000,45.600000,201.400000)
v(-60.800000,43.700000,201.400000)
v(-60.800000,7.600000,186.200000)
v(-58.900000,5.700000,186.200000)
v(-7.600000,3.800000,186.200000)
v(104.500000,79.800000,0.000000)
v(85.500000,76.000000,0.000000)
v(85.500000,76.000000,15.200000)
v(85.500000,76.000000,85.500000)
v(85.500000,74.100000,15.200000)
v(85.500000,74.100000,0.000000)
v(85.500000,74.100000,85.500000)
v(85.500000,62.700000,0.000000)
v(-104.500000,79.800000,0.000000)
v(-85.500000,76.000000,0.000000)
v(-85.500000,76.000000,15.200000)
v(-85.500000,76.000000,85.500000)
v(-85.500000,74.100000,15.200000)
v(-85.500000,74.100000,0.000000)
v(-85.500000,74.100000,85.500000)
v(-85.500000,62.700000,0.000000)
v(7.600000,-53.200000,112.100000)
v(7.600000,-13.300000,125.400000)
v(70.300000,-13.300000,117.800000)
v(70.300000,-53.200000,108.300000)
v(-7.600000,-53.200000,112.100000)
v(-7.600000,-13.300000,125.400000)
v(-70.300000,-13.300000,117.800000)
v(-70.300000,-53.200000,108.300000)
v(0.000000,-13.300000,125.400000)
v(0.000000,-53.200000,112.100000)
v(76.000000,-53.200000,57.000000)
v(76.000000,-53.200000,60.800000)
v(-76.000000,-53.200000,57.000000)
v(-76.000000,-53.200000,60.800000)
v(87.400000,-87.400000,26.600000)
v(87.400000,41.800000,26.600000)
v(76.000000,-70.300000,19.000000)
v(76.000000,-87.400000,19.000000)
v(76.000000,-70.300000,32.300000)
v(76.000000,-87.400000,32.300000)
v(83.600000,-95.000000,26.600000)
v(76.000000,-95.000000,22.800000)
v(76.000000,-87.400000,22.800000)
v(83.600000,-87.400000,26.600000)
v(76.000000,-95.000000,30.400000)
v(76.000000,-87.400000,30.400000)
v(-87.400000,-87.400000,26.600000)
v(-87.400000,41.800000,26.600000)
v(-76.000000,-70.300000,19.000000)
v(-76.000000,-87.400000,19.000000)
v(-76.000000,-70.300000,32.300000)
v(-76.000000,-87.400000,32.300000)
v(-83.600000,-95.000000,26.600000)
v(-76.000000,-95.000000,22.800000)
v(-76.000000,-87.400000,22.800000)
v(-83.600000,-87.400000,26.600000)
v(-76.000000,-95.000000,30.400000)
v(-76.000000,-87.400000,30.400000)
v(83.600000,-129.200000,-1.900000)
v(76.000000,-133.000000,1.900000)
v(76.000000,-129.200000,-3.800000)
v(-83.600000,-129.200000,-1.900000)
v(-76.000000,-133.000000,1.900000)
v(-76.000000,-129.200000,-3.800000)
v(76.000000,-70.300000,7.600000)
v(76.000000,-70.300000,36.100000)
v(76.000000,-87.400000,13.300000)
v(0.000000,-53.200000,3.800000)
v(-76.000000,-70.300000,7.600000)
v(0.000000,-70.300000,7.600000)
v(-76.000000,-70.300000,36.100000)
v(-76.000000,-87.400000,13.300000)
v(76.000000,-76.000000,96.900000)
v(76.000000,-76.000000,83.600000)
v(76.000000,-70.300000,81.700000)
v(-76.000000,-76.000000,96.900000)
v(-76.000000,-76.000000,83.600000)
v(-76.000000,-70.300000,81.700000)
v(76.000000,-76.000000,102.600000)
v(-76.000000,-76.000000,102.600000)
v(0.000000,-70.300000,81.700000)
v(32.300000,-15.200000,0.000000)
v(26.600000,-15.200000,7.600000)
v(-26.600000,-15.200000,7.600000)
v(-32.300000,-15.200000,0.000000)
v(0.000000,-15.200000,0.000000)
v(26.600000,-11.400000,7.600000)
v(26.600000,39.900000,7.600000)
v(0.000000,-24.700000,0.000000)
v(32.300000,-24.700000,0.000000)
v(38.000000,-28.500000,1.900000)
v(39.900000,-43.700000,1.900000)
v(34.200000,-47.500000,1.900000)
v(0.000000,-47.500000,1.900000)
v(-32.300000,-24.700000,0.000000)
v(-38.000000,-28.500000,1.900000)
v(-39.900000,-43.700000,1.900000)
v(-34.200000,-47.500000,1.900000)
v(-26.600000,-11.400000,7.600000)
v(-26.600000,39.900000,7.600000)
v(-76.000000,83.600000,100.700000)
v(-76.000000,83.600000,0.000000)
v(76.000000,83.600000,0.000000)
v(76.000000,83.600000,100.700000)
v(76.000000,74.100000,100.700000)
v(76.000000,74.100000,0.000000)
v(-76.000000,74.100000,100.700000)
v(-76.000000,74.100000,0.000000)
v(60.800000,43.700000,197.600000)
v(60.800000,38.000000,195.700000)
v(60.800000,32.300000,193.800000)
v(60.800000,28.500000,191.900000)
v(60.800000,22.800000,190.000000)
v(60.800000,17.100000,188.100000)
v(60.800000,11.400000,186.200000)
v(60.800000,7.600000,184.300000)
v(58.900000,5.700000,184.300000)
v(0.000000,5.700000,186.200000)
v(0.000000,45.600000,197.600000)
v(58.900000,45.600000,197.600000)
v(-60.800000,43.700000,197.600000)
v(-60.800000,38.000000,195.700000)
v(-60.800000,32.300000,193.800000)
v(-60.800000,28.500000,191.900000)
v(-60.800000,22.800000,190.000000)
v(-60.800000,17.100000,188.100000)
v(-60.800000,11.400000,186.200000)
v(-60.800000,7.600000,184.300000)
v(-58.900000,5.700000,184.300000)
v(-58.900000,45.600000,197.600000)
v(13.300000,-9.500000,186.200000)
v(3.800000,-5.700000,186.200000)
v(0.000000,-11.400000,186.200000)
v(-3.800000,-5.700000,186.200000)
v(-13.300000,-9.500000,186.200000)
v(-5.700000,0.000000,186.200000)
v(5.700000,0.000000,186.200000)

<p>
c(103,110,125)
outline()
n(0.001816,0.662361,0.749182)
C(68.822222,44.544444,-227.683333)
p(18,0,1,2,3,4,5,6,7,8,9,10,11,12,7,6,13,14,15)
t(15,0,1)
t(1,2,3)
t(3,10,11)
t(9,10,3)
t(6,13,14)
t(15,1,3)
t(3,11,12)
t(9,3,4)
t(15,3,12)
t(9,4,5)
t(14,15,12)
t(8,9,5)
t(6,14,12)
t(7,8,5)
t(6,12,7)
t(7,5,6)
</p>

<p>
c(103,110,125)
outline()
n(-0.001816,0.662361,0.749182)
C(-68.822222,44.544444,-227.683333)
p(18,16,17,18,19,20,21,22,23,24,25,26,27,28,23,22,29,30,31)
t(30,29,22)
t(22,23,28)
t(28,27,26)
t(24,23,22)
t(20,19,18)
t(18,17,16)
t(30,22,28)
t(25,24,22)
t(18,16,31)
t(31,30,28)
t(25,22,21)
t(18,31,28)
t(26,25,21)
t(18,28,26)
t(26,21,20)
t(20,18,26)
</p>

<p>
c(103,110,125)
outline()
n(0.000000,0.923077,-0.384615)
C(64.600000,37.050000,-144.400000)
p(6,32,33,34,35,36,37)
t(33,32,37)
t(37,36,35)
t(34,33,37)
t(37,35,34)
</p>

<p>
c(103,110,125)
outline()
n(0.000000,-1.000000,-0.000000)
C(64.600000,32.300000,-186.200000)
p(6,5,4,3,33,34,35)
t(4,5,35)
t(34,33,3)
t(3,4,35)
t(35,34,3)
</p>

<p>
c(103,110,125)
outline()
n(-0.000000,0.923077,-0.384615)
C(-64.600000,37.050000,-144.400000)
p(6,38,39,40,41,42,43)
t(43,38,39)
t(40,41,42)
t(42,43,39)
t(39,40,42)
</p>

<p>
c(103,110,125)
outline()
n(-0.000000,-1.000000,-0.000000)
C(-64.600000,32.300000,-186.200000)
p(6,21,20,19,39,40,41)
t(40,41,21)
t(20,19,39)
t(39,40,21)
t(21,20,39)
</p>

<p>
outline()
n(1.000000,0.000000,0.000000)
C(104.500000,54.692857,-181.178571)
p(14,44,45,36,35,5,6,46,47,48,49,50,51,52,53)
t(53,44,45)
t(45,36,35)
t(35,5,6)
t(6,46,47)
t(53,45,35)
t(6,47,48)
t(52,53,35)
t(35,6,48)
t(51,52,35)
t(35,48,49)
t(50,51,35)
t(35,49,50)
</p>

<p>
outline()
n(1.000000,0.000000,0.000000)
C(-104.500000,54.692857,-181.178571)
p(14,54,55,42,41,21,22,56,57,58,59,60,61,62,63)
t(63,54,55)
t(55,42,41)
t(41,21,22)
t(22,56,57)
t(63,55,41)
t(22,57,58)
t(62,63,41)
t(41,22,58)
t(61,62,41)
t(41,58,59)
t(60,61,41)
t(41,59,60)
</p>

<p>
outline()
n(0.000000,0.000000,1.000000)
C(85.500000,62.700000,-133.000000)
p(4,64,45,36,37)
t(45,64,37)
t(37,36,45)
</p>

<p>
outline()
n(0.000000,0.000000,1.000000)
C(-85.500000,62.700000,-133.000000)
p(4,65,55,42,43)
t(42,43,65)
t(65,55,42)
</p>

<p>
outline()
n(1.000000,0.000000,0.000000)
C(66.500000,63.175000,-67.450000)
p(8,66,67,68,69,64,37,70,71)
t(66,71,70)
t(64,69,68)
t(66,70,37)
t(64,68,67)
t(67,66,37)
t(37,64,67)
</p>

<p>
outline()
n(1.000000,0.000000,0.000000)
C(-66.500000,63.175000,-67.450000)
p(8,72,73,74,75,65,43,76,77)
t(72,77,76)
t(65,75,74)
t(72,76,43)
t(65,74,73)
t(73,72,43)
t(43,65,73)
</p>

<p>
c(103,110,125)
outline()
n(0.447214,0.894427,0.000000)
C(98.800000,75.050000,-65.550000)
p(4,78,79,80,81)
t(79,78,81)
t(81,80,79)
</p>

<p>
c(103,110,125)
outline()
n(0.000000,1.000000,0.000000)
C(84.550000,77.900000,-65.550000)
p(4,82,78,81,83)
t(78,82,83)
t(83,81,78)
</p>

<p>
c(103,110,125)
outline()
n(0.000000,1.000000,0.000000)
C(71.250000,77.900000,-65.550000)
p(4,67,82,83,68)
t(82,67,68)
t(68,83,82)
</p>

<p>
c(103,110,125)
outline()
n(1.000000,0.000000,0.000000)
C(104.500000,68.400000,-65.550000)
p(4,84,79,80,85)
t(80,85,84)
t(84,79,80)
</p>

<p>
c(103,110,125)
outline()
n(-0.447214,0.894427,0.000000)
C(98.800000,52.250000,-65.550000)
p(4,86,87,88,89)
t(88,89,86)
t(86,87,88)
</p>

<p>
c(103,110,125)
outline()
n(0.000000,1.000000,0.000000)
C(71.250000,49.400000,-65.550000)
p(4,66,90,91,71)
t(90,66,71)
t(71,91,90)
</p>

<p>
c(103,110,125)
outline()
n(1.000000,0.000000,0.000000)
C(104.500000,59.850000,-65.550000)
p(4,86,84,85,89)
t(85,89,86)
t(86,84,85)
</p>

<p>
c(103,110,125)
outline()
n(0.000000,1.000000,0.000000)
C(84.550000,49.400000,-65.550000)
p(4,90,87,88,91)
t(87,90,91)
t(91,88,87)
</p>

<p>
c(103,110,125)
outline()
n(-0.447214,0.894427,0.000000)
C(-98.800000,75.050000,-65.550000)
p(4,92,93,94,95)
t(94,95,92)
t(92,93,94)
</p>

<p>
c(103,110,125)
outline()
n(0.000000,1.000000,0.000000)
C(-84.550000,77.900000,-65.550000)
p(4,96,92,95,97)
t(95,97,96)
t(96,92,95)
</p>

<p>
c(103,110,125)
outline()
n(0.000000,1.000000,0.000000)
C(-71.250000,77.900000,-65.550000)
p(4,73,96,97,74)
t(97,74,73)
t(73,96,97)
</p>

<p>
c(103,110,125)
outline()
n(1.000000,0.000000,0.000000)
C(-104.500000,68.400000,-65.550000)
p(4,98,93,94,99)
t(94,99,98)
t(98,93,94)
</p>

<p>
c(103,110,125)
outline()
n(0.447214,0.894427,0.000000)
C(-98.800000,52.250000,-65.550000)
p(4,100,101,102,103)
t(101,100,103)
t(103,102,101)
</p>

<p>
c(103,110,125)
outline()
n(0.000000,1.000000,0.000000)
C(-71.250000,49.400000,-65.550000)
p(4,72,104,105,77)
t(105,77,72)
t(72,104,105)
</p>

<p>
c(103,110,125)
outline()
n(1.000000,0.000000,0.000000)
C(-104.500000,59.850000,-65.550000)
p(4,100,98,99,103)
t(99,103,100)
t(100,98,99)
</p>

<p>
c(103,110,125)
outline()
n(0.000000,1.000000,0.000000)
C(-84.550000,49.400000,-65.550000)
p(4,104,101,102,105)
t(102,105,104)
t(104,101,102)
</p>

<p>
outline()
n(1.000000,0.000000,0.000000)
C(66.500000,63.016667,-3.800000)
p(6,70,71,68,69,106,107)
t(106,107,70)
t(68,69,106)
t(106,70,71)
t(71,68,106)
</p>

<p>
outline()
n(0.000000,0.000000,1.000000)
C(87.188889,63.755556,-125.400000)
p(9,86,84,79,78,82,67,66,90,87)
t(90,87,86)
t(84,79,78)
t(82,67,66)
t(66,90,86)
t(86,84,78)
t(78,82,66)
t(66,86,78)
</p>

<p>
outline()
n(0.000000,0.000000,1.000000)
C(87.188889,63.755556,-5.700000)
p(9,71,68,83,81,80,85,89,88,91)
t(68,71,91)
t(91,88,89)
t(85,80,81)
t(83,68,91)
t(91,89,85)
t(85,81,83)
t(83,91,85)
</p>

<p>
outline()
n(1.000000,0.000000,0.000000)
C(-66.500000,63.016667,-3.800000)
p(6,76,77,74,75,108,109)
t(108,109,76)
t(74,75,108)
t(108,76,77)
t(77,74,108)
</p>

<p>
outline()
n(0.000000,0.000000,1.000000)
C(-87.188889,63.755556,-125.400000)
p(9,100,98,93,92,96,73,72,104,101)
t(98,100,101)
t(104,72,73)
t(96,92,93)
t(93,98,101)
t(101,104,73)
t(73,96,93)
t(93,101,73)
</p>

<p>
outline()
n(0.000000,0.000000,1.000000)
C(-87.188889,63.755556,-5.700000)
p(9,77,74,97,95,94,99,103,102,105)
t(105,77,74)
t(97,95,94)
t(99,103,102)
t(102,105,74)
t(74,97,94)
t(94,99,102)
t(102,74,94)
</p>

<p>
c(120,120,120)
outline()
n(0.000000,0.221621,-0.975133)
C(0.000000,62.700000,-128.250000)
p(4,32,110,111,38)
t(110,32,38)
t(38,111,110)
</p>

<p>
outline()
n(0.000000,0.879496,0.475906)
C(0.000000,45.057143,-229.628571)
p(7,2,112,113,114,18,115,116)
t(2,116,115)
t(18,114,113)
t(113,112,2)
t(2,115,18)
t(18,113,2)
</p>

<p>
outline()
n(1.000000,0.000000,0.000000)
C(22.800000,48.766667,-233.700000)
p(3,1,116,2)
t(116,1,2)
</p>

<p>
outline()
n(1.000000,0.000000,0.000000)
C(-22.800000,48.766667,-233.700000)
p(3,17,115,18)
t(115,17,18)
</p>

<p>
outline()
n(0.000000,1.000000,0.000000)
C(0.000000,51.300000,-202.666667)
p(6,1,116,115,17,117,118)
t(117,118,1)
t(1,116,115)
t(17,117,1)
t(1,115,17)
</p>

<p>
c(120,120,120)
outline()
n(0.000000,1.000000,0.000000)
C(0.000000,41.800000,-162.977778)
p(9,112,113,114,119,38,120,121,32,122)
t(122,112,113)
t(113,114,119)
t(38,120,121)
t(32,122,113)
t(113,119,38)
t(38,121,32)
t(32,113,38)
</p>

<p>
c(120,120,120)
outline()
n(0.000000,1.000000,0.000000)
C(0.000000,83.600000,-104.500000)
p(4,123,124,111,110)
t(124,123,110)
t(110,111,124)
</p>

<p>
c(120,120,120)
outline()
n(0.000000,0.178885,-0.983870)
C(0.000000,62.700000,-89.300000)
p(4,124,120,121,123)
t(120,124,123)
t(123,121,120)
</p>

<p>
c(120,120,120)
outline()
n(0.000000,0.155963,-0.987763)
C(0.000000,63.460000,-7.980000)
p(5,125,126,127,128,129)
t(126,125,129)
t(129,128,127)
t(127,126,129)
</p>

<p>
c(120,120,120)
outline()
n(0.000000,0.090536,-0.995893)
C(0.000000,62.700000,-66.500000)
p(4,130,131,132,133)
t(131,130,133)
t(133,132,131)
</p>

<p>
c(120,120,120)
outline()
n(0.000000,1.000000,0.000000)
C(0.000000,83.600000,-46.550000)
p(4,134,135,130,133)
t(135,134,133)
t(133,130,135)
</p>

<p>
c(120,120,120)
outline()
n(0.000000,0.090536,-0.995893)
C(0.000000,62.700000,-30.400000)
p(4,135,136,137,134)
t(136,135,134)
t(134,137,136)
</p>

<p>
c(120,120,120)
outline()
n(0.000000,1.000000,0.000000)
C(0.000000,41.800000,-50.350000)
p(4,137,136,131,132)
t(136,137,132)
t(132,131,136)
</p>

<p>
c(120,120,120)
outline()
n(0.000000,1.000000,0.000000)
C(0.000000,41.800000,-5.700000)
p(4,138,126,127,139)
t(126,138,139)
t(139,127,126)
</p>

<p>
c(120,120,120)
outline()
n(0.000000,1.000000,0.000000)
C(0.000000,77.900000,-3.420000)
p(5,128,140,141,125,129)
t(140,128,129)
t(129,125,141)
t(141,140,129)
</p>

<p>
c(103,110,125)
outline()
n(0.964764,-0.263117,-0.000000)
C(28.500000,62.700000,-140.125000)
p(4,32,122,142,110)
t(142,110,32)
t(32,122,142)
</p>

<p>
c(103,110,125)
outline()
n(0.964764,-0.263117,-0.000000)
C(28.500000,62.700000,-77.900000)
p(4,132,121,123,133)
t(123,133,132)
t(132,121,123)
</p>

<p>
c(103,110,125)
outline()
n(0.965132,-0.261699,0.005769)
C(29.766667,67.766667,-12.983333)
p(6,128,140,143,134,137,127)
t(128,127,137)
t(134,143,140)
t(128,137,134)
t(134,140,128)
</p>

<p>
c(103,110,125)
outline()
n(-0.964764,-0.263117,-0.000000)
C(-28.500000,62.700000,-140.125000)
p(4,38,119,144,111)
t(119,38,111)
t(111,144,119)
</p>

<p>
c(103,110,125)
outline()
n(-0.964764,-0.263117,-0.000000)
C(-28.500000,62.700000,-77.900000)
p(4,131,120,124,130)
t(120,131,130)
t(130,124,120)
</p>

<p>
c(103,110,125)
outline()
n(-0.965132,-0.261699,0.005769)
C(-29.766667,67.766667,-12.983333)
p(6,125,141,145,135,136,126)
t(136,126,125)
t(125,141,145)
t(135,136,125)
t(125,145,135)
</p>

<p>
outline()
n(0.000000,0.000000,1.000000)
C(66.500000,62.700000,-133.000000)
p(6,36,37,32,142,64,45)
t(37,36,45)
t(64,142,32)
t(32,37,45)
t(45,64,32)
</p>

<p>
outline()
n(0.000000,0.000000,1.000000)
C(-66.500000,62.700000,-133.000000)
p(6,42,43,38,144,65,55)
t(65,55,42)
t(43,38,144)
t(144,65,42)
t(42,43,144)
</p>

<p>
outline()
n(0.000000,-1.000000,0.000000)
C(36.860000,41.800000,-47.690000)
p(10,37,32,121,132,137,127,139,146,107,70)
t(32,37,70)
t(70,107,146)
t(146,139,127)
t(121,32,70)
t(70,146,127)
t(132,121,70)
t(70,127,137)
t(137,132,70)
</p>

<p>
outline()
n(0.000000,1.000000,-0.000000)
C(44.966667,83.600000,-63.755556)
p(9,64,142,110,123,133,134,143,106,69)
t(69,64,142)
t(134,143,106)
t(106,69,142)
t(133,134,106)
t(106,142,110)
t(123,133,106)
t(106,110,123)
</p>

<p>
outline()
n(0.000000,-1.000000,0.000000)
C(-36.860000,41.800000,-47.690000)
p(10,43,38,120,131,136,126,138,147,109,76)
t(76,43,38)
t(126,138,147)
t(147,109,76)
t(76,38,120)
t(136,126,147)
t(147,76,120)
t(131,136,147)
t(147,120,131)
</p>

<p>
outline()
n(-0.000000,1.000000,-0.000000)
C(-44.966667,83.600000,-63.755556)
p(9,65,144,111,124,130,135,145,108,75)
t(144,65,75)
t(75,108,145)
t(111,144,75)
t(75,145,135)
t(124,111,75)
t(75,135,130)
t(130,124,75)
</p>

<p>
c(255,255,255)
charged()
outline()
n(0.000000,0.000000,1.000000)
C(77.900000,56.050000,-233.700000)
p(4,13,14,148,149)
t(14,13,149)
t(149,148,14)
</p>

<p>
c(255,255,255)
charged()
outline()
n(0.000000,0.000000,1.000000)
C(42.750000,56.050000,-233.700000)
p(4,150,151,0,15)
t(0,15,150)
t(150,151,0)
</p>

<p>
c(255,255,255)
charged()
outline()
n(0.000000,0.000000,1.000000)
C(-77.900000,56.050000,-233.700000)
p(4,29,30,152,153)
t(152,153,29)
t(29,30,152)
</p>

<p>
c(255,255,255)
charged()
outline()
n(0.000000,0.000000,1.000000)
C(-42.750000,56.050000,-233.700000)
p(4,154,155,16,31)
t(155,154,31)
t(31,16,155)
</p>

<p>
c(255,60,60)
charged()
outline()
n(0.000000,0.000000,1.000000)
C(59.850000,56.050000,-233.700000)
p(4,14,15,150,148)
t(15,14,148)
t(148,150,15)
</p>

<p>
c(255,60,60)
charged()
outline()
n(0.000000,0.000000,1.000000)
C(95.950000,56.050000,-233.700000)
p(4,6,13,149,46)
t(13,6,46)
t(46,149,13)
</p>

<p>
c(255,60,60)
charged()
outline()
n(0.000000,0.000000,1.000000)
C(-59.850000,56.050000,-233.700000)
p(4,30,31,154,152)
t(154,152,30)
t(30,31,154)
</p>

<p>
c(255,60,60)
charged()
outline()
n(0.000000,0.000000,1.000000)
C(-95.950000,56.050000,-233.700000)
p(4,22,29,153,56)
t(153,56,22)
t(22,29,153)
</p>

<p>
c(211,80,80)
light()
outline()
n(0.000000,0.620051,0.784561)
C(75.050000,42.275000,-226.100000)
p(8,9,10,11,12,7,8,11,8)
</p>

<p>
c(211,80,80)
light()
outline()
n(-0.000000,0.620051,0.784561)
C(-75.050000,42.275000,-226.100000)
p(8,25,26,27,28,23,24,27,24)
</p>

<p>
c(90,90,90)
outline()
n(0.000000,0.485643,0.874157)
C(69.214286,70.571429,-239.128571)
p(7,150,151,156,157,46,149,148)
t(149,46,157)
t(157,156,151)
t(148,149,157)
t(157,151,150)
t(150,148,157)
</p>

<p>
c(90,90,90)
outline()
n(-0.000000,0.485643,0.874157)
C(-69.214286,70.571429,-239.128571)
p(7,154,155,158,159,56,153,152)
t(154,155,158)
t(158,159,56)
t(152,154,158)
t(158,56,153)
t(153,152,158)
</p>

<p>
c(103,110,125)
outline()
n(1.000000,0.000000,0.000000)
C(22.800000,38.950000,-187.783333)
p(6,32,33,3,2,112,122)
t(122,32,33)
t(3,2,112)
t(112,122,33)
t(33,3,112)
</p>

<p>
c(103,110,125)
outline()
n(1.000000,0.000000,0.000000)
C(-22.800000,38.950000,-187.783333)
p(6,38,39,19,18,114,119)
t(119,38,39)
t(19,18,114)
t(114,119,39)
t(39,19,114)
</p>

<p>
c(255,255,255)
outline()
n(0.000000,0.000000,1.000000)
C(0.000000,58.900000,-233.700000)
p(5,160,161,1,162,17)
t(161,160,17)
t(162,1,161)
t(161,17,162)
</p>

<p>
c(82,143,168)
outline()
n(-0.989911,0.040791,-0.135691)
C(70.300000,18.050000,164.350000)
p(6,163,164,165,166,167,168)
t(164,163,168)
t(167,166,165)
t(165,164,168)
t(168,167,165)
</p>

<p>
outline()
n(-0.999699,-0.018892,0.015647)
C(76.380000,18.620000,90.060000)
p(5,169,170,171,172,173)
t(172,173,169)
t(169,170,171)
t(171,172,169)
</p>

<p>
outline()
n(-0.999699,0.018892,-0.015647)
C(-76.380000,18.620000,90.060000)
p(5,174,175,176,177,178)
t(177,178,174)
t(174,175,176)
t(176,177,174)
</p>

<p>
outline()
n(-0.989798,0.011279,-0.142029)
C(76.712500,-11.400000,113.762500)
p(8,179,171,165,171,172,166,165,180)
t(171,179,180)
t(180,165,166)
t(166,172,171)
t(171,180,166)
</p>

<p>
outline()
n(0.989798,0.011279,-0.142029)
C(-76.712500,-11.400000,113.762500)
p(8,181,176,182,176,177,183,182,184)
t(182,184,181)
t(176,177,183)
t(183,182,181)
t(181,176,183)
</p>

<p>
c(82,143,168)
outline()
n(0.989911,0.040791,-0.135691)
C(-70.300000,18.050000,164.350000)
p(6,185,186,182,183,187,188)
t(187,188,185)
t(185,186,182)
t(182,183,187)
t(187,185,182)
</p>

<p>
outline()
n(1.000000,0.000000,0.000000)
C(76.000000,47.711111,44.122222)
p(9,189,190,191,192,173,169,193,194,195)
t(195,189,190)
t(191,192,173)
t(193,194,195)
t(195,190,191)
t(191,173,169)
t(169,193,195)
t(195,191,169)
</p>

<p>
outline()
n(0.000000,0.000000,1.000000)
C(61.582353,18.552941,0.000000)
p(17,196,197,198,199,200,201,202,190,107,146,203,204,205,206,207,208,209)
t(208,209,196)
t(197,198,199)
t(201,202,190)
t(203,204,205)
t(207,208,196)
t(197,199,200)
t(201,190,107)
t(203,205,206)
t(201,107,146)
t(146,203,206)
t(200,201,146)
t(146,206,207)
t(197,200,146)
t(146,207,196)
t(196,197,146)
</p>

<p>
outline()
n(1.000000,0.000000,0.000000)
C(76.000000,6.563636,3.800000)
p(11,210,189,190,202,199,198,209,208,205,204,211)
t(189,210,211)
t(211,204,205)
t(202,190,189)
t(189,211,205)
t(199,202,189)
t(189,205,208)
t(198,199,189)
t(189,208,209)
t(209,198,189)
</p>

<p>
outline()
n(1.000000,0.000000,0.000000)
C(76.000000,-13.842857,41.528571)
p(7,212,194,193,213,214,215,216)
t(215,216,212)
t(194,193,213)
t(214,215,212)
t(194,213,214)
t(214,212,194)
</p>

<p>
outline()
n(1.000000,0.000000,0.000000)
C(-76.000000,47.711111,44.122222)
p(9,217,218,219,220,178,174,221,222,223)
t(223,217,218)
t(219,220,178)
t(221,222,223)
t(223,218,219)
t(219,178,174)
t(174,221,223)
t(223,219,174)
</p>

<p>
outline()
n(0.000000,0.000000,1.000000)
C(-61.582353,18.552941,0.000000)
p(17,224,225,226,227,228,229,230,218,109,147,231,232,233,234,235,236,237)
t(224,237,236)
t(234,233,232)
t(109,218,230)
t(228,227,226)
t(224,236,235)
t(234,232,231)
t(147,109,230)
t(228,226,225)
t(235,234,231)
t(147,230,229)
t(224,235,231)
t(231,147,229)
t(225,224,231)
t(231,229,228)
t(228,225,231)
</p>

<p>
outline()
n(1.000000,0.000000,0.000000)
C(-76.000000,6.563636,3.800000)
p(11,238,217,218,230,227,226,237,236,233,232,239)
t(217,238,239)
t(239,232,233)
t(230,218,217)
t(217,239,233)
t(227,230,217)
t(217,233,236)
t(226,227,217)
t(217,236,237)
t(237,226,217)
</p>

<p>
outline()
n(1.000000,0.000000,0.000000)
C(-76.000000,-13.842857,41.528571)
p(7,240,222,221,241,242,243,244)
t(243,244,240)
t(222,221,241)
t(242,243,240)
t(222,241,242)
t(242,240,222)
</p>

<p>
c(255,255,255)
light()
outline()
n(0.000000,0.000000,1.000000)
C(85.025000,42.750000,184.300000)
p(4,245,246,167,247)
t(246,245,247)
t(247,167,246)
</p>

<p>
c(255,255,255)
light()
outline()
n(0.000000,0.000000,1.000000)
C(-85.025000,42.750000,184.300000)
p(4,248,249,187,250)
t(187,250,248)
t(248,249,187)
</p>

<p>
c(103,110,125)
outline()
n(-0.064851,-0.997526,0.027140)
C(88.350000,33.250000,153.900000)
p(4,166,167,246,251)
t(167,166,251)
t(251,246,167)
</p>

<p>
c(103,110,125)
outline()
n(0.064851,-0.997526,0.027140)
C(-88.350000,33.250000,153.900000)
p(4,183,187,249,252)
t(249,252,183)
t(183,187,249)
</p>

<p>
outline()
n(-0.000000,-0.000000,1.000000)
C(88.214286,62.700000,100.700000)
p(7,253,254,173,192,255,256,257)
t(254,253,257)
t(255,192,173)
t(254,257,256)
t(255,173,254)
t(254,256,255)
</p>

<p>
outline()
n(-0.992278,-0.124035,-0.000000)
C(67.133333,46.233333,191.266667)
p(3,247,167,168)
t(167,168,247)
</p>

<p>
outline()
n(0.006729,0.923990,0.382358)
C(87.400000,36.860000,112.860000)
p(5,254,251,166,172,173)
t(251,254,173)
t(173,172,166)
t(166,251,173)
</p>

<p>
outline()
n(-0.958098,-0.191620,0.212911)
C(103.233333,44.966667,190.000000)
p(3,246,258,245)
t(258,245,246)
</p>

<p>
outline()
n(0.000000,1.000000,0.000000)
C(84.550000,51.300000,193.800000)
p(4,245,258,168,247)
t(258,245,247)
t(247,168,258)
</p>

<p>
outline()
n(0.000000,-0.000000,1.000000)
C(-88.214286,62.700000,100.700000)
p(7,259,260,178,220,261,262,263)
t(262,263,259)
t(259,260,178)
t(178,220,261)
t(261,262,259)
t(259,178,261)
</p>

<p>
outline()
n(0.992278,-0.124035,-0.000000)
C(-67.133333,46.233333,191.266667)
p(3,250,187,188)
t(187,250,188)
</p>

<p>
outline()
n(-0.006729,0.923990,0.382358)
C(-87.400000,36.860000,112.860000)
p(5,260,252,183,177,178)
t(177,178,260)
t(260,252,183)
t(183,177,260)
</p>

<p>
outline()
n(-0.958098,0.191620,-0.212911)
C(-103.233333,44.966667,190.000000)
p(3,249,264,248)
t(264,248,249)
</p>

<p>
outline()
n(0.000000,1.000000,0.000000)
C(-84.550000,51.300000,193.800000)
p(4,248,264,188,250)
t(188,250,248)
t(248,264,188)
</p>

<p>
outline()
n(-0.857493,0.000000,-0.514496)
C(107.350000,67.450000,206.150000)
p(4,265,266,267,268)
t(267,268,265)
t(265,266,267)
</p>

<p>
outline()
n(1.000000,0.000000,0.000000)
C(47.500000,67.450000,220.400000)
p(4,269,270,271,272)
t(270,269,272)
t(272,271,270)
</p>

<p>
outline()
n(-0.857493,0.000000,0.514496)
C(-107.350000,67.450000,206.150000)
p(4,273,274,275,276)
t(275,276,273)
t(273,274,275)
</p>

<p>
outline()
n(1.000000,0.000000,0.000000)
C(-47.500000,67.450000,220.400000)
p(4,277,278,279,280)
t(278,277,280)
t(280,279,278)
</p>

<p>
outline()
n(0.000000,1.000000,0.000000)
C(0.000000,51.300000,212.443750)
p(16,281,282,283,271,270,268,267,258,168,284,188,264,275,276,278,279)
t(278,279,281)
t(281,282,283)
t(283,271,270)
t(270,268,267)
t(267,258,168)
t(188,264,275)
t(275,276,278)
t(278,281,283)
t(283,270,267)
t(188,275,278)
t(278,283,267)
t(284,188,278)
t(278,267,168)
t(168,284,278)
</p>

<p>
outline()
n(1.000000,0.000000,0.000000)
C(104.500000,57.558824,146.635294)
p(17,285,286,287,288,289,290,291,292,293,294,295,296,258,246,251,254,253)
t(253,285,286)
t(295,296,258)
t(258,246,251)
t(251,254,253)
t(253,286,287)
t(294,295,258)
t(251,253,287)
t(293,294,258)
t(251,287,288)
t(292,293,258)
t(251,288,289)
t(292,258,251)
t(251,289,290)
t(291,292,251)
t(251,290,291)
</p>

<p>
outline()
n(1.000000,0.000000,0.000000)
C(-104.500000,57.558824,146.635294)
p(17,297,298,299,300,301,302,303,304,305,306,307,308,264,249,252,260,259)
t(259,297,298)
t(307,308,264)
t(264,249,252)
t(252,260,259)
t(259,298,299)
t(306,307,264)
t(252,259,299)
t(305,306,264)
t(252,299,300)
t(304,305,264)
t(252,300,301)
t(304,264,252)
t(252,301,302)
t(303,304,252)
t(252,302,303)
</p>

<p>
outline()
n(0.000000,0.000000,1.000000)
C(0.000000,67.450000,223.820000)
p(10,272,271,283,282,281,279,280,309,310,311)
t(271,272,311)
t(309,280,279)
t(283,271,311)
t(310,309,279)
t(282,283,311)
t(311,310,279)
t(281,282,311)
t(311,279,281)
</p>

<p>
outline()
n(-0.133087,0.000485,-0.991104)
C(82.650000,65.550000,214.541667)
p(12,270,268,312,313,314,315,316,317,312,268,265,269)
t(265,268,313)
t(312,313,268)
t(265,313,314)
t(317,312,268)
t(269,265,314)
t(317,268,270)
t(270,269,314)
t(316,317,270)
t(270,314,315)
t(315,316,270)
</p>

<p>
outline()
n(0.133087,0.000485,-0.991104)
C(-82.650000,65.550000,214.541667)
p(12,278,276,318,319,320,321,322,323,318,276,273,277)
t(277,321,320)
t(322,321,277)
t(273,277,320)
t(322,277,278)
t(273,320,319)
t(323,322,278)
t(276,273,319)
t(323,278,276)
t(276,319,318)
t(318,323,276)
</p>

<p>
outline()
n(0.000000,0.000000,1.000000)
C(107.350000,67.450000,201.400000)
p(4,266,296,258,267)
t(258,267,266)
t(266,296,258)
</p>

<p>
outline()
n(0.000000,0.000000,1.000000)
C(-107.350000,67.450000,201.400000)
p(4,274,308,264,275)
t(308,274,275)
t(275,264,308)
</p>

<p>
c(150,150,150)
outline()
n(0.019311,-0.364545,0.930986)
C(34.545455,24.009091,193.800000)
p(11,324,325,326,327,328,329,330,331,163,168,284)
t(168,284,324)
t(329,330,331)
t(168,324,325)
t(328,329,331)
t(168,325,326)
t(328,331,163)
t(163,168,326)
t(327,328,163)
t(163,326,327)
</p>

<p>
outline()
n(-0.019311,-0.364545,0.930986)
C(-34.545455,24.009091,193.800000)
p(11,324,332,333,334,335,329,330,336,185,188,284)
t(332,324,284)
t(336,330,329)
t(332,284,188)
t(185,336,329)
t(333,332,188)
t(185,329,335)
t(334,333,188)
t(185,335,334)
t(334,188,185)
</p>

<p>
c(80,80,80)
outline()
n(-0.196116,0.980581,0.000000)
C(91.833333,77.266667,50.350000)
p(6,337,338,339,340,257,253)
t(257,253,337)
t(337,338,339)
t(339,340,257)
t(257,337,339)
</p>

<p>
c(80,80,80)
outline()
n(1.000000,0.000000,0.000000)
C(85.500000,75.050000,7.600000)
p(4,339,341,342,338)
t(342,338,339)
t(339,341,342)
</p>

<p>
c(80,80,80)
outline()
n(1.000000,0.000000,0.000000)
C(85.500000,70.300000,50.350000)
p(6,255,256,343,341,342,344)
t(256,255,344)
t(344,342,341)
t(343,256,344)
t(344,341,343)
</p>

<p>
c(80,80,80)
outline()
n(1.000000,0.000000,0.000000)
C(85.500000,75.050000,93.100000)
p(4,257,256,343,340)
t(343,340,257)
t(257,256,343)
</p>

<p>
c(80,80,80)
outline()
n(0.000000,1.000000,0.000000)
C(80.750000,62.700000,50.350000)
p(4,192,191,344,255)
t(191,192,255)
t(255,344,191)
</p>

<p>
c(80,80,80)
outline()
n(0.196116,0.980581,0.000000)
C(-91.833333,77.266667,50.350000)
p(6,345,346,347,348,263,259)
t(346,345,259)
t(259,263,348)
t(347,346,259)
t(259,348,347)
</p>

<p>
c(80,80,80)
outline()
n(1.000000,0.000000,0.000000)
C(-85.500000,75.050000,7.600000)
p(4,347,349,350,346)
t(350,346,347)
t(347,349,350)
</p>

<p>
c(80,80,80)
outline()
n(1.000000,0.000000,0.000000)
C(-85.500000,70.300000,50.350000)
p(6,261,262,351,349,350,352)
t(262,261,352)
t(352,350,349)
t(351,262,352)
t(352,349,351)
</p>

<p>
c(80,80,80)
outline()
n(1.000000,0.000000,0.000000)
C(-85.500000,75.050000,93.100000)
p(4,263,262,351,348)
t(351,348,263)
t(263,262,351)
</p>

<p>
c(80,80,80)
outline()
n(0.000000,1.000000,0.000000)
C(-80.750000,62.700000,50.350000)
p(4,220,219,352,261)
t(352,261,220)
t(220,219,352)
</p>

<p>
glass()
outline()
n(0.087138,-0.274203,0.957716)
C(38.950000,-33.250000,115.900000)
p(4,353,354,355,356)
t(354,353,356)
t(356,355,354)
</p>

<p>
glass()
outline()
n(0.087138,0.274203,-0.957716)
C(-38.950000,-33.250000,115.900000)
p(4,357,358,359,360)
t(358,357,360)
t(360,359,358)
</p>

<p>
c(82,143,168)
outline()
n(0.010668,-0.968563,0.248538)
C(49.400000,-5.700000,150.416667)
p(6,163,164,165,355,354,331)
t(164,163,331)
t(331,354,355)
t(355,165,164)
t(164,331,355)
</p>

<p>
c(82,143,168)
outline()
n(-0.010668,-0.968563,0.248538)
C(-49.400000,-5.700000,150.416667)
p(6,185,186,182,359,358,336)
t(358,336,185)
t(186,182,359)
t(359,358,185)
t(185,186,359)
</p>

<p>
outline()
n(-0.248675,0.939620,-0.235108)
C(3.800000,-5.700000,155.800000)
p(4,331,330,361,354)
t(330,331,354)
t(354,361,330)
</p>

<p>
outline()
n(0.248675,0.939620,-0.235108)
C(-3.800000,-5.700000,155.800000)
p(4,336,330,361,358)
t(361,358,336)
t(336,330,361)
</p>

<p>
outline()
n(0.000000,0.316228,-0.948683)
C(3.800000,-33.250000,118.750000)
p(4,354,361,362,353)
t(361,354,353)
t(353,362,361)
</p>

<p>
outline()
n(0.000000,0.316228,-0.948683)
C(-3.800000,-33.250000,118.750000)
p(4,358,361,362,357)
t(362,357,358)
t(358,361,362)
</p>

<p>
glass()
outline()
n(1.000000,0.000000,0.000000)
C(76.000000,-36.100000,45.220000)
p(5,363,216,215,214,213)
t(214,213,363)
t(363,216,215)
t(215,214,363)
</p>

<p>
glass()
outline()
n(-0.999174,-0.004805,0.040363)
C(76.950000,-33.250000,84.075000)
p(4,179,171,170,364)
t(170,364,179)
t(179,171,170)
</p>

<p>
glass()
outline()
n(1.000000,0.000000,0.000000)
C(-76.000000,-36.100000,45.220000)
p(5,365,244,243,242,241)
t(242,241,365)
t(365,244,243)
t(243,242,365)
</p>

<p>
glass()
outline()
n(-0.999174,0.004805,-0.040363)
C(-76.950000,-33.250000,84.075000)
p(4,181,176,175,366)
t(175,366,181)
t(181,176,175)
</p>

<p>
c(210,210,210)
outline()
n(-0.554700,-0.000000,0.832050)
C(79.800000,-35.783333,21.533333)
p(6,367,368,189,210,369,370)
t(369,370,367)
t(367,368,189)
t(210,369,367)
t(367,189,210)
</p>

<p>
c(210,210,210)
outline()
n(0.485071,0.485071,-0.727607)
C(79.800000,45.600000,24.066667)
p(3,195,189,368)
t(189,195,368)
</p>

<p>
c(210,210,210)
outline()
n(0.408248,0.408248,0.816497)
C(79.800000,45.600000,28.500000)
p(3,195,194,368)
t(194,368,195)
</p>

<p>
c(210,210,210)
outline()
n(0.447214,0.000000,0.894427)
C(79.800000,-35.783333,30.400000)
p(6,367,368,194,212,371,372)
t(371,372,367)
t(367,368,194)
t(212,371,367)
t(367,194,212)
</p>

<p>
c(210,210,210)
outline()
n(-0.447214,0.000000,0.894427)
C(79.800000,-91.200000,24.700000)
p(4,373,374,375,376)
t(374,373,376)
t(376,375,374)
</p>

<p>
c(210,210,210)
outline()
n(0.447214,0.000000,0.894427)
C(79.800000,-91.200000,28.500000)
p(4,373,377,378,376)
t(377,373,376)
t(376,378,377)
</p>

<p>
c(210,210,210)
outline()
n(0.000000,1.000000,0.000000)
C(79.166667,-87.400000,26.283333)
p(6,367,370,375,376,378,372)
t(378,372,367)
t(367,370,375)
t(376,378,367)
t(367,375,376)
</p>

<p>
c(210,210,210)
outline()
n(0.554700,-0.000000,0.832050)
C(-79.800000,-35.783333,21.533333)
p(6,379,380,217,238,381,382)
t(380,379,382)
t(238,217,380)
t(380,382,381)
t(381,238,380)
</p>

<p>
c(210,210,210)
outline()
n(0.485071,-0.485071,0.727607)
C(-79.800000,45.600000,24.066667)
p(3,223,217,380)
t(217,223,380)
</p>

<p>
c(210,210,210)
outline()
n(-0.408248,0.408248,0.816497)
C(-79.800000,45.600000,28.500000)
p(3,223,222,380)
t(222,223,380)
</p>

<p>
c(210,210,210)
outline()
n(-0.447214,0.000000,0.894427)
C(-79.800000,-35.783333,30.400000)
p(6,379,380,222,240,383,384)
t(380,379,384)
t(240,222,380)
t(380,384,383)
t(383,240,380)
</p>

<p>
c(210,210,210)
outline()
n(0.447214,0.000000,0.894427)
C(-79.800000,-91.200000,24.700000)
p(4,385,386,387,388)
t(387,388,385)
t(385,386,387)
</p>

<p>
c(210,210,210)
outline()
n(-0.447214,0.000000,0.894427)
C(-79.800000,-91.200000,28.500000)
p(4,385,389,390,388)
t(390,388,385)
t(385,389,390)
</p>

<p>
c(210,210,210)
outline()
n(0.000000,1.000000,0.000000)
C(-79.166667,-87.400000,26.283333)
p(6,379,382,387,388,390,384)
t(379,384,390)
t(388,387,382)
t(379,390,388)
t(388,382,379)
</p>

<p>
outline()
n(0.487068,-0.540584,0.685954)
C(79.800000,-113.050000,14.250000)
p(4,391,392,377,373)
t(392,391,373)
t(373,377,392)
</p>

<p>
outline()
n(0.282551,0.601925,-0.746895)
C(79.800000,-112.100000,10.925000)
p(4,373,374,393,391)
t(374,373,391)
t(391,393,374)
</p>

<p>
outline()
n(1.000000,0.000000,0.000000)
C(76.000000,-113.050000,12.825000)
p(4,374,393,392,377)
t(393,374,377)
t(377,392,393)
</p>

<p>
outline()
n(-0.487068,-0.540584,0.685954)
C(-79.800000,-113.050000,14.250000)
p(4,394,395,389,385)
t(389,385,394)
t(394,395,389)
</p>

<p>
outline()
n(0.282551,-0.601925,0.746895)
C(-79.800000,-112.100000,10.925000)
p(4,385,386,396,394)
t(386,385,394)
t(394,396,386)
</p>

<p>
outline()
n(1.000000,0.000000,0.000000)
C(-76.000000,-113.050000,12.825000)
p(4,386,396,395,389)
t(396,386,389)
t(389,395,396)
</p>

<p>
c(82,143,168)
outline()
n(1.000000,0.000000,0.000000)
C(76.000000,6.563636,3.800000)
p(11,210,189,190,202,199,198,209,208,205,204,211)
t(189,210,211)
t(211,204,205)
t(202,190,189)
t(189,211,205)
t(199,202,189)
t(189,205,208)
t(198,199,189)
t(189,208,209)
t(209,198,189)
</p>

<p>
c(82,143,168)
outline()
n(1.000000,0.000000,0.000000)
C(76.000000,-13.842857,41.528571)
p(7,212,194,193,213,214,215,216)
t(215,216,212)
t(194,193,213)
t(214,215,212)
t(194,213,214)
t(214,212,194)
</p>

<p>
c(82,143,168)
outline()
n(1.000000,0.000000,0.000000)
C(-76.000000,6.563636,3.800000)
p(11,238,217,218,230,227,226,237,236,233,232,239)
t(217,238,239)
t(239,232,233)
t(230,218,217)
t(217,239,233)
t(227,230,217)
t(217,233,236)
t(226,227,217)
t(217,236,237)
t(237,226,217)
</p>

<p>
c(82,143,168)
outline()
n(1.000000,0.000000,0.000000)
C(-76.000000,-13.842857,41.528571)
p(7,240,222,221,241,242,243,244)
t(243,244,240)
t(222,221,241)
t(242,243,240)
t(222,241,242)
t(242,240,222)
</p>

<p>
c(54,93,120)
outline()
n(1.000000,0.000000,0.000000)
C(76.000000,-79.800000,23.644444)
p(9,397,369,371,398,372,378,375,370,399)
t(370,399,397)
t(371,398,372)
t(375,370,397)
t(369,371,372)
t(378,375,397)
t(397,369,372)
t(372,378,397)
</p>

<p>
outline()
n(0.000000,-0.216930,-0.976187)
C(0.000000,-61.750000,5.700000)
p(6,397,211,400,239,401,402)
t(211,397,402)
t(402,401,239)
t(400,211,402)
t(402,239,400)
</p>

<p>
outline()
n(1.000000,0.000000,0.000000)
C(-76.000000,-79.800000,23.644444)
p(9,401,381,383,403,384,390,387,382,404)
t(382,404,401)
t(383,403,384)
t(387,382,401)
t(381,383,384)
t(390,387,401)
t(401,381,384)
t(384,390,401)
</p>

<p>
outline()
n(0.999833,-0.014693,-0.010862)
C(76.172727,-65.118182,59.590909)
p(11,179,405,406,407,398,372,371,212,216,363,364)
t(364,179,405)
t(405,406,407)
t(398,372,371)
t(371,212,216)
t(363,364,405)
t(407,398,371)
t(371,216,363)
t(363,405,407)
t(407,371,363)
</p>

<p>
outline()
n(-0.999833,-0.014693,-0.010862)
C(-76.172727,-65.118182,59.590909)
p(11,181,408,409,410,403,384,383,240,244,365,366)
t(408,181,366)
t(244,240,383)
t(383,384,403)
t(410,409,408)
t(408,366,365)
t(365,244,383)
t(383,403,410)
t(410,408,365)
t(365,383,410)
</p>

<p>
outline()
n(1.000000,0.000000,0.000000)
C(76.000000,-61.750000,12.350000)
p(4,369,210,211,397)
t(210,369,397)
t(397,211,210)
</p>

<p>
outline()
n(1.000000,0.000000,0.000000)
C(-76.000000,-61.750000,12.350000)
p(4,381,238,239,401)
t(238,381,401)
t(401,239,238)
</p>

<p>
c(54,93,120)
outline()
n(-0.982132,0.083255,-0.168773)
C(76.475000,-64.600000,102.600000)
p(4,180,411,405,179)
t(411,180,179)
t(179,405,411)
</p>

<p>
outline()
n(0.982132,0.083255,-0.168773)
C(-76.475000,-64.600000,102.600000)
p(4,184,412,408,181)
t(408,181,184)
t(184,412,408)
</p>

<p>
outline()
n(-0.000000,-0.313871,0.949466)
C(0.000000,-58.266667,108.300000)
p(9,180,411,412,184,360,357,362,353,356)
t(411,180,356)
t(356,353,362)
t(362,357,360)
t(360,184,412)
t(412,411,356)
t(356,362,360)
t(360,412,356)
</p>

<p>
outline()
outline()
n(0.000000,-0.985545,-0.169413)
C(0.000000,-74.445455,88.954545)
p(11,408,412,411,405,406,409,410,409,406,407,413)
t(406,409,408)
t(408,412,411)
t(405,406,408)
t(408,411,405)
t(408,413,407)
t(405,411,412)
t(412,408,407)
t(406,405,412)
t(412,407,406)
</p>

<p>
c(54,93,120)
outline()
n(0.000000,1.000000,-0.000000)
C(0.000000,-70.300000,36.891667)
p(12,397,369,371,398,407,413,410,403,383,381,401,402)
t(369,397,402)
t(402,401,381)
t(403,410,413)
t(413,407,398)
t(371,369,402)
t(402,381,383)
t(383,403,413)
t(413,398,371)
t(371,402,383)
t(383,413,371)
</p>

<p>
c(54,93,120)
outline()
n(0.000000,1.000000,0.000000)
C(0.000000,-15.200000,3.040000)
p(5,414,415,416,417,418)
t(415,414,418)
t(418,417,416)
t(416,415,418)
</p>

<p>
c(82,143,168)
outline()
n(-0.800000,-0.000000,-0.600000)
C(29.450000,4.750000,3.800000)
p(6,203,414,415,419,420,146)
t(420,146,203)
t(203,414,415)
t(419,420,203)
t(203,415,419)
</p>

<p>
outline()
n(1.000000,0.000000,0.000000)
C(76.000000,-33.250000,58.900000)
p(4,170,213,363,364)
t(213,170,364)
t(364,363,213)
</p>

<p>
outline()
n(1.000000,0.000000,0.000000)
C(76.000000,14.250000,58.900000)
p(4,169,193,213,170)
t(193,169,170)
t(170,213,193)
</p>

<p>
outline()
n(1.000000,0.000000,0.000000)
C(-76.000000,-33.250000,58.900000)
p(4,175,241,365,366)
t(241,175,366)
t(366,365,241)
</p>

<p>
outline()
n(1.000000,0.000000,0.000000)
C(-76.000000,14.250000,58.900000)
p(4,174,221,241,175)
t(221,174,175)
t(175,241,221)
</p>

<p>
outline()
n(0.000000,0.231621,-0.972806)
C(73.150000,-33.250000,113.050000)
p(4,165,180,356,355)
t(356,355,165)
t(165,180,356)
</p>

<p>
outline()
n(0.000000,0.231621,-0.972806)
C(-73.150000,-33.250000,113.050000)
p(4,182,184,360,359)
t(184,182,359)
t(359,360,184)
</p>

<p>
outline()
n(-0.008568,0.081335,0.996650)
C(30.083333,-31.350000,1.266667)
p(12,203,414,418,421,422,423,424,425,426,400,211,204)
t(211,204,203)
t(414,418,421)
t(425,426,400)
t(211,203,414)
t(414,421,422)
t(425,400,211)
t(211,414,422)
t(424,425,211)
t(211,422,423)
t(423,424,211)
</p>

<p>
outline()
n(0.008568,0.081335,0.996650)
C(-30.083333,-31.350000,1.266667)
p(12,231,417,418,421,427,428,429,430,426,400,239,232)
t(417,231,232)
t(239,400,426)
t(427,421,418)
t(417,232,239)
t(239,426,430)
t(427,418,417)
t(239,430,429)
t(428,427,417)
t(239,429,428)
t(428,417,239)
</p>

<p>
outline()
n(-0.800000,0.000000,0.600000)
C(-29.450000,4.750000,3.800000)
p(6,231,417,416,431,432,147)
t(432,147,231)
t(231,417,416)
t(431,432,231)
t(231,416,431)
</p>

<p>
outline()
n(0.000000,0.000000,1.000000)
C(0.000000,4.433333,7.600000)
p(6,419,415,416,431,432,420)
t(419,420,432)
t(431,416,415)
t(415,419,432)
t(432,431,415)
</p>

<p>
outline()
n(-0.000000,-0.970143,-0.242536)
C(0.000000,41.166667,2.533333)
p(6,139,146,420,432,147,138)
t(139,146,420)
t(420,432,147)
t(138,139,420)
t(420,147,138)
</p>

<p>
c(34,34,34)
outline()
n(0.000000,-1.000000,0.000000)
C(0.000000,83.600000,117.724000)
p(25,308,298,297,433,434,108,145,135,134,143,106,435,436,285,286,296,265,269,272,311,310,309,280,277,273)
t(277,273,308)
t(298,297,433)
t(433,434,108)
t(145,135,134)
t(106,435,436)
t(436,285,286)
t(296,265,269)
t(269,272,311)
t(311,310,309)
t(309,280,277)
t(277,308,298)
t(433,108,145)
t(145,134,143)
t(143,106,436)
t(436,286,296)
t(296,269,311)
t(311,309,277)
t(277,298,433)
t(433,145,143)
t(143,436,296)
t(296,311,277)
t(277,433,143)
t(143,296,277)
</p>

<p>
outline()
n(1.000000,0.000000,0.000000)
C(76.000000,78.850000,50.350000)
p(4,437,438,435,436)
t(435,436,437)
t(437,438,435)
</p>

<p>
outline()
n(0.000000,0.000000,1.000000)
C(88.666667,78.533333,100.700000)
p(6,256,437,436,285,253,257)
t(437,256,257)
t(257,253,285)
t(285,436,437)
t(437,257,285)
</p>

<p>
outline()
n(1.000000,0.000000,0.000000)
C(-76.000000,78.850000,50.350000)
p(4,439,440,434,433)
t(434,433,439)
t(439,440,434)
</p>

<p>
outline()
n(0.000000,0.000000,1.000000)
C(-88.666667,78.533333,100.700000)
p(6,262,439,433,297,259,263)
t(263,262,439)
t(439,433,297)
t(297,259,263)
t(263,439,297)
</p>

<p>
outline()
n(0.000000,1.000000,0.000000)
C(82.333333,74.100000,50.350000)
p(6,437,438,342,341,343,256)
t(438,437,256)
t(341,342,438)
t(438,256,343)
t(343,341,438)
</p>

<p>
outline()
n(0.000000,0.000000,1.000000)
C(80.750000,68.400000,0.000000)
p(4,342,438,191,344)
t(191,344,342)
t(342,438,191)
</p>

<p>
outline()
n(0.000000,0.000000,1.000000)
C(72.833333,64.600000,0.000000)
p(6,190,191,438,435,106,107)
t(106,107,190)
t(438,435,106)
t(106,190,191)
t(191,438,106)
</p>

<p>
outline()
n(-0.000000,1.000000,0.000000)
C(-82.333333,74.100000,50.350000)
p(6,439,440,350,349,351,262)
t(351,262,439)
t(439,440,350)
t(349,351,439)
t(439,350,349)
</p>

<p>
outline()
n(0.000000,0.000000,1.000000)
C(-80.750000,68.400000,0.000000)
p(4,350,440,219,352)
t(440,350,352)
t(352,219,440)
</p>

<p>
outline()
n(0.000000,0.000000,1.000000)
C(-72.833333,64.600000,0.000000)
p(6,218,219,440,434,108,109)
t(219,218,109)
t(109,108,434)
t(440,219,109)
t(109,434,440)
</p>

<p>
c(103,110,125)
outline()
n(-0.023270,0.334354,-0.942160)
C(46.866667,25.438889,192.111111)
p(18,441,442,443,444,445,446,447,448,449,450,329,328,327,326,325,324,451,452)
t(452,451,324)
t(326,327,328)
t(448,447,446)
t(444,443,442)
t(452,324,325)
t(325,326,328)
t(448,446,445)
t(444,442,441)
t(441,452,325)
t(325,328,329)
t(448,445,444)
</p>

<p>
c(103,110,125)
outline()
n(0.023270,0.334354,-0.942160)
C(-46.866667,25.438889,192.111111)
p(18,453,454,455,456,457,458,459,460,461,450,329,335,334,333,332,324,451,462)
t(453,454,455)
t(457,458,459)
t(329,335,334)
t(332,324,451)
t(453,455,456)
t(456,457,459)
t(329,334,333)
t(332,451,462)
t(456,459,460)
t(329,333,332)
t(332,462,453)
</p>

<p>
c(255,255,255)
light()
outline()
n(0.178336,0.014755,0.983859)
C(82.333333,67.133333,215.016667)
p(6,316,317,312,313,314,315)
t(314,315,316)
t(316,317,312)
t(312,313,314)
t(314,316,312)
</p>

<p>
c(255,255,255)
light()
outline()
n(0.178336,-0.014755,-0.983859)
C(-82.333333,67.133333,215.016667)
p(6,322,323,318,319,320,321)
t(320,321,322)
t(322,323,318)
t(318,319,320)
t(320,322,318)
</p>

<p>
glass()
outline()
n(0.000000,-0.064368,-0.997926)
C(0.000000,-36.100000,1.330000)
p(10,424,423,422,421,427,428,429,430,426,425)
t(423,424,425)
t(426,430,429)
t(429,428,427)
t(421,422,423)
t(423,425,426)
t(426,429,427)
t(427,421,423)
t(423,426,427)
</p>

<p>
c(40,40,40)
outline()
n(0.000000,0.000000,1.000000)
C(66.737500,17.693750,0.000000)
p(16,208,209,198,199,200,201,202,199,198,197,196,209,208,205,206,207)
t(208,207,206)
t(206,205,208)
</p>

<p>
c(40,40,40)
outline()
n(0.000000,0.000000,1.000000)
C(-66.737500,17.693750,0.000000)
p(16,236,237,226,227,228,229,230,227,226,225,224,237,236,233,234,235)
t(235,236,233)
t(233,234,235)
</p>

<p>
outline()
n(-0.000000,-0.326497,0.945198)
C(0.000000,26.230556,191.372222)
p(36,443,444,445,446,447,448,449,450,461,460,459,447,459,458,446,458,457,445,457,456,444,456,455,443,455,454,442,454,453,441,453,462,451,452,441,442)
t(442,441,452)
t(451,462,453)
t(454,455,443)
t(443,442,452)
t(452,451,453)
t(453,454,443)
t(443,452,453)
</p>

<p>
c(242,210,0)
outline()
n(-0.000000,0.000000,1.000000)
C(-0.000000,-5.225000,186.200000)
p(8,463,464,465,466,467,468,330,469)
t(464,463,469)
t(330,468,467)
t(466,465,464)
t(464,469,330)
t(330,467,466)
t(466,464,330)
</p>

