v(-14.000000,0.000000,0.000000)
v(-14.000000,0.000000,11.000000)
v(-28.000000,-170.000000,18.000000)
v(-14.000000,-178.000000,4.000000)
v(-7.000000,-178.000000,28.000000)
v(1.000000,0.000000,11.000000)
v(5.000000,0.000000,0.000000)
v(17.000000,-177.000000,16.000000)
v(-7.000000,0.000000,-8.000000)
v(1.000000,-182.000000,-8.000000)
v(9.000000,-204.000000,16.000000)
v(1.000000,-204.000000,0.000000)
v(-7.000000,-204.000000,28.000000)
v(-14.000000,-204.000000,4.000000)
v(-18.000000,-204.000000,20.000000)
v(-10.000000,-212.000000,12.000000)
v(-3.000000,-212.000000,12.000000)
v(-7.000000,-212.000000,12.000000)
v(-7.000000,-212.000000,16.000000)
v(-10.000000,-212.000000,16.000000)
v(-16.000000,-28.000000,23.000000)
v(-8.000000,-28.000000,14.000000)
v(-13.000000,-36.000000,9.000000)
v(-19.000000,-32.000000,14.000000)
v(-3.000000,-36.000000,20.000000)
v(-8.000000,-36.000000,26.000000)
v(-10.000000,-44.000000,23.000000)
v(-19.000000,-44.000000,14.000000)
v(-13.000000,-48.000000,9.000000)
v(-6.000000,-48.000000,17.000000)
v(-27.000000,-36.000000,23.000000)
v(-24.000000,-32.000000,31.000000)
v(-16.000000,-40.000000,34.000000)
v(-22.000000,-52.000000,40.000000)
v(-30.000000,-48.000000,37.000000)
v(-27.000000,-89.000000,44.000000)
v(-30.000000,-89.000000,41.000000)
v(-33.000000,-89.000000,38.000000)
v(-39.000000,-81.000000,45.000000)
v(-39.000000,-81.000000,33.000000)
v(-22.000000,-81.000000,50.000000)
v(-27.000000,-89.000000,33.000000)
v(-24.000000,-81.000000,24.000000)
v(-24.000000,-89.000000,36.000000)
v(-13.000000,-81.000000,36.000000)
v(-14.000000,-65.000000,-16.000000)
v(-7.000000,-61.000000,-16.000000)
v(-7.000000,-61.000000,-8.000000)
v(-14.000000,-65.000000,-8.000000)
v(-7.000000,-57.000000,-24.000000)
v(-14.000000,-65.000000,-24.000000)
v(-14.000000,-69.000000,-32.000000)
v(-7.000000,-65.000000,-36.000000)
v(1.000000,-65.000000,-24.000000)
v(1.000000,-69.000000,-28.000000)
v(-2.000000,-173.000000,-56.000000)
v(10.000000,-173.000000,-64.000000)
v(10.000000,-165.000000,-68.000000)
v(-4.000000,-165.000000,-56.000000)
v(18.000000,-173.000000,-40.000000)
v(2.000000,-173.000000,-40.000000)
v(0.000000,-165.000000,-40.000000)
v(18.000000,-165.000000,-40.000000)
v(10.000000,-181.000000,-56.000000)
v(6.000000,-181.000000,-52.000000)
v(14.000000,-181.000000,-48.000000)
v(6.000000,-181.000000,-48.000000)
v(22.000000,-173.000000,-56.000000)
v(14.000000,-181.000000,-52.000000)
v(-3.000000,-65.000000,-16.000000)
v(-3.000000,-77.000000,-24.000000)
v(-3.000000,-73.000000,-20.000000)
v(-3.000000,-73.000000,-16.000000)
v(-3.000000,-73.000000,-8.000000)
v(-3.000000,-65.000000,-8.000000)
v(-3.000000,-81.000000,-24.000000)
v(1.000000,-81.000000,-32.000000)
v(25.000000,-165.000000,-56.000000)
v(-7.000000,-77.000000,-40.000000)
v(-14.000000,-81.000000,-32.000000)
v(-10.000000,-81.000000,-24.000000)
v(-10.000000,-73.000000,-20.000000)
v(-10.000000,-73.000000,-16.000000)
v(-10.000000,-73.000000,-8.000000)
v(-14.000000,-77.000000,-24.000000)
v(-39.000000,-70.000000,33.000000)
v(-33.000000,-52.000000,28.000000)
v(-22.000000,-48.000000,17.000000)
v(-24.000000,-56.000000,20.000000)
v(-24.000000,-70.000000,24.000000)
v(-34.000000,-71.000000,47.000000)
v(-17.000000,-70.000000,51.000000)
v(-13.000000,-70.000000,36.000000)
v(-16.000000,-56.000000,28.000000)
v(-13.000000,-48.000000,26.000000)
v(-48.000000,0.000000,-14.000000)
v(-50.000000,0.000000,-58.000000)
v(-40.000000,0.000000,-104.000000)
v(-14.000000,0.000000,-132.000000)
v(16.000000,0.000000,-154.000000)
v(52.000000,0.000000,-142.000000)
v(70.000000,0.000000,-112.000000)
v(56.000000,0.000000,-66.000000)
v(22.000000,0.000000,-36.000000)
v(22.000000,0.000000,-20.000000)
v(54.000000,0.000000,18.000000)
v(50.000000,0.000000,48.000000)
v(26.000000,0.000000,64.000000)
v(-6.000000,0.000000,68.000000)
v(-14.000000,0.000000,98.000000)
v(-26.000000,0.000000,118.000000)
v(-58.000000,0.000000,118.000000)
v(-94.000000,0.000000,102.000000)
v(-98.000000,0.000000,66.000000)
v(-70.000000,0.000000,28.000000)

<p>
c(74,120,62)
n(-0.800034,0.012853,-0.599817)
p(4,0,1,2,3)
t(1,0,3)
t(3,2,1)
</p>

<p>
c(74,120,62)
n(-0.292916,0.084593,0.952389)
p(4,4,2,1,5)
t(2,4,5)
t(5,1,2)
</p>

<p>
c(74,120,62)
n(0.523687,0.084739,0.847686)
p(4,5,6,7,4)
t(6,5,4)
t(4,7,6)
</p>

<p>
c(74,120,62)
n(0.787094,0.016539,-0.616612)
p(4,8,6,7,9)
t(7,9,8)
t(8,6,7)
</p>

<p>
c(74,120,62)
n(0.658990,0.023046,0.751798)
p(4,8,0,3,9)
t(3,9,8)
t(8,0,3)
</p>

<p>
c(74,120,62)
n(0.843842,-0.220667,-0.489118)
p(4,10,11,9,7)
t(9,7,10)
t(10,11,9)
</p>

<p>
c(74,120,62)
n(0.503823,-0.077694,0.860306)
p(4,10,12,4,7)
t(12,10,7)
t(7,4,12)
</p>

<p>
c(74,120,62)
n(-0.503895,-0.134256,-0.853267)
p(4,13,11,9,3)
t(11,13,3)
t(3,9,11)
</p>

<p>
c(74,120,62)
n(-0.485251,-0.056412,0.872553)
p(4,12,14,2,4)
t(14,12,4)
t(4,2,14)
</p>

<p>
c(74,120,62)
n(0.855186,0.178677,0.486551)
p(4,14,13,3,2)
t(3,2,14)
t(14,13,3)
</p>

<p>
c(74,120,62)
n(0.000000,1.000000,0.000000)
p(3,15,16,17)
</p>

<p>
c(74,120,62)
n(-0.518201,0.811251,0.270813)
p(4,16,17,11,10)
t(16,10,11)
t(11,17,16)
</p>

<p>
c(74,120,62)
n(0.379583,-0.781403,0.495304)
p(4,18,12,10,16)
t(12,18,16)
t(16,10,12)
</p>

<p>
c(74,120,62)
n(0.162873,0.754886,0.635310)
p(4,13,15,17,11)
t(17,11,13)
t(13,15,17)
</p>

<p>
c(74,120,62)
n(-0.378913,-0.745553,0.548247)
p(4,12,18,19,14)
t(18,12,14)
t(14,19,18)
</p>

<p>
c(74,120,62)
n(-0.763383,-0.620274,-0.180297)
p(4,14,19,15,13)
t(19,14,13)
t(13,15,19)
</p>

<p>
c(74,120,62)
n(-0.347918,0.788716,-0.506834)
p(4,20,21,22,23)
t(22,23,20)
t(20,21,22)
</p>

<p>
c(74,120,62)
n(0.537673,0.700740,0.468905)
p(4,20,21,24,25)
t(21,20,25)
t(25,24,21)
</p>

<p>
c(74,120,62)
n(0.344293,0.880446,-0.326002)
p(4,26,27,28,29)
t(27,26,29)
t(29,28,27)
</p>

<p>
c(74,120,62)
n(0.579508,-0.797005,0.170158)
p(4,30,31,20,23)
t(31,30,23)
t(23,20,31)
</p>

<p>
c(74,120,62)
n(-0.370824,-0.627548,-0.684597)
p(4,32,31,20,25)
t(20,25,32)
t(32,31,20)
</p>

<p>
c(74,120,62)
n(-0.035128,0.401936,0.914994)
p(4,32,33,34,31)
t(33,32,31)
t(31,34,33)
</p>

<p>
c(74,120,62)
n(-0.707107,0.000000,0.707107)
p(3,35,36,37)
</p>

<p>
c(74,120,62)
n(-0.718085,-0.694675,0.042205)
p(4,37,36,38,39)
t(38,39,37)
t(37,36,38)
</p>

<p>
c(74,120,62)
n(-0.251311,-0.565662,0.785410)
p(4,35,36,38,40)
t(36,35,40)
t(40,38,36)
</p>

<p>
c(74,120,62)
n(0.409388,0.644962,0.645310)
p(4,41,37,39,42)
t(37,41,42)
t(42,39,37)
</p>

<p>
c(74,120,62)
n(-0.513539,0.715693,0.473350)
p(4,43,41,42,44)
t(41,43,44)
t(44,42,41)
</p>

<p>
c(74,120,62)
n(0.592219,-0.728388,0.344569)
p(4,44,40,35,43)
t(35,43,44)
t(44,40,35)
</p>

<p>
c(74,120,62)
n(-0.496139,0.868243,0.000000)
p(4,45,46,47,48)
t(46,45,48)
t(48,47,46)
</p>

<p>
c(74,120,62)
n(0.655705,-0.730932,-0.189181)
p(4,49,46,45,50)
t(45,50,49)
t(49,46,45)
</p>

<p>
c(74,120,62)
n(-0.662286,0.637478,-0.393700)
p(4,49,50,51,52)
t(50,49,52)
t(52,51,50)
</p>

<p>
c(74,120,62)
n(-0.671117,-0.606015,0.427023)
p(4,52,49,53,54)
t(49,52,54)
t(54,53,49)
</p>

<p>
c(74,120,62)
n(0.592926,0.267629,0.759482)
p(4,55,56,57,58)
t(57,58,55)
t(55,56,57)
</p>

<p>
c(74,120,62)
n(0.000000,0.000000,1.000000)
p(4,59,60,61,62)
t(60,59,62)
t(62,61,60)
</p>

<p>
c(74,120,62)
n(0.427023,0.671117,0.606015)
p(4,63,56,55,64)
t(55,64,63)
t(63,56,55)
</p>

<p>
c(74,120,62)
n(0.000000,0.707107,-0.707107)
p(4,65,66,60,59)
t(60,59,65)
t(65,66,60)
</p>

<p>
c(74,120,62)
n(-0.763383,-0.620274,0.180297)
p(4,66,64,55,60)
t(64,66,60)
t(60,55,64)
</p>

<p>
c(74,120,62)
n(0.427023,-0.671117,-0.606015)
p(4,63,56,67,68)
t(67,68,63)
t(63,56,67)
</p>

<p>
c(74,120,62)
n(-0.763383,0.620274,-0.180297)
p(4,67,68,65,59)
t(65,59,67)
t(67,68,65)
</p>

<p>
c(74,120,62)
n(0.963180,-0.199306,0.180449)
p(8,69,53,54,70,71,72,73,74)
t(69,74,73)
t(73,72,71)
t(71,70,54)
t(54,53,69)
t(69,73,71)
t(71,54,69)
</p>

<p>
c(74,120,62)
n(-0.696094,-0.696094,-0.175799)
p(6,69,53,49,46,47,74)
t(69,74,47)
t(46,49,53)
t(53,69,47)
t(47,46,53)
</p>

<p>
c(74,120,62)
n(0.910430,0.122510,0.395105)
p(8,67,59,62,75,70,54,76,77)
t(59,67,77)
t(76,54,70)
t(70,75,62)
t(62,59,77)
t(77,76,70)
t(70,62,77)
</p>

<p>
c(74,120,62)
n(-0.572322,0.300220,0.763096)
p(4,67,56,57,77)
t(56,67,77)
t(77,57,56)
</p>

<p>
c(74,120,62)
n(-0.648426,-0.348520,0.676815)
p(6,76,77,57,78,52,54)
t(76,54,52)
t(52,78,57)
t(57,77,76)
t(76,52,57)
</p>

<p>
c(74,120,62)
n(0.665182,-0.118730,0.737181)
p(6,79,58,57,78,52,51)
t(52,51,79)
t(79,58,57)
t(78,52,79)
t(79,57,78)
</p>

<p>
c(74,120,62)
n(0.946603,0.179567,-0.267767)
p(6,79,80,61,60,55,58)
t(55,58,79)
t(79,80,61)
t(61,60,55)
t(55,79,61)
</p>

<p>
c(74,120,62)
n(0.048118,-0.978720,0.199479)
p(8,81,82,83,73,72,71,70,84)
t(81,84,70)
t(70,71,72)
t(72,73,83)
t(83,82,81)
t(81,70,72)
t(72,83,81)
</p>

<p>
c(74,120,62)
n(-0.003706,-0.183319,0.983047)
p(6,84,70,75,62,61,80)
t(70,84,80)
t(80,61,62)
t(75,70,80)
t(80,62,75)
</p>

<p>
c(74,120,62)
n(-0.963120,-0.222708,0.150997)
p(10,84,80,79,51,50,45,48,83,82,81)
t(82,83,48)
t(45,50,51)
t(51,79,80)
t(81,82,48)
t(48,45,51)
t(51,80,84)
t(84,81,48)
t(48,51,84)
</p>

<p>
c(74,120,62)
n(0.640307,0.067918,0.765111)
p(12,42,39,85,86,30,23,22,28,27,87,88,89)
t(39,42,89)
t(27,28,22)
t(22,23,30)
t(30,86,85)
t(85,39,89)
t(87,27,22)
t(22,30,85)
t(85,89,88)
t(87,22,85)
t(85,88,87)
</p>

<p>
c(74,120,62)
n(0.910823,-0.389052,-0.137988)
p(4,34,31,30,86)
t(31,34,86)
t(86,30,31)
</p>

<p>
c(74,120,62)
n(-0.941725,0.273710,0.195544)
p(6,86,85,39,38,90,34)
t(90,34,86)
t(85,39,38)
t(38,90,86)
t(86,85,38)
</p>

<p>
c(74,120,62)
n(-0.866028,-0.070603,-0.494985)
p(12,29,24,25,32,33,91,40,44,92,93,94,26)
t(24,29,26)
t(92,44,40)
t(40,91,33)
t(33,32,25)
t(25,24,26)
t(93,92,40)
t(40,33,25)
t(25,26,94)
t(94,93,40)
t(40,25,94)
</p>

<p>
c(74,120,62)
n(-0.295785,0.326947,0.897562)
p(6,33,91,40,38,90,34)
t(91,33,34)
t(90,38,40)
t(40,91,34)
t(34,90,40)
</p>

<p>
c(74,120,62)
n(0.598457,-0.532635,-0.598457)
p(6,94,93,88,87,27,26)
t(27,26,94)
t(94,93,88)
t(88,87,27)
t(27,94,88)
</p>

<p>
c(74,120,62)
n(-0.734317,0.120773,0.667976)
p(6,92,44,42,89,88,93)
t(44,92,93)
t(93,88,89)
t(89,42,44)
t(44,93,89)
</p>

<p>
n(0.000000,1.000000,0.000000)
p(20,95,96,97,98,99,100,101,102,103,104,105,106,107,108,109,110,111,112,113,114)
t(114,113,112)
t(112,111,110)
t(110,109,108)
t(108,107,106)
t(106,105,104)
t(103,102,101)
t(101,100,99)
t(99,98,97)
t(97,96,95)
t(95,114,112)
t(112,110,108)
t(108,106,104)
t(103,101,99)
t(99,97,95)
t(95,112,108)
t(108,104,103)
t(103,99,95)
t(95,108,103)
</p>

