v(-700.000000,0.000000,0.000000)
v(-700.000000,0.000000,-560.000000)
v(0.000000,0.000000,-560.000000)
v(0.000000,0.000000,0.000000)
v(700.000000,0.000000,-560.000000)
v(700.000000,0.000000,0.000000)
v(-700.000000,0.000000,560.000000)
v(0.000000,0.000000,560.000000)
v(700.000000,0.000000,560.000000)
v(840.000000,0.000000,0.000000)
v(840.000000,0.000000,560.000000)
v(840.000000,0.000000,-560.000000)
v(-840.000000,0.000000,0.000000)
v(-840.000000,0.000000,560.000000)
v(-840.000000,0.000000,-560.000000)
v(-20.000000,0.000000,280.000000)
v(-20.000000,0.000000,-280.000000)
v(20.000000,0.000000,-280.000000)
v(20.000000,0.000000,280.000000)
v(-670.000000,0.000000,40.000000)
v(-670.000000,0.000000,-40.000000)
v(-630.000000,0.000000,-40.000000)
v(-630.000000,0.000000,40.000000)
v(670.000000,0.000000,40.000000)
v(670.000000,0.000000,-40.000000)
v(630.000000,0.000000,-40.000000)
v(630.000000,0.000000,40.000000)

<p>
c(159,155,147)
n(0.000000,1.000000,0.000000)
C(-350.000000,0.000000,-280.000000)
p(4,0,1,2,3)
t(1,0,3)
t(3,2,1)
</p>

<p>
c(155,151,142)
n(0.000000,1.000000,0.000000)
C(350.000000,0.000000,-280.000000)
p(4,3,2,4,5)
t(2,3,5)
t(5,4,2)
</p>

<p>
c(150,148,144)
n(0.000000,1.000000,0.000000)
C(-350.000000,0.000000,280.000000)
p(4,0,6,7,3)
t(7,3,0)
t(0,6,7)
</p>

<p>
c(154,152,148)
n(0.000000,1.000000,0.000000)
C(350.000000,0.000000,280.000000)
p(4,3,7,8,5)
t(8,5,3)
t(3,7,8)
</p>

<p>
c(180,180,180)
n(0.000000,1.000000,0.000000)
C(770.000000,0.000000,280.000000)
p(4,9,10,8,5)
t(10,9,5)
t(5,8,10)
</p>

<p>
c(180,180,180)
n(0.000000,1.000000,0.000000)
C(770.000000,0.000000,-280.000000)
p(4,11,9,5,4)
t(9,11,4)
t(4,5,9)
</p>

<p>
c(180,180,180)
n(0.000000,1.000000,0.000000)
C(-770.000000,0.000000,280.000000)
p(4,12,13,6,0)
t(6,0,12)
t(12,13,6)
</p>

<p>
c(180,180,180)
n(0.000000,1.000000,0.000000)
C(-770.000000,0.000000,-280.000000)
p(4,14,12,0,1)
t(0,1,14)
t(14,12,0)
</p>

<p>
c(181,179,176)
n(0.000000,1.000000,0.000000)
C(0.000000,0.000000,0.000000)
p(4,15,16,17,18)
t(16,15,18)
t(18,17,16)
</p>

<p>
c(206,140,19)
light()
n(0.000000,1.000000,0.000000)
C(-650.000000,0.000000,0.000000)
p(4,19,20,21,22)
t(20,19,22)
t(22,21,20)
</p>

<p>
c(206,140,19)
light()
n(0.000000,1.000000,0.000000)
C(650.000000,0.000000,0.000000)
p(4,23,24,25,26)
t(25,26,23)
t(23,24,25)
</p>

