v(140.000000,0.000000,560.000000)
v(70.000000,0.000000,1120.000000)
v(700.000000,0.000000,840.000000)
v(910.000000,0.000000,560.000000)
v(-910.000000,0.000000,560.000000)
v(-630.000000,0.000000,1120.000000)
v(-70.000000,0.000000,0.000000)
v(840.000000,0.000000,0.000000)
v(-840.000000,0.000000,0.000000)
v(1260.000000,0.000000,560.000000)
v(1120.000000,0.000000,980.000000)
v(1190.000000,0.000000,0.000000)
v(-1120.000000,0.000000,560.000000)
v(-1050.000000,0.000000,1120.000000)
v(-1190.000000,0.000000,0.000000)
v(770.000000,0.000000,1120.000000)
v(70.000000,0.000000,1470.000000)
v(-840.000000,0.000000,1260.000000)
v(-20.000000,0.000000,280.000000)
v(-20.000000,0.000000,840.000000)
v(20.000000,0.000000,840.000000)
v(20.000000,0.000000,280.000000)

<p>
c(218,191,135)
n(0.000000,1.000000,0.000000)
p(4,0,1,2,3)
t(2,3,0)
t(0,1,2)
</p>

<p>
c(217,188,128)
n(0.000000,1.000000,0.000000)
p(4,4,5,1,0)
t(1,0,4)
t(4,5,1)
</p>

<p>
c(218,191,135)
n(0.000000,1.000000,0.000000)
p(4,0,6,7,3)
t(6,0,3)
t(3,7,6)
</p>

<p>
c(217,188,128)
n(0.000000,1.000000,0.000000)
p(4,4,8,6,0)
t(8,4,0)
t(0,6,8)
</p>

<p>
c(191,159,100)
n(0.000000,1.000000,0.000000)
p(4,9,10,2,3)
t(10,9,3)
t(3,2,10)
</p>

<p>
c(191,159,100)
n(0.000000,1.000000,0.000000)
p(4,11,9,3,7)
t(9,11,7)
t(7,3,9)
</p>

<p>
c(191,159,100)
n(0.000000,1.000000,0.000000)
p(4,12,13,5,4)
t(5,4,12)
t(12,13,5)
</p>

<p>
c(191,159,100)
n(0.000000,1.000000,0.000000)
p(4,14,12,4,8)
t(4,8,14)
t(14,12,4)
</p>

<p>
c(191,159,100)
n(0.000000,1.000000,0.000000)
p(5,15,10,2,1,16)
t(1,16,15)
t(15,10,2)
t(2,1,15)
</p>

<p>
c(191,159,100)
n(0.000000,1.000000,0.000000)
p(5,17,13,5,1,16)
t(13,17,16)
t(16,1,5)
t(5,13,16)
</p>

<p>
c(211,196,167)
n(0.000000,1.000000,0.000000)
p(4,18,19,20,21)
t(20,21,18)
t(18,19,20)
</p>

