v(980.000000,0.000000,-770.000000)
v(980.000000,0.000000,0.000000)
v(490.000000,0.000000,0.000000)
v(490.000000,0.000000,-770.000000)
v(0.000000,0.000000,-770.000000)
v(0.000000,0.000000,0.000000)
v(-490.000000,0.000000,0.000000)
v(-490.000000,0.000000,-770.000000)
v(-980.000000,0.000000,-770.000000)
v(-980.000000,0.000000,0.000000)

<p>
c(177,171,160)
n(0.000000,1.000000,0.000000)
p(4,0,1,2,3)
t(1,0,3)
t(3,2,1)
</p>

<p>
c(172,167,156)
n(0.000000,1.000000,0.000000)
p(4,4,5,2,3)
t(2,3,4)
t(4,5,2)
</p>

<p>
c(177,171,160)
n(0.000000,1.000000,0.000000)
p(4,4,5,6,7)
t(5,4,7)
t(7,6,5)
</p>

<p>
c(182,176,165)
n(0.000000,1.000000,0.000000)
p(4,8,9,6,7)
t(6,7,8)
t(8,9,6)
</p>

