v(-34.100000,-260.400000,37.200000)
v(-55.800000,-260.400000,37.200000)
v(-102.300000,-347.200000,43.400000)
v(-89.900000,-359.600000,43.400000)
v(-93.000000,-359.600000,43.400000)
v(-105.400000,-347.200000,43.400000)
v(58.900000,-440.200000,-210.800000)
v(68.200000,-437.100000,-210.800000)
v(148.800000,-508.400000,-285.200000)
v(58.900000,-443.300000,-201.500000)
v(68.200000,-446.400000,-198.400000)
v(24.800000,-279.000000,-86.800000)
v(12.400000,-272.800000,-102.300000)
v(74.400000,-440.200000,-204.600000)
v(-6.200000,-279.000000,-99.200000)
v(-6.200000,-288.300000,-80.600000)
v(12.400000,-288.300000,-74.400000)
v(40.300000,-114.700000,9.300000)
v(18.600000,-111.600000,-18.600000)
v(-15.500000,-114.700000,-6.200000)
v(-15.500000,-120.900000,27.900000)
v(18.600000,-120.900000,37.200000)
v(46.500000,-331.700000,6.200000)
v(111.600000,-427.800000,0.000000)
v(105.400000,-430.900000,0.000000)
v(37.200000,-337.900000,9.300000)
v(46.500000,-331.700000,18.600000)
v(108.500000,-427.800000,3.100000)
v(-15.500000,-492.900000,34.100000)
v(-6.200000,-492.900000,31.000000)
v(18.600000,-595.200000,43.400000)
v(15.500000,-595.200000,43.400000)
v(-12.400000,-492.900000,40.300000)
v(18.600000,-595.200000,46.500000)
v(31.000000,-356.500000,24.800000)
v(58.900000,-310.000000,3.100000)
v(18.600000,-353.400000,12.400000)
v(285.200000,-446.400000,-37.200000)
v(220.100000,-396.800000,-27.900000)
v(223.200000,-393.700000,-34.100000)
v(220.100000,-396.800000,-40.300000)
v(213.900000,-399.900000,-37.200000)
v(213.900000,-399.900000,-31.000000)
v(108.500000,-251.100000,-9.300000)
v(89.900000,-248.000000,-3.100000)
v(108.500000,-263.500000,-12.400000)
v(127.100000,-272.800000,-12.400000)
v(133.300000,-266.600000,-27.900000)
v(120.900000,-269.700000,-37.200000)
v(111.600000,-279.000000,-31.000000)
v(114.700000,-279.000000,-15.500000)
v(24.800000,-151.900000,43.400000)
v(43.400000,-142.600000,0.000000)
v(6.200000,-148.800000,-31.000000)
v(-34.100000,-158.100000,-6.200000)
v(-21.700000,-161.200000,37.200000)
v(-272.800000,-461.900000,182.900000)
v(-275.900000,-461.900000,182.900000)
v(-260.400000,-443.300000,142.600000)
v(-257.300000,-443.300000,145.700000)
v(-260.400000,-449.500000,139.500000)
v(-235.600000,-421.600000,111.600000)
v(-229.400000,-399.900000,111.600000)
v(-220.100000,-409.200000,124.000000)
v(-167.400000,-421.600000,52.700000)
v(-164.300000,-399.900000,52.700000)
v(-155.000000,-409.200000,62.000000)
v(-362.700000,-716.100000,117.800000)
v(-331.700000,-703.700000,105.400000)
v(-331.700000,-706.800000,99.200000)
v(-337.900000,-706.800000,96.100000)
v(-341.000000,-700.600000,102.300000)
v(-337.900000,-700.600000,105.400000)
v(-176.700000,-455.700000,68.200000)
v(-176.700000,-446.400000,52.700000)
v(-186.000000,-465.000000,55.800000)
v(-83.700000,-530.100000,34.100000)
v(-83.700000,-530.100000,37.200000)
v(-164.300000,-434.000000,74.400000)
v(-164.300000,-446.400000,55.800000)
v(-179.800000,-418.500000,74.400000)
v(-189.100000,-421.600000,55.800000)
v(-179.800000,-437.100000,43.400000)
v(-89.900000,-372.000000,27.900000)
v(-105.400000,-362.700000,12.400000)
v(-114.700000,-347.200000,24.800000)
v(-58.900000,-260.400000,12.400000)
v(-40.300000,-260.400000,3.100000)
v(-21.700000,-260.400000,18.600000)
v(27.900000,-151.900000,46.500000)
v(49.600000,-151.900000,-3.100000)
v(6.200000,-151.900000,-37.200000)
v(-40.300000,-151.900000,-9.300000)
v(-27.900000,-151.900000,43.400000)
v(-9.300000,0.000000,62.000000)
v(52.700000,0.000000,37.200000)
v(49.600000,0.000000,-24.800000)
v(-49.600000,0.000000,9.300000)
v(-15.500000,0.000000,-43.400000)

<p>
c(146,93,39)
n(0.018777,0.055895,0.998260)
C(-70.525000,-306.900000,40.300000)
p(4,0,1,2,3)
t(2,3,0)
t(0,1,2)
</p>

<p>
c(146,93,39)
n(0.000000,0.000000,1.000000)
C(-97.650000,-353.400000,43.400000)
p(4,4,3,2,5)
t(2,5,4)
t(4,3,2)
</p>

<p>
c(146,93,39)
n(-0.000000,0.062378,0.998053)
C(-72.333333,-326.533333,41.333333)
p(3,0,3,4)
t(3,0,4)
</p>

<p>
c(146,93,39)
n(0.000000,1.000000,0.000000)
C(-44.950000,-260.400000,37.200000)
p(2,1,0)
</p>

<p>
c(146,93,39)
n(-0.000000,0.071247,0.997459)
C(-87.833333,-318.266667,41.333333)
p(3,5,2,1)
t(2,1,5)
</p>

<p>
c(146,93,39)
n(0.197379,-0.592136,0.781291)
C(91.966667,-461.900000,-235.600000)
p(3,6,7,8)
t(7,6,8)
</p>

<p>
c(146,93,39)
n(0.700437,0.677089,0.225696)
C(88.866667,-463.966667,-232.500000)
p(3,8,6,9)
t(6,9,8)
</p>

<p>
c(146,93,39)
n(-0.384801,-0.881836,0.272568)
C(91.966667,-466.033333,-228.366667)
p(3,9,10,8)
t(10,9,8)
</p>

<p>
c(146,93,39)
n(0.749424,0.524024,-0.404677)
C(44.950000,-357.275000,-151.125000)
p(4,11,12,7,13)
t(12,11,13)
t(13,7,12)
</p>

<p>
c(146,93,39)
n(0.268784,-0.469045,0.841280)
C(33.325000,-357.275000,-155.775000)
p(4,7,6,14,12)
t(6,7,12)
t(12,14,6)
</p>

<p>
c(146,93,39)
n(-0.947299,-0.290033,-0.136033)
C(26.350000,-362.700000,-148.025000)
p(4,9,6,14,15)
t(6,9,15)
t(15,14,6)
</p>

<p>
c(146,93,39)
n(-0.277263,-0.656048,0.701944)
C(33.325000,-366.575000,-138.725000)
p(4,9,15,16,10)
t(15,9,10)
t(10,16,15)
</p>

<p>
c(146,93,39)
n(-0.782861,-0.260002,0.565268)
C(24.025000,-194.525000,-49.600000)
p(4,17,18,12,11)
t(12,11,17)
t(17,18,12)
</p>

<p>
c(146,93,39)
n(0.330357,-0.447932,0.830796)
C(2.325000,-194.525000,-56.575000)
p(4,19,18,12,14)
t(18,19,14)
t(14,12,18)
</p>

<p>
c(146,93,39)
n(-0.998754,-0.048242,-0.012745)
C(-10.850000,-200.725000,-39.525000)
p(4,14,19,20,15)
t(19,14,15)
t(15,20,19)
</p>

<p>
c(146,93,39)
n(-0.773088,0.372173,-0.513636)
C(24.025000,-200.725000,-28.675000)
p(4,21,17,11,16)
t(11,16,21)
t(21,17,11)
</p>

<p>
c(146,93,39)
n(0.198210,0.059578,0.978347)
C(75.175000,-382.075000,3.875000)
p(4,22,23,24,25)
t(23,22,25)
t(25,24,23)
</p>

<p>
c(146,93,39)
n(-0.472161,-0.426272,0.771593)
C(74.400000,-382.075000,7.750000)
p(4,25,26,27,24)
t(26,25,24)
t(24,27,26)
</p>

<p>
c(146,93,39)
n(-0.835559,-0.547243,-0.048642)
C(78.275000,-379.750000,6.975000)
p(4,23,27,26,22)
t(26,22,23)
t(23,27,26)
</p>

<p>
c(146,93,39)
n(0.285491,0.177751,0.941753)
C(3.100000,-544.050000,37.975000)
p(4,28,29,30,31)
t(29,28,31)
t(31,30,29)
</p>

<p>
c(146,93,39)
n(0.831618,0.213170,-0.512805)
C(1.550000,-544.050000,41.075000)
p(4,32,28,31,33)
t(28,32,33)
t(33,31,28)
</p>

<p>
c(146,93,39)
n(0.000000,1.000000,0.000000)
C(17.566667,-595.200000,44.433333)
p(3,31,30,33)
t(30,31,33)
</p>

<p>
c(146,93,39)
n(-0.784161,0.186346,-0.591918)
C(17.825000,-413.075000,24.800000)
p(4,34,32,29,35)
t(32,34,35)
t(35,29,32)
</p>

<p>
c(146,93,39)
n(0.121997,0.113600,0.986008)
C(13.950000,-412.300000,20.150000)
p(4,29,28,36,35)
t(28,29,35)
t(35,36,28)
</p>

<p>
c(146,93,39)
n(0.545611,0.607967,0.576789)
C(242.833333,-412.300000,-33.066667)
p(3,37,38,39)
t(38,37,39)
</p>

<p>
c(146,93,39)
n(0.512940,0.637289,-0.575114)
C(242.833333,-412.300000,-37.200000)
p(3,37,40,39)
t(40,39,37)
</p>

<p>
c(146,93,39)
n(0.251295,0.385319,0.887908)
C(239.733333,-414.366667,-38.233333)
p(3,40,41,37)
t(41,37,40)
</p>

<p>
c(146,93,39)
n(-0.213517,-0.443458,0.870492)
C(239.733333,-414.366667,-32.033333)
p(3,42,38,37)
t(38,42,37)
</p>

<p>
c(146,93,39)
n(-0.546268,-0.837611,0.000000)
C(237.666667,-415.400000,-35.133333)
p(3,41,42,37)
t(42,41,37)
</p>

<p>
c(146,93,39)
n(-0.128916,0.314629,0.940420)
C(62.000000,-302.250000,6.200000)
p(4,43,44,36,34)
t(36,34,43)
t(43,44,36)
</p>

<p>
c(146,93,39)
n(-0.675260,0.281571,0.681720)
C(5.425000,-423.925000,27.900000)
p(4,36,28,32,34)
t(32,34,36)
t(36,28,32)
</p>

<p>
c(146,93,39)
n(0.272268,-0.233373,0.933492)
C(102.300000,-254.200000,-8.266667)
p(3,44,43,45)
t(43,44,45)
</p>

<p>
c(146,93,39)
n(0.720662,0.481847,0.498468)
C(175.925000,-332.475000,-25.575000)
p(4,46,47,39,38)
t(47,46,38)
t(38,39,47)
</p>

<p>
c(146,93,39)
n(-0.521961,-0.415669,0.744833)
C(174.375000,-331.700000,-34.875000)
p(4,48,47,39,40)
t(47,48,40)
t(40,39,47)
</p>

<p>
c(146,93,39)
n(0.347545,0.248482,0.904140)
C(166.625000,-336.350000,-36.425000)
p(4,41,40,48,49)
t(48,49,41)
t(41,40,48)
</p>

<p>
c(146,93,39)
n(0.755805,0.641595,-0.130823)
C(163.525000,-339.450000,-28.675000)
p(4,49,50,42,41)
t(42,41,49)
t(49,50,42)
</p>

<p>
c(146,93,39)
n(-0.773973,-0.457865,-0.437408)
C(82.150000,-208.475000,0.775000)
p(4,51,52,47,46)
t(47,46,51)
t(51,52,47)
</p>

<p>
c(146,93,39)
n(-0.492740,-0.509830,0.705181)
C(75.950000,-206.925000,-24.025000)
p(4,53,52,47,48)
t(52,53,48)
t(48,47,52)
</p>

<p>
c(146,93,39)
n(0.420349,0.344731,0.839325)
C(51.150000,-213.900000,-26.350000)
p(4,48,53,54,49)
t(54,49,48)
t(48,53,54)
</p>

<p>
c(146,93,39)
n(-0.621264,-0.773975,0.122446)
C(42.625000,-219.325000,-3.875000)
p(4,50,49,54,55)
t(49,50,55)
t(55,54,49)
</p>

<p>
c(146,93,39)
n(-0.208269,0.911779,0.353953)
C(-266.600000,-452.600000,163.525000)
p(4,56,57,58,59)
t(57,56,59)
t(59,58,57)
</p>

<p>
c(146,93,39)
n(0.000000,1.000000,0.000000)
C(-274.350000,-461.900000,182.900000)
p(2,57,56)
</p>

<p>
c(146,93,39)
n(0.832798,-0.239289,0.499188)
C(-246.450000,-428.575000,126.325000)
p(4,58,60,61,62)
t(61,62,58)
t(58,60,61)
</p>

<p>
c(146,93,39)
n(-0.255338,0.686841,0.680480)
C(-241.800000,-423.925000,130.975000)
p(4,59,58,62,63)
t(58,59,63)
t(63,62,58)
</p>

<p>
c(146,93,39)
n(0.944039,-0.147506,0.295012)
C(-265.566667,-451.566667,155.000000)
p(3,57,60,58)
t(60,58,57)
</p>

<p>
c(146,93,39)
n(0.655494,-0.140772,0.741964)
C(-199.175000,-410.750000,82.150000)
p(4,64,65,62,61)
t(62,61,64)
t(64,65,62)
</p>

<p>
c(146,93,39)
n(-0.370264,-0.839047,-0.398629)
C(-192.200000,-404.550000,87.575000)
p(4,63,62,65,66)
t(65,66,63)
t(63,62,65)
</p>

<p>
c(146,93,39)
n(-0.687100,0.725135,0.045528)
C(-243.350000,-430.900000,130.200000)
p(4,60,59,63,61)
t(63,61,60)
t(60,59,63)
</p>

<p>
c(146,93,39)
n(0.655610,-0.093659,-0.749269)
C(-162.233333,-410.233333,55.800000)
p(3,65,64,66)
t(64,65,66)
</p>

<p>
c(146,93,39)
n(-0.472866,0.788110,-0.394055)
C(-342.033333,-708.866667,107.466667)
p(3,67,68,69)
t(68,69,67)
</p>

<p>
c(146,93,39)
n(-0.130435,0.956522,0.260870)
C(-344.100000,-709.900000,104.366667)
p(3,69,67,70)
t(67,69,70)
</p>

<p>
c(146,93,39)
n(0.689246,-0.310160,0.654783)
C(-347.200000,-707.833333,105.400000)
p(3,70,71,67)
t(71,67,70)
</p>

<p>
c(146,93,39)
n(0.199007,0.398015,0.895533)
C(-344.100000,-706.800000,109.533333)
p(3,68,67,72)
t(67,68,72)
</p>

<p>
c(146,93,39)
n(-0.358979,0.861550,0.358979)
C(-347.200000,-705.766667,108.500000)
p(3,71,72,67)
t(72,71,67)
</p>

<p>
c(146,93,39)
n(0.839254,-0.466252,-0.279751)
C(-179.800000,-455.700000,58.900000)
p(3,73,74,75)
t(74,73,75)
</p>

<p>
c(146,93,39)
n(1.000000,0.000000,0.000000)
C(-83.700000,-530.100000,35.650000)
p(2,76,77)
</p>

<p>
c(146,93,39)
n(-0.286416,-0.650945,0.703020)
C(-148.800000,-483.600000,53.733333)
p(3,77,73,75)
t(73,75,77)
</p>

<p>
c(146,93,39)
n(-0.655885,-0.652482,-0.379581)
C(-130.200000,-490.575000,48.050000)
p(4,74,73,77,76)
t(73,74,76)
t(76,77,73)
</p>

<p>
c(146,93,39)
n(-0.822914,0.476247,-0.309840)
C(-248.000000,-572.725000,83.700000)
p(4,78,79,69,68)
t(69,68,78)
t(78,79,69)
</p>

<p>
c(146,93,39)
n(0.067720,0.071860,0.995113)
C(-253.425000,-564.200000,89.900000)
p(4,68,72,80,78)
t(72,68,78)
t(78,80,72)
</p>

<p>
c(146,93,39)
n(-0.804171,0.490639,0.335533)
C(-261.950000,-560.325000,84.475000)
p(4,72,71,81,80)
t(71,72,80)
t(80,81,71)
</p>

<p>
c(146,93,39)
n(-0.412653,0.401600,0.817579)
C(-253.425000,-574.275000,73.625000)
p(4,69,70,82,79)
t(70,69,79)
t(79,82,70)
</p>

<p>
c(146,93,39)
n(0.721397,-0.530067,0.445662)
C(-127.875000,-403.000000,50.375000)
p(4,83,79,78,4)
t(79,83,4)
t(4,78,79)
</p>

<p>
c(146,93,39)
n(-0.307674,0.600035,0.738440)
C(-134.850000,-404.550000,34.875000)
p(4,79,82,84,83)
t(82,79,83)
t(83,84,82)
</p>

<p>
c(146,93,39)
n(-0.583832,0.263924,-0.767779)
C(-147.250000,-392.150000,34.100000)
p(4,81,82,84,85)
t(82,81,85)
t(85,84,82)
</p>

<p>
c(146,93,39)
n(-0.622542,0.741774,0.249425)
C(-147.250000,-383.625000,49.600000)
p(4,85,5,80,81)
t(5,85,81)
t(81,80,5)
</p>

<p>
c(146,93,39)
n(0.018823,0.055250,0.998295)
C(-72.075000,-306.900000,40.300000)
p(4,5,1,0,4)
t(1,5,4)
t(4,0,1)
</p>

<p>
c(146,93,39)
n(0.822869,-0.523907,-0.220017)
C(-83.700000,-303.800000,29.450000)
p(4,86,1,5,85)
t(5,85,86)
t(86,1,5)
</p>

<p>
c(146,93,39)
n(-0.550625,0.406185,0.729264)
C(-64.325000,-313.875000,15.500000)
p(4,87,88,83,84)
t(88,87,84)
t(84,83,88)
</p>

<p>
c(146,93,39)
n(0.517624,-0.238188,0.821785)
C(-79.825000,-307.675000,13.175000)
p(4,84,87,86,85)
t(86,85,84)
t(84,87,86)
</p>

<p>
c(146,93,39)
n(0.799630,-0.470051,0.373690)
C(5.425000,-206.150000,24.800000)
p(4,88,0,89,90)
t(0,88,90)
t(90,89,0)
</p>

<p>
c(146,93,39)
n(-0.541958,0.489411,0.683197)
C(-1.550000,-206.150000,-4.650000)
p(4,88,87,91,90)
t(87,88,90)
t(90,91,87)
</p>

<p>
c(146,93,39)
n(0.503780,0.094211,0.858679)
C(-33.325000,-206.150000,-7.750000)
p(4,91,92,86,87)
t(86,87,91)
t(91,92,86)
</p>

<p>
c(146,93,39)
n(-0.048147,-0.051308,0.997522)
C(-22.475000,-206.150000,41.075000)
p(4,0,1,93,89)
t(1,0,89)
t(89,93,1)
</p>

<p>
c(146,93,39)
n(0.953766,-0.219124,-0.205707)
C(-45.725000,-206.150000,20.925000)
p(4,92,93,1,86)
t(1,86,92)
t(92,93,1)
</p>

<p>
c(146,93,39)
n(0.202081,-0.059233,0.977576)
C(10.850000,-75.950000,47.275000)
p(4,89,93,94,95)
t(93,89,95)
t(95,94,93)
</p>

<p>
c(146,93,39)
n(0.987053,-0.066165,0.146115)
C(44.950000,-75.950000,13.950000)
p(4,90,89,95,96)
t(89,90,96)
t(96,95,89)
</p>

<p>
c(146,93,39)
n(-0.883329,-0.030439,0.467764)
C(-31.775000,-75.950000,26.350000)
p(4,97,94,93,92)
t(94,97,92)
t(92,93,94)
</p>

<p>
c(146,93,39)
n(-0.417058,0.053848,0.907283)
C(22.475000,-75.950000,-27.125000)
p(4,98,96,90,91)
t(96,98,91)
t(91,90,96)
</p>

<p>
c(146,93,39)
n(0.719583,0.045483,0.692915)
C(-24.800000,-75.950000,-20.150000)
p(4,98,97,92,91)
t(92,91,98)
t(98,97,92)
</p>

