v(980.000000,0.000000,-1110.200000)
v(980.000000,-34.300000,-719.600000)
v(490.000000,-34.300000,-719.600000)
v(490.000000,0.000000,-1110.200000)
v(0.000000,0.000000,-1110.200000)
v(0.000000,-34.300000,-719.600000)
v(-490.000000,-34.300000,-719.600000)
v(-490.000000,0.000000,-1110.200000)
v(-980.000000,0.000000,-1110.200000)
v(-980.000000,-34.300000,-719.600000)
v(980.000000,-128.800000,-339.500000)
v(490.000000,-128.800000,-339.500000)
v(0.000000,-128.800000,-339.500000)
v(-490.000000,-128.800000,-339.500000)
v(-980.000000,-128.800000,-339.500000)
v(980.000000,-324.800000,0.000000)
v(490.000000,-324.800000,0.000000)
v(0.000000,-324.800000,0.000000)
v(-490.000000,-324.800000,0.000000)
v(-980.000000,-324.800000,0.000000)
v(980.000000,-547.400000,105.000000)
v(490.000000,-547.400000,105.000000)
v(0.000000,-547.400000,105.000000)
v(-490.000000,-547.400000,105.000000)
v(-980.000000,-547.400000,105.000000)
v(980.000000,-700.000000,105.000000)
v(490.000000,-700.000000,105.000000)
v(0.000000,-700.000000,105.000000)
v(-490.000000,-700.000000,105.000000)
v(-980.000000,-700.000000,105.000000)
v(980.000000,-805.000000,49.000000)
v(490.000000,-805.000000,49.000000)
v(0.000000,-805.000000,49.000000)
v(-490.000000,-805.000000,49.000000)
v(-980.000000,-805.000000,49.000000)
v(980.000000,-805.000000,700.000000)
v(490.000000,-805.000000,700.000000)
v(0.000000,-805.000000,700.000000)
v(-490.000000,-805.000000,700.000000)
v(-980.000000,-805.000000,700.000000)
v(980.000000,-805.000000,1190.000000)
v(490.000000,-805.000000,1190.000000)
v(0.000000,-805.000000,1190.000000)
v(-490.000000,-805.000000,1190.000000)
v(-980.000000,-805.000000,1190.000000)
v(-980.000000,0.000000,-719.600000)
v(-980.000000,0.000000,-339.500000)
v(-980.000000,0.000000,210.000000)
v(-980.000000,-128.800000,210.000000)
v(-980.000000,-44.800000,-339.500000)
v(-980.000000,-273.000000,56.000000)
v(-980.000000,-547.400000,175.000000)
v(-980.000000,-721.000000,168.000000)
v(-980.000000,-128.800000,1190.000000)
v(-980.000000,0.000000,1190.000000)
v(980.000000,0.000000,-719.600000)
v(980.000000,0.000000,-339.500000)
v(980.000000,0.000000,210.000000)
v(980.000000,-128.800000,210.000000)
v(980.000000,-44.800000,-339.500000)
v(980.000000,-273.000000,56.000000)
v(980.000000,-547.400000,175.000000)
v(980.000000,-721.000000,168.000000)
v(980.000000,-128.800000,1190.000000)
v(980.000000,0.000000,1190.000000)
v(-490.000000,0.000000,1190.000000)
v(-490.000000,-128.800000,1190.000000)
v(0.000000,-128.800000,1190.000000)
v(0.000000,0.000000,1190.000000)
v(490.000000,0.000000,1190.000000)
v(490.000000,-128.800000,1190.000000)
v(980.000000,-805.000000,980.000000)
v(980.000000,-122.500000,980.000000)
v(980.000000,-122.500000,1190.000000)
v(-980.000000,-805.000000,980.000000)
v(-980.000000,-122.500000,980.000000)
v(-980.000000,-122.500000,1190.000000)
v(630.000000,-805.000000,1190.000000)
v(630.000000,-122.500000,1190.000000)
v(-630.000000,-805.000000,1190.000000)
v(-630.000000,-122.500000,1190.000000)
v(980.000000,-721.000000,980.000000)
v(-980.000000,-721.000000,980.000000)
v(-630.000000,-721.000000,1190.000000)
v(630.000000,-721.000000,1190.000000)
v(-980.000000,-469.000000,133.000000)
v(-980.000000,-122.500000,476.000000)
v(-980.000000,-122.500000,595.000000)
v(980.000000,-469.000000,133.000000)
v(980.000000,-122.500000,476.000000)
v(980.000000,-122.500000,595.000000)
v(-980.000000,-385.000000,122.500000)
v(-980.000000,-350.000000,28.000000)
v(-980.000000,-721.000000,875.000000)
v(-980.000000,-721.000000,735.000000)
v(980.000000,-385.000000,122.500000)
v(980.000000,-350.000000,28.000000)
v(980.000000,-721.000000,875.000000)
v(980.000000,-721.000000,735.000000)

<p>
c(163,158,147)
n(0.000000,0.996167,0.087477)
p(4,0,1,2,3)
t(1,0,3)
t(3,2,1)
</p>

<p>
c(167,160,146)
n(0.000000,0.996167,0.087477)
p(4,4,5,2,3)
t(2,3,4)
t(4,5,2)
</p>

<p>
c(163,158,147)
n(0.000000,0.996167,0.087477)
p(4,4,5,6,7)
t(5,4,7)
t(7,6,5)
</p>

<p>
c(167,160,146)
n(0.000000,0.996167,0.087477)
p(4,8,9,6,7)
t(6,7,8)
t(8,9,6)
</p>

<p>
c(163,158,147)
n(0.000000,0.970457,0.241274)
p(4,10,1,2,11)
t(2,11,10)
t(10,1,2)
</p>

<p>
c(163,158,147)
n(0.000000,0.970457,0.241274)
p(4,12,5,2,11)
t(5,12,11)
t(11,2,5)
</p>

<p>
c(163,158,147)
n(0.000000,0.970457,0.241274)
p(4,12,5,6,13)
t(6,13,12)
t(12,5,6)
</p>

<p>
c(167,160,146)
n(0.000000,0.970457,0.241274)
p(4,14,9,6,13)
t(9,14,13)
t(13,6,9)
</p>

<p>
c(167,160,146)
n(-0.000000,-0.866037,-0.499980)
p(4,10,15,16,11)
t(16,11,10)
t(10,15,16)
</p>

<p>
c(163,158,147)
n(0.000000,0.866037,0.499980)
p(4,12,17,16,11)
t(16,11,12)
t(12,17,16)
</p>

<p>
c(163,158,147)
n(0.000000,0.866037,0.499980)
p(4,12,17,18,13)
t(17,12,13)
t(13,18,17)
</p>

<p>
c(167,160,146)
n(0.000000,-0.866037,-0.499980)
p(4,14,19,18,13)
t(19,14,13)
t(13,18,19)
</p>

<p>
c(163,158,147)
n(0.000000,-0.426619,-0.904432)
p(4,20,15,16,21)
t(15,20,21)
t(21,16,15)
</p>

<p>
c(163,158,147)
n(0.000000,-0.426619,-0.904432)
p(4,22,17,16,21)
t(16,21,22)
t(22,17,16)
</p>

<p>
c(167,160,146)
n(0.000000,-0.426619,-0.904432)
p(4,22,17,18,23)
t(17,22,23)
t(23,18,17)
</p>

<p>
c(167,160,146)
n(0.000000,-0.426619,-0.904432)
p(4,24,19,18,23)
t(18,23,24)
t(24,19,18)
</p>

<p>
c(163,158,147)
n(0.000000,0.000000,1.000000)
p(4,20,25,26,21)
t(25,20,21)
t(21,26,25)
</p>

<p>
c(163,158,147)
n(0.000000,0.000000,1.000000)
p(4,22,27,26,21)
t(26,21,22)
t(22,27,26)
</p>

<p>
c(167,160,146)
n(0.000000,0.000000,1.000000)
p(4,22,27,28,23)
t(27,22,23)
t(23,28,27)
</p>

<p>
c(167,160,146)
n(0.000000,0.000000,1.000000)
p(4,24,29,28,23)
t(28,23,24)
t(24,29,28)
</p>

<p>
c(163,158,147)
n(0.000000,0.470588,-0.882353)
p(4,30,25,26,31)
t(25,30,31)
t(31,26,25)
</p>

<p>
c(163,158,147)
n(0.000000,0.470588,-0.882353)
p(4,32,27,26,31)
t(26,31,32)
t(32,27,26)
</p>

<p>
c(167,160,146)
n(0.000000,0.470588,-0.882353)
p(4,32,27,28,33)
t(27,32,33)
t(33,28,27)
</p>

<p>
c(167,160,146)
n(0.000000,0.470588,-0.882353)
p(4,34,29,28,33)
t(28,33,34)
t(34,29,28)
</p>

<p>
c(163,158,147)
n(0.000000,1.000000,0.000000)
p(4,30,35,36,31)
t(35,30,31)
t(31,36,35)
</p>

<p>
c(163,158,147)
n(0.000000,1.000000,0.000000)
p(4,32,37,36,31)
t(36,31,32)
t(32,37,36)
</p>

<p>
c(167,160,146)
n(0.000000,1.000000,0.000000)
p(4,32,37,38,33)
t(37,32,33)
t(33,38,37)
</p>

<p>
c(167,160,146)
n(0.000000,1.000000,0.000000)
p(4,34,39,38,33)
t(38,33,34)
t(34,39,38)
</p>

<p>
c(163,158,147)
n(0.000000,1.000000,0.000000)
p(4,40,35,36,41)
t(36,41,40)
t(40,35,36)
</p>

<p>
c(163,158,147)
n(0.000000,1.000000,0.000000)
p(4,42,37,36,41)
t(37,42,41)
t(41,36,37)
</p>

<p>
c(167,160,146)
n(0.000000,1.000000,0.000000)
p(4,42,37,38,43)
t(38,43,42)
t(42,37,38)
</p>

<p>
c(163,158,147)
n(0.000000,1.000000,0.000000)
p(4,44,39,38,43)
t(39,44,43)
t(43,38,39)
</p>

<p>
c(163,158,147)
n(1.000000,0.000000,0.000000)
p(3,8,9,45)
t(9,8,45)
</p>

<p>
c(163,158,147)
n(1.000000,0.000000,0.000000)
p(4,14,46,45,9)
t(46,14,9)
t(9,45,46)
</p>

<p>
c(163,158,147)
n(1.000000,0.000000,0.000000)
p(4,14,46,47,48)
t(47,48,14)
t(14,46,47)
</p>

<p>
c(163,158,147)
n(1.000000,0.000000,0.000000)
p(4,14,49,50,19)
t(50,19,14)
t(14,49,50)
</p>

<p>
c(163,158,147)
n(1.000000,0.000000,0.000000)
p(4,24,51,50,19)
t(51,24,19)
t(19,50,51)
</p>

<p>
c(163,158,147)
n(1.000000,0.000000,0.000000)
p(4,24,51,52,29)
t(52,29,24)
t(24,51,52)
</p>

<p>
c(163,158,147)
n(1.000000,0.000000,0.000000)
p(4,53,54,47,48)
t(54,53,48)
t(48,47,54)
</p>

<p>
c(163,158,147)
n(1.000000,0.000000,0.000000)
p(3,0,1,55)
t(1,0,55)
</p>

<p>
c(163,158,147)
n(1.000000,0.000000,0.000000)
p(4,10,56,55,1)
t(56,10,1)
t(1,55,56)
</p>

<p>
c(163,158,147)
n(1.000000,0.000000,0.000000)
p(4,10,56,57,58)
t(57,58,10)
t(10,56,57)
</p>

<p>
c(163,158,147)
n(1.000000,0.000000,0.000000)
p(4,10,59,60,15)
t(60,15,10)
t(10,59,60)
</p>

<p>
c(163,158,147)
n(1.000000,0.000000,0.000000)
p(4,20,61,60,15)
t(61,20,15)
t(15,60,61)
</p>

<p>
c(163,158,147)
n(1.000000,0.000000,0.000000)
p(4,20,61,62,25)
t(62,25,20)
t(20,61,62)
</p>

<p>
c(163,158,147)
n(1.000000,0.000000,0.000000)
p(4,63,64,57,58)
t(64,63,58)
t(58,57,64)
</p>

<p>
c(163,158,147)
n(0.000000,0.000000,1.000000)
p(4,53,54,65,66)
t(54,53,66)
t(66,65,54)
</p>

<p>
c(163,158,147)
n(0.000000,0.000000,1.000000)
p(4,67,68,65,66)
t(65,66,67)
t(67,68,65)
</p>

<p>
c(163,158,147)
n(0.000000,0.000000,1.000000)
p(4,63,64,69,70)
t(69,70,63)
t(63,64,69)
</p>

<p>
c(163,158,147)
n(0.000000,0.000000,1.000000)
p(4,67,68,69,70)
t(68,67,70)
t(70,69,68)
</p>

<p>
c(163,158,147)
n(1.000000,0.000000,0.000000)
p(4,40,71,72,73)
t(72,73,40)
t(40,71,72)
</p>

<p>
c(163,158,147)
n(1.000000,0.000000,0.000000)
p(4,44,74,75,76)
t(75,76,44)
t(44,74,75)
</p>

<p>
c(163,158,147)
n(0.000000,0.000000,1.000000)
p(4,40,77,78,73)
t(77,40,73)
t(73,78,77)
</p>

<p>
c(163,158,147)
n(0.000000,0.000000,1.000000)
p(4,44,79,80,76)
t(80,76,44)
t(44,79,80)
</p>

<p>
c(163,158,147)
n(1.000000,0.000000,0.000000)
p(5,71,81,62,25,30)
t(81,71,30)
t(30,25,62)
t(62,81,30)
</p>

<p>
c(163,158,147)
n(1.000000,0.000000,0.000000)
p(5,74,82,52,29,34)
t(82,74,34)
t(34,29,52)
t(52,82,34)
</p>

<p>
c(163,158,147)
n(0.000000,0.000000,1.000000)
p(4,79,83,84,77)
t(83,79,77)
t(77,84,83)
</p>

<p>
c(163,158,147)
n(1.000000,0.000000,0.000000)
p(4,51,85,86,87)
t(86,87,51)
t(51,85,86)
</p>

<p>
c(163,158,147)
n(1.000000,0.000000,0.000000)
p(4,61,88,89,90)
t(89,90,61)
t(61,88,89)
</p>

<p>
c(163,158,147)
n(1.000000,0.000000,0.000000)
p(5,91,92,50,93,94)
t(93,94,91)
t(91,92,50)
t(50,93,91)
</p>

<p>
c(163,158,147)
n(1.000000,0.000000,0.000000)
p(5,95,96,60,97,98)
t(97,98,95)
t(95,96,60)
t(60,97,95)
</p>

