v(57.500000,-6.100000,169.580000)
v(38.750000,-6.100000,178.120000)
v(37.500000,-1.220000,181.780000)
v(37.500000,6.100000,184.220000)
v(57.500000,6.100000,175.680000)
v(-57.500000,-6.100000,169.580000)
v(-38.750000,-6.100000,178.120000)
v(-37.500000,-1.220000,181.780000)
v(-37.500000,6.100000,184.220000)
v(-57.500000,6.100000,175.680000)
v(65.000000,6.100000,163.480000)
v(65.000000,-2.440000,161.040000)
v(63.750000,-6.100000,162.260000)
v(-65.000000,6.100000,163.480000)
v(-65.000000,-2.440000,161.040000)
v(-63.750000,-6.100000,162.260000)
v(27.500000,7.320000,185.440000)
v(30.000000,-1.220000,183.000000)
v(0.000000,-1.220000,184.220000)
v(-30.000000,-1.220000,183.000000)
v(-27.500000,7.320000,185.440000)
v(-22.500000,9.760000,186.660000)
v(0.000000,9.760000,186.660000)
v(22.500000,9.760000,186.660000)
v(30.000000,-6.100000,179.340000)
v(27.500000,-6.100000,179.340000)
v(0.000000,-6.100000,180.560000)
v(-27.500000,-6.100000,179.340000)
v(-30.000000,-6.100000,179.340000)
v(-31.250000,0.000000,186.660000)
v(-28.750000,8.540000,190.320000)
v(-23.750000,10.980000,191.540000)
v(0.000000,10.980000,191.540000)
v(23.750000,10.980000,191.540000)
v(28.750000,8.540000,190.320000)
v(31.250000,0.000000,186.660000)
v(36.250000,0.000000,186.660000)
v(-36.250000,0.000000,186.660000)
v(37.500000,8.540000,190.320000)
v(-37.500000,8.540000,190.320000)
v(-37.500000,17.080000,192.760000)
v(0.000000,17.080000,192.760000)
v(37.500000,17.080000,192.760000)
v(66.250000,4.880000,161.040000)
v(57.500000,8.540000,181.780000)
v(65.000000,8.540000,172.020000)
v(67.500000,8.540000,161.040000)
v(71.250000,8.540000,157.380000)
v(71.250000,4.880000,153.720000)
v(-66.250000,4.880000,161.040000)
v(-57.500000,8.540000,181.780000)
v(-65.000000,8.540000,172.020000)
v(-67.500000,8.540000,161.040000)
v(-71.250000,8.540000,157.380000)
v(-71.250000,4.880000,153.720000)
v(57.500000,17.080000,184.220000)
v(-57.500000,17.080000,184.220000)
v(65.000000,17.080000,173.240000)
v(66.250000,17.080000,163.480000)
v(-65.000000,17.080000,173.240000)
v(-66.250000,17.080000,163.480000)
v(57.500000,24.400000,184.220000)
v(61.250000,24.400000,180.560000)
v(61.250000,34.160000,176.900000)
v(57.500000,34.160000,180.560000)
v(57.500000,42.700000,162.260000)
v(67.500000,39.040000,162.260000)
v(71.250000,21.960000,162.260000)
v(72.500000,17.080000,159.820000)
v(-57.500000,24.400000,184.220000)
v(-61.250000,24.400000,180.560000)
v(-61.250000,34.160000,176.900000)
v(-57.500000,34.160000,180.560000)
v(-57.500000,42.700000,162.260000)
v(-67.500000,39.040000,162.260000)
v(-71.250000,21.960000,162.260000)
v(-72.500000,17.080000,159.820000)
v(46.250000,24.400000,189.100000)
v(47.500000,34.160000,185.440000)
v(-46.250000,24.400000,189.100000)
v(-47.500000,34.160000,185.440000)
v(37.500000,34.160000,186.660000)
v(37.500000,26.840000,190.320000)
v(-37.500000,34.160000,186.660000)
v(-37.500000,26.840000,190.320000)
v(-28.750000,34.160000,186.660000)
v(-28.750000,26.840000,190.320000)
v(0.000000,26.840000,191.540000)
v(28.750000,26.840000,190.320000)
v(28.750000,34.160000,186.660000)
v(0.000000,34.160000,187.880000)
v(0.000000,42.700000,163.480000)
v(56.250000,-9.760000,162.260000)
v(58.750000,-17.080000,122.000000)
v(32.500000,-9.760000,170.800000)
v(-56.250000,-9.760000,162.260000)
v(-58.750000,-17.080000,122.000000)
v(-32.500000,-9.760000,170.800000)
v(-66.250000,-7.320000,119.560000)
v(-65.000000,-6.100000,139.080000)
v(66.250000,-7.320000,119.560000)
v(65.000000,-6.100000,139.080000)
v(65.000000,0.000000,154.940000)
v(-65.000000,0.000000,154.940000)
v(72.500000,1.220000,145.180000)
v(72.500000,-1.220000,134.200000)
v(73.750000,0.000000,118.340000)
v(-72.500000,1.220000,145.180000)
v(-72.500000,-1.220000,134.200000)
v(-73.750000,0.000000,118.340000)
v(72.500000,8.540000,153.720000)
v(73.750000,3.660000,142.740000)
v(73.750000,1.220000,131.760000)
v(73.750000,2.440000,118.340000)
v(73.750000,6.100000,107.360000)
v(72.500000,15.860000,98.820000)
v(70.000000,26.840000,96.380000)
v(67.500000,35.380000,95.160000)
v(67.500000,35.380000,87.840000)
v(71.250000,19.520000,90.280000)
v(72.500000,10.980000,95.160000)
v(73.750000,1.220000,106.140000)
v(-72.500000,8.540000,153.720000)
v(-73.750000,3.660000,142.740000)
v(-73.750000,1.220000,131.760000)
v(-73.750000,2.440000,118.340000)
v(-73.750000,6.100000,107.360000)
v(-72.500000,15.860000,98.820000)
v(-70.000000,26.840000,96.380000)
v(-67.500000,35.380000,95.160000)
v(-67.500000,35.380000,87.840000)
v(-71.250000,19.520000,90.280000)
v(-72.500000,10.980000,95.160000)
v(-73.750000,1.220000,106.140000)
v(30.000000,-23.180000,100.040000)
v(28.750000,-19.520000,131.760000)
v(27.500000,-10.980000,173.240000)
v(36.250000,-17.080000,129.320000)
v(37.500000,-23.180000,98.820000)
v(-30.000000,-23.180000,100.040000)
v(-28.750000,-19.520000,131.760000)
v(-27.500000,-10.980000,173.240000)
v(-36.250000,-17.080000,129.320000)
v(-37.500000,-23.180000,98.820000)
v(60.000000,-19.520000,95.160000)
v(58.750000,-23.180000,89.060000)
v(-60.000000,-19.520000,95.160000)
v(-58.750000,-23.180000,89.060000)
v(0.000000,-23.180000,102.480000)
v(67.500000,-9.760000,84.180000)
v(66.250000,-19.520000,84.180000)
v(63.750000,-24.400000,80.520000)
v(58.750000,-24.400000,86.620000)
v(-67.500000,-9.760000,84.180000)
v(-66.250000,-19.520000,84.180000)
v(-63.750000,-24.400000,80.520000)
v(-58.750000,-24.400000,86.620000)
v(67.500000,-2.440000,100.040000)
v(68.750000,6.100000,89.060000)
v(68.750000,7.320000,85.400000)
v(-67.500000,-2.440000,100.040000)
v(-68.750000,6.100000,89.060000)
v(-68.750000,7.320000,85.400000)
v(70.000000,10.980000,85.400000)
v(-70.000000,10.980000,85.400000)
v(70.000000,19.520000,84.180000)
v(-70.000000,19.520000,84.180000)
v(67.500000,35.380000,82.960000)
v(-67.500000,35.380000,82.960000)
v(55.000000,-48.800000,51.240000)
v(52.500000,-53.680000,40.260000)
v(50.000000,-56.120000,43.920000)
v(-55.000000,-48.800000,51.240000)
v(-52.500000,-53.680000,40.260000)
v(-50.000000,-56.120000,43.920000)
v(67.500000,-10.980000,0.000000)
v(65.000000,-17.080000,0.000000)
v(65.000000,-17.080000,6.100000)
v(65.000000,-15.860000,63.440000)
v(65.000000,-15.860000,78.080000)
v(65.000000,-20.740000,78.080000)
v(-67.500000,-10.980000,0.000000)
v(-65.000000,-17.080000,0.000000)
v(-65.000000,-17.080000,6.100000)
v(-65.000000,-15.860000,63.440000)
v(-65.000000,-15.860000,78.080000)
v(-65.000000,-20.740000,78.080000)
v(68.750000,6.100000,1.220000)
v(-68.750000,6.100000,1.220000)
v(70.000000,9.760000,1.220000)
v(-70.000000,9.760000,1.220000)
v(70.000000,18.300000,2.440000)
v(-70.000000,18.300000,2.440000)
v(67.500000,34.160000,2.440000)
v(-67.500000,34.160000,2.440000)
v(67.500000,-12.200000,-74.420000)
v(63.750000,-19.520000,-74.420000)
v(65.000000,-18.300000,-65.880000)
v(65.000000,-17.080000,-34.160000)
v(65.000000,-17.080000,-4.880000)
v(-67.500000,-12.200000,-74.420000)
v(-63.750000,-19.520000,-74.420000)
v(-65.000000,-18.300000,-65.880000)
v(-65.000000,-17.080000,-34.160000)
v(-65.000000,-17.080000,-4.880000)
v(68.750000,6.100000,-50.020000)
v(68.750000,-2.440000,-61.000000)
v(68.750000,-7.320000,-73.200000)
v(-68.750000,6.100000,-50.020000)
v(-68.750000,-2.440000,-61.000000)
v(-68.750000,-7.320000,-73.200000)
v(70.000000,9.760000,-46.360000)
v(70.000000,9.760000,-54.900000)
v(71.250000,2.440000,-64.660000)
v(71.250000,0.000000,-73.200000)
v(-70.000000,9.760000,-46.360000)
v(-70.000000,9.760000,-54.900000)
v(-71.250000,2.440000,-64.660000)
v(-71.250000,0.000000,-73.200000)
v(70.000000,18.300000,-47.580000)
v(-70.000000,18.300000,-47.580000)
v(67.500000,34.160000,-43.920000)
v(-67.500000,34.160000,-43.920000)
v(63.750000,46.360000,93.940000)
v(62.500000,46.360000,87.840000)
v(62.500000,45.140000,-43.920000)
v(-63.750000,46.360000,93.940000)
v(-62.500000,46.360000,87.840000)
v(-62.500000,45.140000,-43.920000)
v(63.750000,45.140000,-50.020000)
v(68.750000,34.160000,-50.020000)
v(71.250000,18.300000,-53.680000)
v(72.500000,9.760000,-62.220000)
v(72.500000,6.100000,-71.980000)
v(-63.750000,45.140000,-50.020000)
v(-68.750000,34.160000,-50.020000)
v(-71.250000,18.300000,-53.680000)
v(-72.500000,9.760000,-62.220000)
v(-72.500000,6.100000,-71.980000)
v(72.500000,4.880000,-84.180000)
v(72.500000,6.100000,-98.820000)
v(71.250000,13.420000,-109.800000)
v(70.000000,8.540000,-112.240000)
v(70.000000,4.880000,-108.580000)
v(71.250000,0.000000,-91.500000)
v(-72.500000,4.880000,-84.180000)
v(-72.500000,6.100000,-98.820000)
v(-71.250000,13.420000,-109.800000)
v(-70.000000,8.540000,-112.240000)
v(-70.000000,4.880000,-108.580000)
v(-71.250000,0.000000,-91.500000)
v(66.250000,3.660000,-118.340000)
v(67.500000,-1.220000,-111.020000)
v(67.500000,-8.540000,-90.280000)
v(-66.250000,3.660000,-118.340000)
v(-67.500000,-1.220000,-111.020000)
v(-67.500000,-8.540000,-90.280000)
v(60.000000,-34.160000,63.440000)
v(56.250000,-46.360000,47.580000)
v(52.500000,-51.240000,35.380000)
v(51.250000,-53.680000,24.400000)
v(51.250000,-54.900000,0.000000)
v(50.000000,-58.560000,-4.880000)
v(50.000000,-57.340000,29.280000)
v(-50.000000,-57.340000,29.280000)
v(-50.000000,-58.560000,-4.880000)
v(-51.250000,-54.900000,0.000000)
v(-51.250000,-53.680000,24.400000)
v(-52.500000,-51.240000,35.380000)
v(-56.250000,-46.360000,47.580000)
v(-60.000000,-34.160000,63.440000)
v(-48.750000,-59.780000,32.940000)
v(-48.750000,-62.220000,-4.880000)
v(-47.500000,-62.220000,-52.460000)
v(-50.000000,-58.560000,-51.240000)
v(-48.750000,-58.560000,-46.360000)
v(48.750000,-59.780000,32.940000)
v(48.750000,-62.220000,-4.880000)
v(47.500000,-62.220000,-52.460000)
v(50.000000,-58.560000,-51.240000)
v(48.750000,-58.560000,-46.360000)
v(51.250000,-54.900000,-8.540000)
v(51.250000,-56.120000,-46.360000)
v(52.500000,-52.460000,-53.680000)
v(56.250000,-40.260000,-62.220000)
v(62.500000,-23.180000,-70.760000)
v(62.500000,-25.620000,-74.420000)
v(56.250000,-41.480000,-67.100000)
v(51.250000,-53.680000,-57.340000)
v(-51.250000,-53.680000,-57.340000)
v(-56.250000,-41.480000,-67.100000)
v(-62.500000,-25.620000,-74.420000)
v(-62.500000,-23.180000,-70.760000)
v(-56.250000,-40.260000,-62.220000)
v(-52.500000,-52.460000,-53.680000)
v(-51.250000,-56.120000,-46.360000)
v(-51.250000,-54.900000,-8.540000)
v(62.500000,-20.740000,-92.720000)
v(52.500000,-52.460000,-69.540000)
v(51.250000,-56.120000,-69.540000)
v(48.750000,-56.120000,-109.800000)
v(50.000000,-53.680000,-115.900000)
v(53.750000,-40.260000,-123.220000)
v(58.750000,-25.620000,-129.320000)
v(60.000000,-20.740000,-128.100000)
v(58.750000,-20.740000,-137.860000)
v(53.750000,-42.700000,-129.320000)
v(45.000000,-61.000000,-119.560000)
v(45.000000,-61.000000,-117.120000)
v(-45.000000,-61.000000,-117.120000)
v(-45.000000,-61.000000,-119.560000)
v(-53.750000,-42.700000,-129.320000)
v(-58.750000,-20.740000,-137.860000)
v(-60.000000,-20.740000,-128.100000)
v(-58.750000,-25.620000,-129.320000)
v(-53.750000,-40.260000,-123.220000)
v(-50.000000,-53.680000,-115.900000)
v(-48.750000,-56.120000,-109.800000)
v(-51.250000,-56.120000,-69.540000)
v(-52.500000,-52.460000,-69.540000)
v(-62.500000,-20.740000,-92.720000)
v(43.750000,-62.220000,-4.880000)
v(45.000000,-61.000000,32.940000)
v(45.000000,-57.340000,42.700000)
v(-45.000000,-57.340000,42.700000)
v(-45.000000,-61.000000,32.940000)
v(-43.750000,-62.220000,-4.880000)
v(43.750000,-61.000000,-115.900000)
v(43.750000,-62.220000,-51.240000)
v(-43.750000,-61.000000,-115.900000)
v(-43.750000,-62.220000,-51.240000)
v(-42.500000,-57.340000,43.920000)
v(-15.000000,-58.560000,46.360000)
v(0.000000,-58.560000,46.360000)
v(15.000000,-58.560000,46.360000)
v(42.500000,-57.340000,43.920000)
v(41.250000,-61.000000,34.160000)
v(41.250000,-62.220000,-4.880000)
v(13.750000,-63.440000,-4.880000)
v(0.000000,-63.440000,-4.880000)
v(-13.750000,-63.440000,-4.880000)
v(-41.250000,-62.220000,-4.880000)
v(-41.250000,-61.000000,34.160000)
v(41.250000,-62.220000,-51.240000)
v(41.250000,-61.000000,-115.900000)
v(13.750000,-62.220000,-114.680000)
v(0.000000,-63.440000,-114.680000)
v(-13.750000,-62.220000,-114.680000)
v(-41.250000,-61.000000,-115.900000)
v(-41.250000,-62.220000,-51.240000)
v(8.750000,-67.100000,17.080000)
v(8.750000,-61.000000,19.520000)
v(-8.750000,-61.000000,19.520000)
v(-8.750000,-67.100000,17.080000)
v(8.750000,-61.000000,12.200000)
v(-8.750000,-61.000000,12.200000)
v(26.250000,-67.100000,17.080000)
v(28.750000,-62.220000,19.520000)
v(30.000000,-62.220000,12.200000)
v(-28.750000,-62.220000,19.520000)
v(-26.250000,-67.100000,17.080000)
v(-30.000000,-62.220000,12.200000)
v(31.250000,-68.320000,19.520000)
v(41.250000,-75.640000,28.060000)
v(35.000000,-65.880000,23.180000)
v(35.000000,-67.100000,15.860000)
v(-31.250000,-68.320000,19.520000)
v(-35.000000,-65.880000,23.180000)
v(-41.250000,-75.640000,28.060000)
v(-35.000000,-67.100000,15.860000)
v(67.500000,-12.200000,-87.840000)
v(65.000000,-13.420000,-131.760000)
v(61.250000,-18.300000,-132.980000)
v(60.000000,-18.300000,-139.080000)
v(-67.500000,-12.200000,-87.840000)
v(-65.000000,-13.420000,-131.760000)
v(-61.250000,-18.300000,-132.980000)
v(-60.000000,-18.300000,-139.080000)
v(-65.000000,-10.980000,-131.760000)
v(-65.000000,-4.880000,-131.760000)
v(-65.000000,0.000000,-131.760000)
v(-65.000000,3.660000,-131.760000)
v(65.000000,-10.980000,-131.760000)
v(65.000000,-4.880000,-131.760000)
v(65.000000,0.000000,-131.760000)
v(65.000000,3.660000,-131.760000)
v(16.250000,-62.220000,-122.000000)
v(50.000000,-20.740000,-140.300000)
v(47.500000,-43.920000,-131.760000)
v(43.750000,-56.120000,-124.440000)
v(17.500000,-56.120000,-124.440000)
v(0.000000,-56.120000,-125.660000)
v(0.000000,-58.560000,-124.440000)
v(11.250000,-58.560000,-124.440000)
v(8.750000,-61.000000,-123.220000)
v(0.000000,-61.000000,-123.220000)
v(0.000000,-63.440000,-123.220000)
v(-16.250000,-62.220000,-122.000000)
v(-50.000000,-20.740000,-140.300000)
v(-47.500000,-43.920000,-131.760000)
v(-43.750000,-56.120000,-124.440000)
v(-17.500000,-56.120000,-124.440000)
v(-11.250000,-58.560000,-124.440000)
v(-8.750000,-61.000000,-123.220000)
v(52.500000,-18.300000,-141.520000)
v(51.250000,-14.640000,-141.520000)
v(21.250000,-14.640000,-145.180000)
v(0.000000,-14.640000,-145.180000)
v(-21.250000,-14.640000,-145.180000)
v(-51.250000,-14.640000,-141.520000)
v(-52.500000,-18.300000,-141.520000)
v(-18.750000,-20.740000,-142.740000)
v(0.000000,-20.740000,-142.740000)
v(18.750000,-20.740000,-142.740000)
v(51.250000,-10.980000,-142.740000)
v(50.000000,-4.880000,-142.740000)
v(48.750000,0.000000,-142.740000)
v(48.750000,3.660000,-142.740000)
v(35.000000,3.660000,-143.960000)
v(35.000000,-7.320000,-143.960000)
v(33.750000,-10.980000,-143.960000)
v(30.000000,-13.420000,-143.960000)
v(21.250000,-13.420000,-145.180000)
v(0.000000,-13.420000,-145.180000)
v(-21.250000,-13.420000,-145.180000)
v(-30.000000,-13.420000,-143.960000)
v(-33.750000,-10.980000,-143.960000)
v(-35.000000,-7.320000,-143.960000)
v(-35.000000,3.660000,-143.960000)
v(-48.750000,3.660000,-142.740000)
v(-48.750000,0.000000,-142.740000)
v(-50.000000,-4.880000,-142.740000)
v(-51.250000,-10.980000,-142.740000)
v(33.750000,-7.320000,-143.960000)
v(27.500000,-7.320000,-143.960000)
v(22.500000,-7.320000,-143.960000)
v(0.000000,-7.320000,-145.180000)
v(-22.500000,-7.320000,-143.960000)
v(-27.500000,-7.320000,-143.960000)
v(-33.750000,-7.320000,-143.960000)
v(22.500000,6.100000,-143.960000)
v(0.000000,6.100000,-145.180000)
v(-22.500000,6.100000,-143.960000)
v(27.500000,8.540000,-143.960000)
v(0.000000,8.540000,-145.180000)
v(-27.500000,8.540000,-143.960000)
v(-33.750000,7.320000,-143.960000)
v(-47.500000,7.320000,-142.740000)
v(47.500000,7.320000,-142.740000)
v(33.750000,7.320000,-143.960000)
v(46.250000,15.860000,-142.740000)
v(23.750000,15.860000,-145.180000)
v(0.000000,15.860000,-145.180000)
v(-23.750000,15.860000,-145.180000)
v(-46.250000,15.860000,-142.740000)
v(60.000000,-10.980000,-139.080000)
v(60.000000,-4.880000,-139.080000)
v(60.000000,0.000000,-139.080000)
v(60.000000,3.660000,-139.080000)
v(-60.000000,-10.980000,-139.080000)
v(-60.000000,-4.880000,-139.080000)
v(-60.000000,0.000000,-139.080000)
v(-60.000000,3.660000,-139.080000)
v(66.250000,8.540000,-139.080000)
v(-66.250000,8.540000,-139.080000)
v(58.750000,26.840000,-145.180000)
v(60.000000,8.540000,-147.620000)
v(71.250000,21.960000,-114.680000)
v(67.500000,34.160000,-117.120000)
v(61.250000,41.480000,-117.120000)
v(58.750000,42.700000,-117.120000)
v(58.750000,39.040000,-128.100000)
v(58.750000,35.380000,-141.520000)
v(-58.750000,26.840000,-145.180000)
v(-60.000000,8.540000,-147.620000)
v(-71.250000,21.960000,-114.680000)
v(-67.500000,34.160000,-117.120000)
v(-61.250000,41.480000,-117.120000)
v(-58.750000,42.700000,-117.120000)
v(-58.750000,39.040000,-128.100000)
v(-58.750000,35.380000,-141.520000)
v(47.500000,8.540000,-151.280000)
v(-47.500000,8.540000,-151.280000)
v(47.500000,17.080000,-151.280000)
v(-47.500000,17.080000,-151.280000)
v(25.000000,17.080000,-153.720000)
v(0.000000,17.080000,-153.720000)
v(-25.000000,17.080000,-153.720000)
v(35.000000,26.840000,-150.060000)
v(0.000000,26.840000,-150.060000)
v(-35.000000,26.840000,-150.060000)
v(0.000000,35.380000,-142.740000)
v(-25.000000,-24.400000,-156.160000)
v(-25.000000,-18.300000,-156.160000)
v(-60.000000,-24.400000,-137.860000)
v(-25.000000,-3.660000,-156.160000)
v(-60.000000,4.880000,-139.080000)
v(-25.000000,-9.760000,-156.160000)
v(10.000000,-39.040000,-163.480000)
v(25.000000,-24.400000,-164.700000)
v(25.000000,-24.400000,-146.400000)
v(10.000000,-39.040000,-146.400000)
v(25.000000,-3.660000,-146.400000)
v(25.000000,-3.660000,-164.700000)
v(10.000000,9.760000,-146.400000)
v(10.000000,9.760000,-164.700000)
v(-10.000000,-39.040000,-163.480000)
v(-10.000000,-39.040000,-146.400000)
v(-25.000000,-24.400000,-146.400000)
v(-25.000000,-24.400000,-164.700000)
v(-25.000000,-3.660000,-146.400000)
v(-25.000000,-3.660000,-164.700000)
v(-10.000000,9.760000,-146.400000)
v(-10.000000,9.760000,-164.700000)
v(0.000000,-39.040000,-146.400000)
v(0.000000,-39.040000,-163.480000)
v(0.000000,9.760000,-164.700000)
v(0.000000,9.760000,-146.400000)
v(-57.500000,47.580000,93.940000)
v(57.500000,47.580000,93.940000)
v(-53.750000,45.140000,-50.020000)
v(53.750000,45.140000,-50.020000)
v(53.750000,42.700000,-115.900000)
v(-53.750000,42.700000,-115.900000)

<p>
c(224,224,224)
light()
outline()
n(-0.381957,0.395229,-0.835406)
p(5,0,1,2,3,4)
t(3,4,0)
t(0,1,2)
t(2,3,0)
</p>

<p>
c(224,224,224)
light()
outline()
n(0.381957,0.395229,-0.835406)
p(5,5,6,7,8,9)
t(6,5,9)
t(9,8,7)
t(7,6,9)
</p>

<p>
c(224,224,224)
light()
outline()
n(0.806117,-0.207725,0.554099)
p(5,0,4,10,11,12)
t(4,0,12)
t(12,11,10)
t(10,4,12)
</p>

<p>
c(224,224,224)
light()
outline()
n(0.806117,0.207725,-0.554099)
p(5,5,9,13,14,15)
t(9,5,15)
t(15,14,13)
t(13,9,15)
</p>

<p>
c(25,25,25)
outline()
n(0.000000,0.275366,-0.961340)
p(8,16,17,18,19,20,21,22,23)
t(22,23,16)
t(16,17,18)
t(18,19,20)
t(20,21,22)
t(22,16,18)
t(18,20,22)
</p>

<p>
c(247,201,49)
outline()
n(0.000000,0.628254,-0.778008)
p(8,24,25,26,27,28,19,18,17)
t(18,17,24)
t(24,25,26)
t(26,27,28)
t(28,19,18)
t(18,24,26)
t(26,28,18)
</p>

<p>
c(247,201,49)
outline()
n(0.119642,-0.585928,0.801483)
p(4,2,1,24,17)
t(1,2,17)
t(17,24,1)
</p>

<p>
c(247,201,49)
outline()
n(-0.119642,-0.585928,0.801483)
p(4,7,6,28,19)
t(28,19,7)
t(7,6,28)
</p>

<p>
c(224,224,66)
outline()
n(0.000000,0.462210,-0.886770)
p(14,29,30,31,32,33,34,35,17,16,23,22,21,20,19)
t(20,19,29)
t(29,30,31)
t(32,33,34)
t(34,35,17)
t(20,29,31)
t(31,32,34)
t(34,17,16)
t(21,20,31)
t(34,16,23)
t(22,21,31)
t(31,34,23)
t(23,22,31)
</p>

<p>
c(224,224,66)
outline()
n(-0.030608,0.961902,-0.271675)
p(4,17,35,36,2)
t(36,2,17)
t(17,35,36)
</p>

<p>
c(224,224,66)
outline()
n(-0.030608,-0.961902,0.271675)
p(4,19,29,37,7)
t(37,7,19)
t(19,29,37)
</p>

<p>
c(224,224,66)
outline()
n(-0.000000,-0.349164,0.937062)
p(14,38,36,35,34,33,32,31,30,29,37,39,40,41,42)
t(36,38,42)
t(41,40,39)
t(39,37,29)
t(34,35,36)
t(39,29,30)
t(34,36,42)
t(39,30,31)
t(33,34,42)
t(41,39,31)
t(32,33,42)
t(42,41,31)
t(31,32,42)
</p>

<p>
c(224,224,66)
outline()
n(-0.409329,0.829968,-0.378950)
p(12,43,10,4,3,2,36,38,44,45,46,47,48)
t(47,48,43)
t(3,2,36)
t(38,44,45)
t(46,47,43)
t(3,36,38)
t(45,46,43)
t(4,3,38)
t(45,43,10)
t(4,38,45)
t(45,10,4)
</p>

<p>
c(224,224,66)
outline()
n(0.409329,0.829968,-0.378950)
p(12,49,13,9,8,7,37,39,50,51,52,53,54)
t(13,49,54)
t(54,53,52)
t(52,51,50)
t(39,37,7)
t(13,54,52)
t(39,7,8)
t(9,13,52)
t(50,39,8)
t(9,52,50)
t(50,8,9)
</p>

<p>
c(224,224,66)
outline()
n(-0.379805,0.254135,-0.889474)
p(4,38,42,55,44)
t(55,44,38)
t(38,42,55)
</p>

<p>
c(224,224,66)
outline()
n(-0.379805,-0.254135,0.889474)
p(4,39,40,56,50)
t(56,50,39)
t(39,40,56)
</p>

<p>
c(224,224,66)
outline()
n(-0.898066,0.037972,-0.438218)
p(7,44,55,57,58,47,46,45)
t(45,44,55)
t(55,57,58)
t(58,47,46)
t(46,45,55)
t(55,58,46)
</p>

<p>
c(224,224,66)
outline()
n(0.898066,0.037972,-0.438218)
p(7,50,56,59,60,53,52,51)
t(56,50,51)
t(51,52,53)
t(53,60,59)
t(59,56,51)
t(51,53,59)
</p>

<p>
c(224,224,66)
outline()
n(0.869429,0.252433,0.424700)
p(11,55,61,62,63,64,65,66,67,68,58,57)
t(61,55,57)
t(58,68,67)
t(67,66,65)
t(65,64,63)
t(62,61,57)
t(57,58,67)
t(67,65,63)
t(63,62,57)
t(57,67,63)
</p>

<p>
c(224,224,66)
outline()
n(0.869429,-0.252433,-0.424700)
p(11,56,69,70,71,72,73,74,75,76,60,59)
t(69,56,59)
t(60,76,75)
t(75,74,73)
t(73,72,71)
t(70,69,59)
t(59,60,75)
t(75,73,71)
t(71,70,59)
t(59,75,71)
</p>

<p>
c(225,225,225)
light()
outline()
n(-0.471804,-0.295276,-0.830790)
p(6,61,77,78,64,63,62)
t(63,62,61)
t(61,77,78)
t(64,63,61)
t(61,78,64)
</p>

<p>
c(225,225,225)
light()
outline()
n(0.471804,-0.295276,-0.830790)
p(6,69,79,80,72,71,70)
t(79,69,70)
t(70,71,72)
t(72,80,79)
t(79,70,72)
</p>

<p>
c(224,224,66)
outline()
n(0.322775,0.237007,0.916321)
p(7,81,78,77,61,55,42,82)
t(78,81,82)
t(82,42,55)
t(55,61,77)
t(77,78,82)
t(82,55,77)
</p>

<p>
c(224,224,66)
outline()
n(-0.322775,0.237007,0.916321)
p(7,83,80,79,69,56,40,84)
t(40,84,83)
t(83,80,79)
t(79,69,56)
t(40,83,79)
t(79,56,40)
</p>

<p>
c(224,224,66)
outline()
n(0.000000,-0.339557,-0.940585)
p(12,82,42,41,40,84,83,85,86,87,88,89,81)
t(89,81,82)
t(82,42,41)
t(41,40,84)
t(84,83,85)
t(88,89,82)
t(84,85,86)
t(87,88,82)
t(41,84,86)
t(87,82,41)
t(41,86,87)
</p>

<p>
c(25,25,25)
outline()
n(0.000000,-0.454350,-0.890823)
p(6,88,87,86,85,90,89)
t(90,89,88)
t(88,87,86)
t(86,85,90)
t(90,88,86)
</p>

<p>
c(224,224,66)
outline()
n(-0.000000,0.940057,0.341018)
p(12,78,81,89,90,85,83,80,72,73,91,65,64)
t(81,78,64)
t(64,65,91)
t(91,73,72)
t(72,80,83)
t(85,90,89)
t(89,81,64)
t(64,91,72)
t(72,83,85)
t(85,89,64)
t(64,72,85)
</p>

<p>
c(224,224,66)
outline()
n(0.083611,-0.971731,0.220791)
p(6,1,0,92,93,94,24)
t(0,1,24)
t(24,94,93)
t(92,0,24)
t(24,93,92)
</p>

<p>
c(224,224,66)
outline()
n(-0.083611,-0.971731,0.220791)
p(6,6,5,95,96,97,28)
t(97,28,6)
t(6,5,95)
t(95,96,97)
t(97,6,95)
</p>

<p>
c(224,224,66)
outline()
n(0.705787,0.695563,-0.134375)
p(6,96,98,99,15,5,95)
t(5,95,96)
t(96,98,99)
t(99,15,5)
t(5,96,99)
</p>

<p>
c(224,224,66)
outline()
n(-0.705787,0.695563,-0.134375)
p(6,93,100,101,12,0,92)
t(100,93,92)
t(92,0,12)
t(12,101,100)
t(100,92,12)
</p>

<p>
c(224,224,66)
outline()
n(-0.989201,0.139515,-0.044917)
p(6,12,11,10,43,102,101)
t(102,101,12)
t(11,10,43)
t(102,12,11)
t(11,43,102)
</p>

<p>
c(224,224,66)
outline()
n(-0.989201,-0.139515,0.044917)
p(6,15,14,13,49,103,99)
t(103,99,15)
t(14,13,49)
t(103,15,14)
t(14,49,103)
</p>

<p>
c(224,224,66)
outline()
n(-0.655358,0.731435,-0.188435)
p(8,48,104,105,106,100,101,102,43)
t(102,43,48)
t(105,106,100)
t(100,101,102)
t(102,48,104)
t(104,105,100)
t(100,102,104)
</p>

<p>
c(224,224,66)
outline()
n(0.655358,0.731435,-0.188435)
p(8,54,107,108,109,98,99,103,49)
t(107,54,49)
t(49,103,99)
t(99,98,109)
t(108,107,49)
t(99,109,108)
t(108,49,99)
</p>

<p>
c(224,224,66)
outline()
n(-0.980848,-0.192338,-0.030724)
p(19,48,47,58,68,110,111,112,113,114,115,116,117,118,119,120,121,106,105,104)
t(105,104,48)
t(48,47,58)
t(58,68,110)
t(116,117,118)
t(118,119,120)
t(120,121,106)
t(48,58,110)
t(115,116,118)
t(105,48,110)
t(115,118,120)
t(105,110,111)
t(114,115,120)
t(105,111,112)
t(114,120,106)
t(106,105,112)
t(113,114,106)
t(106,112,113)
</p>

<p>
c(224,224,66)
outline()
n(-0.980848,0.192338,0.030724)
p(19,54,53,60,76,122,123,124,125,126,127,128,129,130,131,132,133,109,108,107)
t(108,107,54)
t(54,53,60)
t(60,76,122)
t(128,129,130)
t(130,131,132)
t(132,133,109)
t(54,60,122)
t(127,128,130)
t(108,54,122)
t(127,130,132)
t(108,122,123)
t(126,127,132)
t(108,123,124)
t(126,132,109)
t(109,108,124)
t(125,126,109)
t(109,124,125)
</p>

<p>
c(247,201,49)
outline()
n(0.210842,-0.955457,0.206513)
p(8,134,135,136,25,24,94,137,138)
t(135,134,138)
t(138,137,94)
t(94,24,25)
t(25,136,135)
t(135,138,94)
t(94,25,135)
</p>

<p>
c(247,201,49)
outline()
n(-0.210842,-0.955457,0.206513)
p(8,139,140,141,27,28,97,142,143)
t(142,143,139)
t(139,140,141)
t(141,27,28)
t(28,97,142)
t(142,139,141)
t(141,28,142)
</p>

<p>
c(247,201,49)
outline()
n(0.106598,-0.977239,0.183416)
p(6,94,93,144,145,138,137)
t(93,94,137)
t(137,138,145)
t(145,144,93)
t(93,137,145)
</p>

<p>
c(247,201,49)
outline()
n(-0.106598,-0.977239,0.183416)
p(6,97,96,146,147,143,142)
t(142,97,96)
t(96,146,147)
t(147,143,142)
t(142,96,147)
</p>

<p>
c(247,201,49)
outline()
n(-0.000000,-0.979261,0.202603)
p(10,134,148,139,140,141,27,26,25,136,135)
t(148,134,135)
t(136,25,26)
t(26,27,141)
t(140,139,148)
t(148,135,136)
t(136,26,141)
t(141,140,148)
t(148,136,141)
</p>

<p>
c(247,201,49)
outline()
n(-0.830996,0.537423,-0.143604)
p(8,145,144,93,100,149,150,151,152)
t(151,152,145)
t(144,93,100)
t(100,149,150)
t(150,151,145)
t(144,100,150)
t(150,145,144)
</p>

<p>
c(247,201,49)
outline()
n(-0.830996,-0.537423,0.143604)
p(8,147,146,96,98,153,154,155,156)
t(155,156,147)
t(146,96,98)
t(98,153,154)
t(154,155,147)
t(146,98,154)
t(154,147,146)
</p>

<p>
c(247,201,49)
outline()
n(0.995750,-0.082836,0.040254)
p(5,157,158,159,149,100)
t(157,100,149)
t(149,159,158)
t(158,157,149)
</p>

<p>
c(247,201,49)
outline()
n(-0.995750,-0.082836,0.040254)
p(5,160,161,162,153,98)
t(153,98,160)
t(160,161,162)
t(162,153,160)
</p>

<p>
c(247,201,49)
outline()
n(-0.787515,0.564767,0.246697)
p(8,100,106,121,120,163,159,158,157)
t(158,157,100)
t(100,106,121)
t(121,120,163)
t(163,159,158)
t(158,100,121)
t(121,163,158)
</p>

<p>
c(247,201,49)
outline()
n(-0.787515,-0.564767,-0.246697)
p(8,98,109,133,132,164,162,161,160)
t(161,160,98)
t(98,109,133)
t(133,132,164)
t(164,162,161)
t(161,98,133)
t(133,164,161)
</p>

<p>
c(247,201,49)
outline()
n(-0.971891,0.012836,0.235082)
p(4,163,120,119,165)
t(119,165,163)
t(163,120,119)
</p>

<p>
c(247,201,49)
outline()
n(-0.971891,-0.012836,-0.235082)
p(4,164,132,131,166)
t(131,166,164)
t(164,132,131)
</p>

<p>
c(247,201,49)
outline()
n(-0.976250,-0.178376,0.122957)
p(4,118,167,165,119)
t(165,119,118)
t(118,167,165)
</p>

<p>
c(247,201,49)
outline()
n(0.976250,-0.178376,0.122957)
p(4,130,168,166,131)
t(168,130,131)
t(131,166,168)
</p>

<p>
c(247,201,49)
outline()
n(0.611469,-0.697809,0.373054)
p(5,151,169,170,171,152)
t(169,151,152)
t(171,170,169)
t(169,152,171)
</p>

<p>
c(247,201,49)
outline()
n(-0.611469,-0.697809,0.373054)
p(5,155,172,173,174,156)
t(174,156,155)
t(172,173,174)
t(174,155,172)
</p>

<p>
c(247,201,49)
outline()
n(-0.971665,0.236318,0.004618)
p(8,150,149,175,176,177,178,179,180)
t(179,180,150)
t(149,175,176)
t(176,177,178)
t(179,150,149)
t(149,176,178)
t(178,179,149)
</p>

<p>
c(247,201,49)
outline()
n(-0.971665,-0.236318,-0.004618)
p(8,154,153,181,182,183,184,185,186)
t(185,186,154)
t(153,181,182)
t(182,183,184)
t(185,154,153)
t(153,182,184)
t(184,185,153)
</p>

<p>
c(247,201,49)
outline()
n(-0.997327,0.073065,-0.001059)
p(4,159,187,175,149)
t(175,149,159)
t(159,187,175)
</p>

<p>
c(247,201,49)
outline()
n(-0.997327,-0.073065,0.001059)
p(4,162,188,181,153)
t(181,153,162)
t(162,188,181)
</p>

<p>
c(247,201,49)
outline()
n(0.946320,-0.323197,0.004684)
p(4,163,189,187,159)
t(189,163,159)
t(159,187,189)
</p>

<p>
c(247,201,49)
outline()
n(0.946320,0.323197,-0.004684)
p(4,164,190,188,162)
t(190,164,162)
t(162,188,190)
</p>

<p>
c(247,201,49)
outline()
n(1.000000,0.000000,0.000000)
p(4,189,163,165,191)
t(163,189,191)
t(191,165,163)
</p>

<p>
c(247,201,49)
outline()
n(1.000000,0.000000,0.000000)
p(4,190,164,166,192)
t(164,190,192)
t(192,166,164)
</p>

<p>
c(247,201,49)
outline()
n(0.987814,0.155618,-0.002340)
p(4,167,193,191,165)
t(193,167,165)
t(165,191,193)
</p>

<p>
c(247,201,49)
outline()
n(0.987814,-0.155618,0.002340)
p(4,168,194,192,166)
t(194,168,166)
t(166,192,194)
</p>

<p>
c(247,201,49)
outline()
n(-0.911807,0.410602,-0.003816)
p(7,175,195,196,197,198,199,176)
t(199,176,175)
t(195,196,197)
t(198,199,175)
t(175,195,197)
t(197,198,175)
</p>

<p>
c(247,201,49)
outline()
n(0.911807,0.410602,-0.003816)
p(7,181,200,201,202,203,204,182)
t(200,181,182)
t(202,201,200)
t(200,182,204)
t(203,202,200)
t(200,204,203)
</p>

<p>
c(247,201,49)
outline()
n(-0.997536,0.069812,-0.006991)
p(6,175,187,205,206,207,195)
t(207,195,175)
t(175,187,205)
t(206,207,175)
t(175,205,206)
</p>

<p>
c(247,201,49)
outline()
n(-0.997536,-0.069812,0.006991)
p(6,181,188,208,209,210,200)
t(210,200,181)
t(181,188,208)
t(209,210,181)
t(181,208,209)
</p>

<p>
c(247,201,49)
outline()
n(0.995187,-0.095616,0.021454)
p(9,187,189,211,212,213,214,207,206,205)
t(189,187,205)
t(205,206,207)
t(207,214,213)
t(213,212,211)
t(211,189,205)
t(205,207,213)
t(213,211,205)
</p>

<p>
c(247,201,49)
outline()
n(-0.995187,-0.095616,0.021454)
p(9,188,190,215,216,217,218,210,209,208)
t(208,188,190)
t(190,215,216)
t(217,218,210)
t(210,209,208)
t(208,190,216)
t(216,217,210)
t(210,208,216)
</p>

<p>
c(247,201,49)
outline()
n(1.000000,0.000000,0.000000)
p(5,211,189,191,219,212)
t(211,212,219)
t(219,191,189)
t(189,211,219)
</p>

<p>
c(247,201,49)
outline()
n(1.000000,0.000000,0.000000)
p(5,215,190,192,220,216)
t(215,216,220)
t(220,192,190)
t(190,215,220)
</p>

<p>
c(247,201,49)
outline()
n(-0.987803,-0.155707,0.000000)
p(4,219,191,193,221)
t(193,221,219)
t(219,191,193)
</p>

<p>
c(247,201,49)
outline()
n(-0.987803,0.155707,-0.000000)
p(4,220,192,194,222)
t(194,222,220)
t(220,192,194)
</p>

<p>
c(224,224,66)
outline()
n(-0.923157,-0.384381,0.005756)
p(8,117,223,224,225,221,193,167,118)
t(118,117,223)
t(223,224,225)
t(225,221,193)
t(167,118,223)
t(223,225,193)
t(193,167,223)
</p>

<p>
c(224,224,66)
outline()
n(-0.923157,0.384381,-0.005756)
p(8,129,226,227,228,222,194,168,130)
t(168,130,129)
t(129,226,227)
t(227,228,222)
t(222,194,168)
t(168,129,227)
t(227,222,168)
</p>

<p>
c(224,224,66)
outline()
n(-0.976836,-0.207194,0.053504)
p(11,213,212,219,221,225,229,230,231,232,233,214)
t(233,214,213)
t(213,212,219)
t(219,221,225)
t(225,229,230)
t(232,233,213)
t(219,225,230)
t(231,232,213)
t(219,230,231)
t(231,213,219)
</p>

<p>
c(224,224,66)
outline()
n(0.976836,-0.207194,0.053504)
p(11,217,216,220,222,228,234,235,236,237,238,218)
t(216,217,218)
t(218,238,237)
t(235,234,228)
t(228,222,220)
t(220,216,218)
t(236,235,228)
t(220,218,237)
t(236,228,220)
t(220,237,236)
</p>

<p>
c(224,224,66)
outline()
n(-0.991476,0.116169,0.058991)
p(8,214,233,239,240,241,242,243,244)
t(243,244,214)
t(214,233,239)
t(240,241,242)
t(242,243,214)
t(214,239,240)
t(240,242,214)
</p>

<p>
c(224,224,66)
outline()
n(0.991476,0.116169,0.058991)
p(8,218,238,245,246,247,248,249,250)
t(238,218,250)
t(250,249,248)
t(248,247,246)
t(245,238,250)
t(250,248,246)
t(246,245,250)
</p>

<p>
c(247,201,49)
outline()
n(-0.942808,0.314509,0.110439)
p(7,214,244,243,251,252,253,207)
t(253,207,214)
t(244,243,251)
t(251,252,253)
t(253,214,244)
t(244,251,253)
</p>

<p>
c(247,201,49)
outline()
n(0.942808,0.314509,0.110439)
p(7,218,250,249,254,255,256,210)
t(250,218,210)
t(210,256,255)
t(255,254,249)
t(249,250,210)
t(210,255,249)
</p>

<p>
c(247,201,49)
outline()
n(-0.937972,0.346102,0.020551)
p(14,150,180,257,258,259,260,261,177,176,262,263,170,169,151)
t(169,151,150)
t(150,180,257)
t(261,177,176)
t(262,263,170)
t(170,169,150)
t(150,257,258)
t(261,176,262)
t(170,150,258)
t(260,261,262)
t(170,258,259)
t(260,262,170)
t(170,259,260)
</p>

<p>
c(247,201,49)
outline()
n(0.937972,0.346102,0.020551)
p(14,154,155,172,173,264,265,182,183,266,267,268,269,270,186)
t(270,186,154)
t(154,155,172)
t(172,173,264)
t(265,182,183)
t(269,270,154)
t(265,183,266)
t(269,154,172)
t(264,265,266)
t(268,269,172)
t(264,266,267)
t(267,268,172)
t(172,264,267)
</p>

<p>
c(247,201,49)
outline()
n(0.902908,0.429833,0.000468)
p(9,271,272,273,274,275,265,264,173,174)
t(173,174,271)
t(271,272,273)
t(273,274,275)
t(264,173,271)
t(271,273,275)
t(265,264,271)
t(271,275,265)
</p>

<p>
c(247,201,49)
outline()
n(-0.902908,0.429833,0.000468)
p(9,276,277,278,279,280,262,263,170,171)
t(277,276,171)
t(171,170,263)
t(280,279,278)
t(277,171,263)
t(262,280,278)
t(278,277,263)
t(263,262,278)
</p>

<p>
c(247,201,49)
outline()
n(-0.938374,0.345621,0.000277)
p(15,262,176,199,281,282,283,284,285,197,196,286,287,288,279,280)
t(279,280,262)
t(262,176,199)
t(285,197,196)
t(196,286,287)
t(287,288,279)
t(262,199,281)
t(284,285,196)
t(279,262,281)
t(284,196,287)
t(279,281,282)
t(283,284,287)
t(279,282,283)
t(283,287,279)
</p>

<p>
c(247,201,49)
outline()
n(-0.938374,-0.345621,-0.000277)
p(15,265,275,274,289,290,291,201,202,292,293,294,295,296,204,182)
t(265,182,204)
t(292,202,201)
t(201,291,290)
t(290,289,274)
t(274,275,265)
t(265,204,296)
t(293,292,201)
t(274,265,296)
t(293,201,290)
t(274,296,295)
t(294,293,290)
t(274,295,294)
t(294,290,274)
</p>

<p>
c(247,201,49)
outline()
n(-0.933716,0.354631,0.049099)
p(18,196,297,298,299,300,301,302,303,304,305,306,307,308,278,279,288,287,286)
t(286,196,297)
t(303,304,305)
t(305,306,307)
t(308,278,279)
t(287,286,297)
t(302,303,305)
t(305,307,308)
t(288,287,297)
t(301,302,305)
t(288,297,298)
t(301,305,308)
t(279,288,298)
t(300,301,308)
t(279,298,299)
t(299,300,308)
t(308,279,299)
</p>

<p>
c(247,201,49)
outline()
n(-0.933716,-0.354631,-0.049099)
p(18,201,291,290,289,274,273,309,310,311,312,313,314,315,316,317,318,319,320)
t(291,201,320)
t(314,313,312)
t(312,311,310)
t(309,273,274)
t(290,291,320)
t(315,314,312)
t(312,310,309)
t(289,290,320)
t(316,315,312)
t(289,320,319)
t(316,312,309)
t(274,289,319)
t(317,316,309)
t(274,319,318)
t(318,317,309)
t(309,274,318)
</p>

<p>
c(247,201,49)
outline()
n(0.236519,-0.967646,0.087866)
p(6,171,276,277,321,322,323)
t(276,171,323)
t(323,322,321)
t(321,277,276)
t(276,323,321)
</p>

<p>
c(247,201,49)
outline()
n(-0.236519,-0.967646,0.087866)
p(6,174,324,325,326,272,271)
t(324,174,271)
t(271,272,326)
t(326,325,324)
t(324,271,326)
</p>

<p>
c(247,201,49)
outline()
n(0.007276,0.999910,0.011287)
p(6,327,328,321,277,278,308)
t(278,308,327)
t(328,321,277)
t(277,278,327)
t(327,328,277)
</p>

<p>
c(247,201,49)
outline()
n(-0.007276,0.999910,0.011287)
p(6,329,309,273,272,326,330)
t(330,329,309)
t(309,273,272)
t(272,326,330)
t(330,309,272)
</p>

<p>
c(247,201,49)
outline()
n(-0.000000,0.995960,-0.089799)
p(12,331,332,333,334,335,336,337,338,339,340,341,342)
t(342,331,332)
t(333,334,335)
t(336,337,338)
t(339,340,341)
t(341,342,332)
t(332,333,335)
t(335,336,338)
t(338,339,341)
t(341,332,335)
t(335,338,341)
</p>

<p>
c(247,201,49)
outline()
n(-0.000000,-0.999962,-0.008774)
p(12,343,344,345,346,347,348,349,341,340,339,338,337)
t(343,337,338)
t(339,340,341)
t(349,348,347)
t(345,344,343)
t(343,338,339)
t(339,341,349)
t(349,347,346)
t(346,345,343)
t(343,339,349)
t(349,346,343)
</p>

<p>
c(45,45,45)
outline()
n(-0.832215,0.554446,-0.002786)
p(10,335,323,322,321,328,327,344,343,337,336)
t(336,335,323)
t(328,327,344)
t(344,343,337)
t(336,323,322)
t(321,328,344)
t(344,337,336)
t(336,322,321)
t(321,344,336)
</p>

<p>
c(45,45,45)
outline()
n(0.832215,0.554446,-0.002786)
p(10,331,342,341,349,348,329,330,326,325,324)
t(325,324,331)
t(342,341,349)
t(349,348,329)
t(325,331,342)
t(349,329,330)
t(326,325,342)
t(342,349,330)
t(330,326,342)
</p>

<p>
c(128,118,56)
outline()
n(0.000000,0.371391,-0.928477)
p(4,350,351,352,353)
t(351,350,353)
t(353,352,351)
</p>

<p>
c(128,118,56)
outline()
n(0.000000,-0.624695,-0.780869)
p(4,354,350,353,355)
t(353,355,354)
t(354,350,353)
</p>

<p>
c(180,180,180)
outline()
n(-0.013907,-0.400469,0.916205)
p(4,351,350,356,357)
t(356,357,351)
t(351,350,356)
</p>

<p>
c(180,180,180)
outline()
n(-0.022611,-0.657807,-0.752847)
p(4,354,358,356,350)
t(356,350,354)
t(354,358,356)
</p>

<p>
c(180,180,180)
outline()
n(0.013907,-0.400469,0.916205)
p(4,352,359,360,353)
t(360,353,352)
t(352,359,360)
</p>

<p>
c(180,180,180)
outline()
n(0.022611,-0.657807,-0.752847)
p(4,355,353,360,361)
t(360,361,355)
t(355,353,360)
</p>

<p>
c(180,180,180)
outline()
n(0.611551,0.059468,-0.788967)
p(5,362,363,364,357,356)
t(362,356,357)
t(357,364,363)
t(363,362,357)
</p>

<p>
c(180,180,180)
outline()
n(0.038953,0.789458,0.612568)
p(5,362,356,358,365,363)
t(362,363,365)
t(365,358,356)
t(356,362,365)
</p>

<p>
c(180,180,180)
outline()
n(0.727186,0.685458,0.036716)
p(5,363,365,358,357,364)
t(357,364,363)
t(363,365,358)
t(358,357,363)
</p>

<p>
c(180,180,180)
outline()
n(-0.611551,0.059468,-0.788967)
p(5,366,360,359,367,368)
t(366,368,367)
t(367,359,360)
t(360,366,367)
</p>

<p>
c(180,180,180)
outline()
n(-0.038953,0.789458,0.612568)
p(5,366,368,369,361,360)
t(366,360,361)
t(361,369,368)
t(368,366,361)
</p>

<p>
c(180,180,180)
outline()
n(-0.727186,0.685458,0.036716)
p(5,368,367,359,361,369)
t(361,369,368)
t(368,367,359)
t(359,361,368)
</p>

<p>
c(247,201,49)
outline()
n(-0.847118,0.529193,0.048437)
p(9,196,195,370,371,372,373,305,304,297)
t(304,297,196)
t(196,195,370)
t(370,371,372)
t(372,373,305)
t(304,196,370)
t(370,372,305)
t(305,304,370)
</p>

<p>
c(247,201,49)
outline()
n(0.847118,0.529193,0.048437)
p(9,201,200,374,375,376,377,312,313,320)
t(200,201,320)
t(313,312,377)
t(376,375,374)
t(374,200,320)
t(320,313,377)
t(376,374,320)
t(320,377,376)
</p>

<p>
c(247,201,49)
outline()
n(0.997562,0.037996,0.058534)
p(11,210,200,374,375,378,379,380,381,254,255,256)
t(256,210,200)
t(374,375,378)
t(379,380,381)
t(381,254,255)
t(256,200,374)
t(374,378,379)
t(379,381,255)
t(255,256,374)
t(374,379,255)
</p>

<p>
c(247,201,49)
outline()
n(-0.997562,0.037996,0.058534)
p(11,207,195,370,371,382,383,384,385,251,252,253)
t(195,207,253)
t(252,251,385)
t(385,384,383)
t(382,371,370)
t(370,195,253)
t(253,252,385)
t(385,383,382)
t(382,370,253)
t(253,385,382)
</p>

<p>
c(247,201,49)
outline()
n(-0.047479,0.424921,0.903984)
p(14,386,307,306,305,387,388,389,390,391,392,393,394,395,396)
t(395,396,386)
t(307,306,305)
t(305,387,388)
t(390,391,392)
t(394,395,386)
t(307,305,388)
t(389,390,392)
t(393,394,386)
t(307,388,389)
t(389,392,393)
t(393,386,307)
t(307,389,393)
</p>

<p>
c(247,201,49)
outline()
n(0.047479,0.424921,0.903984)
p(14,397,310,311,312,398,399,400,401,391,392,402,403,395,396)
t(397,396,395)
t(402,392,391)
t(399,398,312)
t(312,311,310)
t(310,397,395)
t(402,391,401)
t(400,399,312)
t(310,395,403)
t(403,402,401)
t(400,312,310)
t(310,403,401)
t(401,400,310)
</p>

<p>
c(130,0,0)
light()
outline()
n(0.000000,-0.447214,-0.894427)
p(6,393,392,402,403,395,394)
t(392,393,394)
t(395,403,402)
t(402,392,394)
t(394,395,402)
</p>

<p>
c(247,201,49)
outline()
n(0.000000,0.996406,-0.084703)
p(14,327,308,307,386,396,397,310,309,329,348,347,346,345,344)
t(344,327,308)
t(308,307,386)
t(386,396,397)
t(397,310,309)
t(309,329,348)
t(348,347,346)
t(346,345,344)
t(344,308,386)
t(386,397,309)
t(309,348,346)
t(346,344,386)
t(386,309,346)
</p>

<p>
c(247,201,49)
outline()
n(0.000000,0.633298,0.773908)
p(16,373,404,405,406,407,408,409,410,377,312,398,411,412,413,387,305)
t(387,305,373)
t(404,405,406)
t(407,408,409)
t(410,377,312)
t(413,387,373)
t(373,404,406)
t(406,407,409)
t(410,312,398)
t(413,373,406)
t(406,409,410)
t(410,398,411)
t(412,413,406)
t(406,410,411)
t(411,412,406)
</p>

<p>
c(247,201,49)
outline()
n(-0.000000,-0.056708,0.998391)
p(24,414,415,416,417,418,419,420,421,422,423,424,425,426,427,428,429,430,431,432,409,408,407,406,405)
t(406,405,414)
t(414,415,416)
t(416,417,418)
t(427,428,429)
t(430,431,432)
t(432,409,408)
t(414,416,418)
t(426,427,429)
t(414,418,419)
t(426,429,430)
t(414,419,420)
t(426,430,432)
t(414,420,421)
t(425,426,432)
t(406,414,421)
t(425,432,408)
t(407,406,421)
t(424,425,408)
t(408,407,421)
t(423,424,408)
t(408,421,422)
t(422,423,408)
</p>

<p>
c(45,45,45)
outline()
n(0.000000,-0.089600,0.995978)
p(16,433,434,435,436,437,438,439,427,426,425,424,423,422,421,420,419)
t(420,419,433)
t(434,435,436)
t(436,437,438)
t(439,427,426)
t(426,425,424)
t(423,422,421)
t(421,420,433)
t(433,434,436)
t(436,438,439)
t(439,426,424)
t(424,423,421)
t(421,433,436)
t(436,439,424)
t(424,421,436)
</p>

<p>
c(247,201,49)
outline()
n(0.000000,0.000000,1.000000)
p(6,440,441,442,437,436,435)
t(436,435,440)
t(441,442,437)
t(437,436,440)
t(440,441,437)
</p>

<p>
c(247,201,49)
outline()
n(-0.000000,0.027398,0.999625)
p(10,435,434,443,444,445,438,437,442,441,440)
t(440,435,434)
t(443,444,445)
t(445,438,437)
t(440,434,443)
t(445,437,442)
t(441,440,443)
t(443,445,442)
t(442,441,443)
</p>

<p>
c(247,201,49)
outline()
n(0.086380,-0.002722,0.996259)
p(6,428,427,439,446,447,429)
t(447,429,428)
t(428,427,439)
t(446,447,428)
t(428,439,446)
</p>

<p>
c(247,201,49)
outline()
n(-0.086380,-0.002722,0.996259)
p(6,418,417,448,449,433,419)
t(433,419,418)
t(418,417,448)
t(449,433,418)
t(418,448,449)
</p>

<p>
c(247,201,49)
outline()
n(-0.000000,0.009878,0.999951)
p(16,449,448,450,451,452,453,454,447,446,439,438,445,444,443,434,433)
t(434,433,449)
t(449,448,450)
t(450,451,452)
t(452,453,454)
t(454,447,446)
t(446,439,438)
t(443,434,449)
t(449,450,452)
t(452,454,446)
t(446,438,445)
t(443,449,452)
t(452,446,445)
t(444,443,452)
t(452,445,444)
</p>

<p>
c(130,0,0)
light()
outline()
n(-0.848790,0.199368,0.489702)
p(5,372,371,382,455,373)
t(455,373,372)
t(372,371,382)
t(382,455,372)
</p>

<p>
c(200,100,0)
light()
outline()
n(-0.825750,0.000000,0.564037)
p(4,456,455,382,383)
t(382,383,456)
t(456,455,382)
</p>

<p>
c(130,0,0)
light()
outline()
n(-0.825750,0.000000,0.564037)
p(4,457,456,383,384)
t(383,384,457)
t(457,456,383)
</p>

<p>
c(254,254,254)
light()
outline()
n(-0.825750,0.000000,0.564037)
p(4,458,457,384,385)
t(384,385,458)
t(458,457,384)
</p>

<p>
c(130,0,0)
light()
outline()
n(-0.848790,-0.199368,-0.489702)
p(5,376,375,378,459,377)
t(459,377,376)
t(376,375,378)
t(378,459,376)
</p>

<p>
c(200,100,0)
light()
outline()
n(-0.825750,0.000000,-0.564037)
p(4,460,459,378,379)
t(378,379,460)
t(460,459,378)
</p>

<p>
c(130,0,0)
light()
outline()
n(-0.825750,0.000000,-0.564037)
p(4,461,460,379,380)
t(379,380,461)
t(461,460,379)
</p>

<p>
c(254,254,254)
light()
outline()
n(-0.825750,0.000000,-0.564037)
p(4,462,461,380,381)
t(380,381,462)
t(462,461,380)
</p>

<p>
c(130,0,0)
light()
outline()
n(-0.323721,0.051613,0.944744)
p(5,455,414,405,404,373)
t(404,373,455)
t(455,414,405)
t(405,404,455)
</p>

<p>
c(200,100,0)
light()
outline()
n(-0.362206,-0.037163,0.931357)
p(4,456,415,414,455)
t(414,455,456)
t(456,415,414)
</p>

<p>
c(130,0,0)
light()
outline()
n(-0.324510,-0.041633,0.944965)
p(4,457,416,415,456)
t(415,456,457)
t(457,416,415)
</p>

<p>
c(254,254,254)
light()
outline()
n(-0.309373,0.000000,0.950941)
p(4,458,417,416,457)
t(416,457,458)
t(458,417,416)
</p>

<p>
c(130,0,0)
light()
outline()
n(0.323721,0.051613,0.944744)
p(5,459,432,409,410,377)
t(432,459,377)
t(377,410,409)
t(409,432,377)
</p>

<p>
c(200,100,0)
light()
outline()
n(0.362206,-0.037163,0.931357)
p(4,460,431,432,459)
t(431,460,459)
t(459,432,431)
</p>

<p>
c(130,0,0)
light()
outline()
n(0.324510,-0.041633,0.944965)
p(4,461,430,431,460)
t(430,461,460)
t(460,431,430)
</p>

<p>
c(254,254,254)
light()
outline()
n(0.309373,0.000000,0.950941)
p(4,462,429,430,461)
t(429,462,461)
t(461,430,429)
</p>

<p>
c(224,224,66)
outline()
n(-0.751352,0.639970,0.160959)
p(6,243,242,463,458,385,251)
t(385,251,243)
t(243,242,463)
t(463,458,385)
t(385,243,463)
</p>

<p>
c(224,224,66)
outline()
n(0.751352,0.639970,0.160959)
p(6,249,248,464,462,381,254)
t(248,249,254)
t(381,462,464)
t(464,248,254)
t(254,381,464)
</p>

<p>
c(224,224,66)
outline()
n(-0.933196,-0.246617,0.261393)
p(11,465,466,463,242,241,467,468,469,470,471,472)
t(471,472,465)
t(465,466,463)
t(463,242,241)
t(468,469,470)
t(470,471,465)
t(465,463,241)
t(468,470,465)
t(465,241,467)
t(467,468,465)
</p>

<p>
c(224,224,66)
outline()
n(-0.933196,0.246617,-0.261393)
p(11,473,474,464,248,247,475,476,477,478,479,480)
t(479,480,473)
t(473,474,464)
t(464,248,247)
t(476,477,478)
t(478,479,473)
t(473,464,247)
t(476,478,473)
t(473,247,475)
t(475,476,473)
</p>

<p>
c(224,224,66)
outline()
n(0.272343,-0.830810,-0.485370)
p(5,417,458,463,466,481)
t(458,417,481)
t(481,466,463)
t(463,458,481)
</p>

<p>
c(224,224,66)
outline()
n(-0.272343,-0.830810,-0.485370)
p(5,429,462,464,474,482)
t(474,482,429)
t(429,462,464)
t(464,474,429)
</p>

<p>
c(224,224,66)
outline()
n(-0.989266,-0.132855,-0.060850)
p(5,417,481,483,450,448)
t(481,417,448)
t(448,450,483)
t(483,481,448)
</p>

<p>
c(224,224,66)
outline()
n(-0.989266,0.132855,0.060850)
p(5,429,482,484,454,447)
t(482,429,447)
t(447,454,484)
t(484,482,447)
</p>

<p>
c(224,224,66)
outline()
n(0.000000,-0.991316,-0.131503)
p(10,454,453,452,451,450,483,485,486,487,484)
t(453,454,484)
t(484,487,486)
t(486,485,483)
t(483,450,451)
t(452,453,484)
t(484,486,483)
t(483,451,452)
t(452,484,483)
</p>

<p>
c(224,224,66)
outline()
n(0.000000,-0.114651,0.993406)
p(14,481,466,465,488,489,490,473,474,482,484,487,486,485,483)
t(483,481,466)
t(466,465,488)
t(490,473,474)
t(474,482,484)
t(484,487,486)
t(486,485,483)
t(483,466,488)
t(490,474,484)
t(484,486,483)
t(483,488,489)
t(489,490,484)
t(484,483,489)
</p>

<p>
c(224,224,66)
outline()
n(0.000000,0.641605,-0.767036)
p(8,465,472,491,480,473,490,489,488)
t(472,465,488)
t(489,490,473)
t(473,480,491)
t(491,472,488)
t(488,489,473)
t(473,491,488)
</p>

<p>
c(50,50,50)
outline()
n(0.449357,0.089593,0.888848)
p(4,492,493,377,494)
t(377,494,492)
t(492,493,377)
</p>

<p>
c(50,50,50)
outline()
n(0.438565,-0.000000,0.898699)
p(4,495,496,461,497)
t(461,497,495)
t(495,496,461)
</p>

<p>
c(50,50,50)
outline()
n(-0.698467,0.715642,0.000000)
p(4,498,499,500,501)
t(499,498,501)
t(501,500,499)
</p>

<p>
c(50,50,50)
outline()
n(1.000000,0.000000,0.000000)
p(4,502,500,499,503)
t(499,503,502)
t(502,500,499)
</p>

<p>
c(50,50,50)
outline()
n(0.666766,0.745267,0.000000)
p(4,504,502,503,505)
t(503,505,504)
t(504,502,503)
</p>

<p>
c(50,50,50)
outline()
n(-0.698467,-0.715642,0.000000)
p(4,506,507,508,509)
t(508,509,506)
t(506,507,508)
</p>

<p>
c(50,50,50)
outline()
n(1.000000,0.000000,0.000000)
p(4,510,511,509,508)
t(511,510,508)
t(508,509,511)
</p>

<p>
c(50,50,50)
outline()
n(-0.666766,0.745267,0.000000)
p(4,512,513,511,510)
t(511,510,512)
t(512,513,511)
</p>

<p>
c(50,50,50)
outline()
n(0.000000,1.000000,0.000000)
p(6,498,501,514,507,506,515)
t(501,498,515)
t(515,506,507)
t(514,501,515)
t(515,507,514)
</p>

<p>
c(50,50,50)
outline()
n(0.000000,1.000000,0.000000)
p(6,504,505,516,513,512,517)
t(517,504,505)
t(516,513,512)
t(512,517,505)
t(505,516,512)
</p>

<p>
c(50,50,50)
outline()
n(0.000000,-0.022532,-0.999746)
p(10,505,503,499,498,515,506,509,511,513,516)
t(516,505,503)
t(503,499,498)
t(515,506,509)
t(509,511,513)
t(513,516,503)
t(503,498,515)
t(515,509,513)
t(513,503,515)
</p>

<p>
c(45,45,45)
outline()
n(0.967436,-0.247748,-0.051841)
p(4,179,178,257,180)
t(178,179,180)
t(180,257,178)
</p>

<p>
c(45,45,45)
outline()
n(-0.967436,-0.247748,-0.051841)
p(4,185,186,270,184)
t(186,185,184)
t(184,270,186)
</p>

<p>
glass()
outline()
n(-0.000000,-0.832910,0.553409)
p(18,138,145,152,171,323,335,334,333,332,331,324,174,156,147,143,139,148,134)
t(145,138,134)
t(134,148,139)
t(139,143,147)
t(147,156,174)
t(174,324,331)
t(335,323,171)
t(171,152,145)
t(145,134,139)
t(139,147,174)
t(174,331,332)
t(334,335,171)
t(171,145,139)
t(139,174,332)
t(334,171,139)
t(139,332,333)
t(333,334,139)
</p>

<p>
glass()
outline()
n(-0.943496,0.331055,0.014738)
p(7,261,260,259,258,257,178,177)
t(178,177,261)
t(261,260,259)
t(259,258,257)
t(257,178,261)
t(261,259,257)
</p>

<p>
glass()
outline()
n(-0.941144,0.338005,-0.000448)
p(8,281,199,198,197,285,284,283,282)
t(283,282,281)
t(281,199,198)
t(198,197,285)
t(285,284,283)
t(283,281,198)
t(198,285,283)
</p>

<p>
glass()
outline()
n(-0.943145,0.328201,0.052555)
p(8,297,304,303,302,301,300,299,298)
t(299,298,297)
t(297,304,303)
t(303,302,301)
t(301,300,299)
t(299,297,303)
t(303,301,299)
</p>

<p>
glass()
outline()
n(0.943496,0.331055,0.014738)
p(7,266,183,184,270,269,268,267)
t(268,267,266)
t(266,183,184)
t(184,270,269)
t(269,268,266)
t(266,184,269)
</p>

<p>
glass()
outline()
n(-0.941144,-0.338005,0.000448)
p(8,296,295,294,293,292,202,203,204)
t(295,296,204)
t(204,203,202)
t(202,292,293)
t(293,294,295)
t(295,204,202)
t(202,293,295)
</p>

<p>
glass()
outline()
n(0.943145,0.328201,0.052555)
p(8,313,320,319,318,317,316,315,314)
t(315,314,313)
t(313,320,319)
t(319,318,317)
t(317,316,315)
t(315,313,319)
t(319,317,315)
</p>

<p>
glass()
outline()
n(-0.000000,0.433209,0.901294)
p(12,388,387,413,412,411,398,399,400,401,391,390,389)
t(390,389,388)
t(388,387,413)
t(412,411,398)
t(398,399,400)
t(400,401,391)
t(391,390,388)
t(388,413,412)
t(412,398,400)
t(400,391,388)
t(388,412,400)
</p>

<p>
c(45,45,45)
outline()
n(0.000000,0.997489,0.070815)
p(5,91,73,518,519,65)
t(73,91,65)
t(65,519,518)
t(518,73,65)
</p>

<p>
c(45,45,45)
outline()
n(0.000000,-0.999932,0.011692)
p(12,224,223,519,518,226,227,228,234,520,521,229,225)
t(224,223,519)
t(519,518,226)
t(228,234,520)
t(521,229,225)
t(225,224,519)
t(519,226,227)
t(227,228,520)
t(520,521,225)
t(225,519,227)
t(227,520,225)
</p>

<p>
c(45,45,45)
outline()
n(0.000000,0.999315,-0.037012)
p(4,522,521,520,523)
t(521,522,523)
t(523,520,521)
</p>

<p>
c(45,45,45)
outline()
n(-0.000000,0.961003,-0.276537)
p(9,470,522,523,478,479,480,491,472,471)
t(522,470,471)
t(471,472,491)
t(491,480,479)
t(479,478,523)
t(523,522,471)
t(471,491,479)
t(479,523,471)
</p>

