v(-400.000000,-1712.000000,-1894.000000)
v(0.000000,-1712.000000,-1894.000000)
v(0.000000,-1771.000000,-1337.000000)
v(-400.000000,-1771.000000,-1337.000000)
v(-400.000000,-1887.000000,-789.000000)
v(0.000000,-1887.000000,-789.000000)
v(0.000000,-2060.000000,-256.000000)
v(-400.000000,-2060.000000,-256.000000)
v(-400.000000,-2288.000000,256.000000)
v(0.000000,-2288.000000,256.000000)
v(0.000000,-2568.000000,741.000000)
v(-400.000000,-2568.000000,741.000000)
v(-400.000000,-2848.000000,1226.000000)
v(0.000000,-2848.000000,1226.000000)
v(0.000000,-3076.000000,1738.000000)
v(-400.000000,-3076.000000,1738.000000)
v(-400.000000,-3249.000000,2271.000000)
v(0.000000,-3249.000000,2271.000000)
v(400.000000,-1712.000000,-1894.000000)
v(400.000000,-1771.000000,-1337.000000)
v(400.000000,-1887.000000,-789.000000)
v(400.000000,-2060.000000,-256.000000)
v(400.000000,-2288.000000,256.000000)
v(400.000000,-2568.000000,741.000000)
v(400.000000,-2848.000000,1226.000000)
v(400.000000,-3076.000000,1738.000000)
v(400.000000,-3249.000000,2271.000000)
v(-400.000000,-3151.000000,2292.000000)
v(-400.000000,-2981.000000,1769.000000)
v(400.000000,-3151.000000,2292.000000)
v(400.000000,-2981.000000,1769.000000)
v(-400.000000,-2757.000000,1267.000000)
v(400.000000,-2757.000000,1267.000000)
v(-400.000000,-2481.000000,791.000000)
v(400.000000,-2481.000000,791.000000)
v(-400.000000,-2201.000000,306.000000)
v(400.000000,-2201.000000,306.000000)
v(-400.000000,-1969.000000,-215.000000)
v(400.000000,-1969.000000,-215.000000)
v(-400.000000,-1792.000000,-758.000000)
v(400.000000,-1792.000000,-758.000000)
v(-400.000000,-1673.000000,-1316.000000)
v(400.000000,-1673.000000,-1316.000000)
v(-400.000000,-1612.000000,-1894.000000)
v(400.000000,-1612.000000,-1894.000000)
v(-147.000000,-1790.000000,61.000000)
v(-147.000000,-1790.000000,-61.000000)
v(147.000000,-1790.000000,61.000000)
v(147.000000,-1790.000000,-61.000000)
v(61.000000,-1790.000000,147.000000)
v(-61.000000,-1790.000000,147.000000)
v(61.000000,-1790.000000,-147.000000)
v(-61.000000,-1790.000000,-147.000000)
v(-147.000000,-350.000000,-61.000000)
v(-147.000000,-350.000000,61.000000)
v(147.000000,-350.000000,-61.000000)
v(147.000000,-350.000000,61.000000)
v(-61.000000,-350.000000,147.000000)
v(61.000000,-350.000000,147.000000)
v(-61.000000,-350.000000,-147.000000)
v(61.000000,-350.000000,-147.000000)
v(-250.000000,0.000000,-250.000000)
v(-250.000000,0.000000,250.000000)
v(250.000000,0.000000,-250.000000)
v(250.000000,0.000000,250.000000)

<p>
c(150,150,150)
n(0.000000,0.994437,0.105335)
p(4,0,1,2,3)
t(1,0,3)
t(3,2,1)
</p>

<p>
c(147,147,147)
n(0.000000,0.951152,0.308723)
p(4,4,5,6,7)
t(5,4,7)
t(7,6,5)
</p>

<p>
c(150,150,150)
n(0.000000,0.866037,0.499980)
p(4,8,9,10,11)
t(9,8,11)
t(11,10,9)
</p>

<p>
c(142,142,142)
n(0.000000,0.913517,0.406801)
p(4,12,13,14,15)
t(13,12,15)
t(15,14,13)
</p>

<p>
c(147,147,147)
n(0.000000,0.951152,0.308723)
p(4,16,17,14,15)
t(14,15,16)
t(16,17,14)
</p>

<p>
c(145,145,145)
n(0.000000,0.994437,0.105335)
p(4,18,1,2,19)
t(2,19,18)
t(18,1,2)
</p>

<p>
c(150,150,150)
n(0.000000,0.978322,0.207090)
p(4,4,5,2,3)
t(2,3,4)
t(4,5,2)
</p>

<p>
c(145,145,145)
n(0.000000,0.978322,0.207090)
p(4,20,5,2,19)
t(5,20,19)
t(19,2,5)
</p>

<p>
c(142,142,142)
n(0.000000,0.951152,0.308723)
p(4,20,5,6,21)
t(6,21,20)
t(20,5,6)
</p>

<p>
c(142,142,142)
n(0.000000,0.913517,0.406801)
p(4,8,9,6,7)
t(6,7,8)
t(8,9,6)
</p>

<p>
c(137,137,137)
n(0.000000,0.913517,0.406801)
p(4,22,9,6,21)
t(9,22,21)
t(21,6,9)
</p>

<p>
c(145,145,145)
n(0.000000,0.866037,0.499980)
p(4,22,9,10,23)
t(10,23,22)
t(22,9,10)
</p>

<p>
c(150,150,150)
n(0.000000,0.866037,0.499980)
p(4,12,13,10,11)
t(10,11,12)
t(12,13,10)
</p>

<p>
c(145,145,145)
n(0.000000,0.866037,0.499980)
p(4,24,13,10,23)
t(13,24,23)
t(23,10,13)
</p>

<p>
c(137,137,137)
n(0.000000,0.913517,0.406801)
p(4,24,13,14,25)
t(14,25,24)
t(24,13,14)
</p>

<p>
c(142,142,142)
n(0.000000,0.951152,0.308723)
p(4,26,17,14,25)
t(17,26,25)
t(25,14,17)
</p>

<p>
c(145,145,145)
n(1.000000,0.000000,0.000000)
p(4,16,27,28,15)
t(27,16,15)
t(15,28,27)
</p>

<p>
c(145,145,145)
n(1.000000,0.000000,0.000000)
p(4,26,29,30,25)
t(29,26,25)
t(25,30,29)
</p>

<p>
c(176,176,176)
n(0.000000,0.209529,-0.977802)
p(5,16,27,29,26,17)
t(17,16,27)
t(27,29,26)
t(26,17,27)
</p>

<p>
c(145,145,145)
n(1.000000,0.000000,0.000000)
p(4,28,15,12,31)
t(12,31,28)
t(28,15,12)
</p>

<p>
c(145,145,145)
n(1.000000,0.000000,0.000000)
p(4,30,25,24,32)
t(24,32,30)
t(30,25,24)
</p>

<p>
c(145,145,145)
n(1.000000,0.000000,0.000000)
p(4,12,31,33,11)
t(31,12,11)
t(11,33,31)
</p>

<p>
c(145,145,145)
n(1.000000,0.000000,0.000000)
p(4,24,32,34,23)
t(32,24,23)
t(23,34,32)
</p>

<p>
c(145,145,145)
n(1.000000,0.000000,0.000000)
p(4,33,11,8,35)
t(8,35,33)
t(33,11,8)
</p>

<p>
c(145,145,145)
n(1.000000,0.000000,0.000000)
p(4,34,23,22,36)
t(22,36,34)
t(34,23,22)
</p>

<p>
c(145,145,145)
n(1.000000,0.000000,0.000000)
p(4,8,35,37,7)
t(35,8,7)
t(7,37,35)
</p>

<p>
c(145,145,145)
n(1.000000,0.000000,0.000000)
p(4,22,36,38,21)
t(36,22,21)
t(21,38,36)
</p>

<p>
c(145,145,145)
n(1.000000,0.000000,0.000000)
p(4,37,7,4,39)
t(4,39,37)
t(37,7,4)
</p>

<p>
c(145,145,145)
n(1.000000,0.000000,0.000000)
p(4,38,21,20,40)
t(20,40,38)
t(38,21,20)
</p>

<p>
c(145,145,145)
n(1.000000,0.000000,0.000000)
p(4,4,39,41,3)
t(39,4,3)
t(3,41,39)
</p>

<p>
c(145,145,145)
n(1.000000,0.000000,0.000000)
p(4,20,40,42,19)
t(40,20,19)
t(19,42,40)
</p>

<p>
c(145,145,145)
n(1.000000,0.000000,0.000000)
p(4,41,3,0,43)
t(0,43,41)
t(41,3,0)
</p>

<p>
c(145,145,145)
n(1.000000,0.000000,0.000000)
p(4,42,19,18,44)
t(18,44,42)
t(42,19,18)
</p>

<p>
c(176,176,176)
n(0.000000,0.000000,1.000000)
p(5,0,43,44,18,1)
t(43,0,1)
t(1,18,44)
t(44,43,1)
</p>

<p>
c(195,195,195)
n(-0.711691,0.646973,0.273718)
p(4,37,35,45,46)
t(45,46,37)
t(37,35,45)
</p>

<p>
c(195,195,195)
n(0.711691,0.646973,0.273718)
p(4,38,36,47,48)
t(36,38,48)
t(48,47,36)
</p>

<p>
c(145,145,145)
n(0.000000,-0.360803,-0.932642)
p(4,35,36,49,50)
t(36,35,50)
t(50,49,36)
</p>

<p>
c(145,145,145)
n(0.000000,0.355126,-0.934818)
p(4,37,38,51,52)
t(38,37,52)
t(52,51,38)
</p>

<p>
c(170,170,170)
n(0.373459,-0.849150,0.373459)
p(3,37,46,52)
t(46,37,52)
</p>

<p>
c(170,170,170)
n(-0.536970,0.650635,0.536970)
p(3,35,45,50)
t(45,35,50)
</p>

<p>
c(170,170,170)
n(-0.373459,-0.849150,0.373459)
p(3,38,48,51)
t(48,51,38)
</p>

<p>
c(170,170,170)
n(0.536970,0.650635,0.536970)
p(3,36,47,49)
t(47,49,36)
</p>

<p>
c(195,195,195)
n(1.000000,0.000000,0.000000)
p(4,45,46,53,54)
t(53,54,45)
t(45,46,53)
</p>

<p>
c(195,195,195)
n(1.000000,0.000000,0.000000)
p(4,47,48,55,56)
t(55,56,47)
t(47,48,55)
</p>

<p>
c(145,145,145)
n(0.000000,0.000000,1.000000)
p(4,49,50,57,58)
t(50,49,58)
t(58,57,50)
</p>

<p>
c(145,145,145)
n(0.000000,0.000000,1.000000)
p(4,51,52,59,60)
t(52,51,60)
t(60,59,52)
</p>

<p>
c(170,170,170)
n(-0.707107,0.000000,0.707107)
p(4,57,50,45,54)
t(50,57,54)
t(54,45,50)
</p>

<p>
c(170,170,170)
n(0.707107,0.000000,0.707107)
p(4,59,52,46,53)
t(52,59,53)
t(53,46,52)
</p>

<p>
c(170,170,170)
n(0.707107,0.000000,0.707107)
p(4,58,49,47,56)
t(47,56,58)
t(58,49,47)
</p>

<p>
c(170,170,170)
n(-0.707107,0.000000,0.707107)
p(4,60,51,48,55)
t(48,55,60)
t(60,51,48)
</p>

<p>
c(195,195,195)
n(-0.959322,-0.282315,0.000000)
p(4,61,62,54,53)
t(62,61,53)
t(53,54,62)
</p>

<p>
c(195,195,195)
n(-0.959322,0.282315,0.000000)
p(4,63,64,56,55)
t(64,63,55)
t(55,56,64)
</p>

<p>
c(145,145,145)
n(0.000000,0.282315,-0.959322)
p(4,62,64,58,57)
t(58,57,62)
t(62,64,58)
</p>

<p>
c(145,145,145)
n(0.000000,-0.282315,-0.959322)
p(4,61,63,60,59)
t(60,59,61)
t(61,63,60)
</p>

<p>
c(170,170,170)
n(0.609028,0.508104,0.609028)
p(3,61,53,59)
t(53,59,61)
</p>

<p>
c(170,170,170)
n(-0.609028,-0.508104,0.609028)
p(3,62,54,57)
t(54,57,62)
</p>

<p>
c(170,170,170)
n(-0.609028,0.508104,0.609028)
p(3,63,55,60)
t(55,63,60)
</p>

<p>
c(170,170,170)
n(0.609028,-0.508104,0.609028)
p(3,64,56,58)
t(56,64,58)
</p>

