v(0.000000,0.000000,-1480.000000)
v(700.000000,0.000000,-1480.000000)
v(582.000000,-191.000000,-954.000000)
v(0.000000,-191.000000,-954.000000)
v(-700.000000,0.000000,-1480.000000)
v(-582.000000,-191.000000,-954.000000)
v(0.000000,-383.000000,-428.000000)
v(465.000000,-383.000000,-428.000000)
v(-465.000000,-383.000000,-428.000000)
v(347.000000,-743.000000,1.000000)
v(0.000000,-743.000000,1.000000)
v(-347.000000,-743.000000,1.000000)
v(0.000000,-1103.000000,430.000000)
v(230.000000,-1103.000000,430.000000)
v(-230.000000,-1103.000000,430.000000)
v(230.000000,-1588.000000,710.000000)
v(0.000000,-1588.000000,710.000000)
v(-230.000000,-1588.000000,710.000000)
v(0.000000,-2073.000000,990.000000)
v(230.000000,-2073.000000,990.000000)
v(-230.000000,-2073.000000,990.000000)
v(840.000000,-200.000000,-1480.000000)
v(740.000000,-200.000000,-1480.000000)
v(840.000000,0.000000,-1480.000000)
v(622.000000,-391.000000,-954.000000)
v(722.000000,-391.000000,-954.000000)
v(722.000000,-191.000000,-954.000000)
v(505.000000,-583.000000,-428.000000)
v(605.000000,-583.000000,-428.000000)
v(605.000000,-383.000000,-428.000000)
v(387.000000,-943.000000,1.000000)
v(487.000000,-943.000000,1.000000)
v(487.000000,-743.000000,1.000000)
v(270.000000,-1303.000000,430.000000)
v(370.000000,-1303.000000,430.000000)
v(370.000000,-1103.000000,430.000000)
v(270.000000,-2273.000000,990.000000)
v(370.000000,-2273.000000,990.000000)
v(370.000000,-2073.000000,990.000000)
v(-840.000000,-200.000000,-1480.000000)
v(-740.000000,-200.000000,-1480.000000)
v(-840.000000,0.000000,-1480.000000)
v(-622.000000,-391.000000,-954.000000)
v(-722.000000,-391.000000,-954.000000)
v(-722.000000,-191.000000,-954.000000)
v(-505.000000,-583.000000,-428.000000)
v(-605.000000,-583.000000,-428.000000)
v(-605.000000,-383.000000,-428.000000)
v(-387.000000,-943.000000,1.000000)
v(-487.000000,-943.000000,1.000000)
v(-487.000000,-743.000000,1.000000)
v(-270.000000,-1303.000000,430.000000)
v(-370.000000,-1303.000000,430.000000)
v(-370.000000,-1103.000000,430.000000)
v(-270.000000,-2273.000000,990.000000)
v(-370.000000,-2273.000000,990.000000)
v(-370.000000,-2073.000000,990.000000)
v(840.000000,0.000000,710.000000)
v(840.000000,-200.000000,710.000000)
v(840.000000,-200.000000,430.000000)
v(840.000000,-200.000000,1.000000)
v(840.000000,-200.000000,-428.000000)
v(447.000000,-743.000000,1.000000)
v(840.000000,0.000000,1.000000)
v(330.000000,-1103.000000,430.000000)
v(840.000000,0.000000,430.000000)
v(-840.000000,0.000000,710.000000)
v(-840.000000,-200.000000,710.000000)
v(-840.000000,-200.000000,430.000000)
v(-840.000000,-200.000000,1.000000)
v(-840.000000,-200.000000,-428.000000)
v(-447.000000,-743.000000,1.000000)
v(-840.000000,0.000000,1.000000)
v(-330.000000,-1103.000000,430.000000)
v(-840.000000,0.000000,430.000000)

<p>
c(145,145,145)
n(0.000000,0.939950,0.341313)
C(320.500000,-95.500000,-1217.000000)
p(4,0,1,2,3)
t(1,0,3)
t(3,2,1)
</p>

<p>
c(145,145,145)
n(-0.000000,0.939950,0.341313)
C(-320.500000,-95.500000,-1217.000000)
p(4,0,4,5,3)
t(5,3,0)
t(0,4,5)
</p>

<p>
c(150,150,150)
n(-0.000000,0.939376,0.342890)
C(261.750000,-287.000000,-691.000000)
p(4,6,7,2,3)
t(2,3,6)
t(6,7,2)
</p>

<p>
c(145,145,145)
n(0.000000,0.939376,0.342890)
C(-261.750000,-287.000000,-691.000000)
p(4,6,8,5,3)
t(8,6,3)
t(3,5,8)
</p>

<p>
c(180,180,180)
n(-0.000000,0.766021,0.642815)
C(203.000000,-563.000000,-213.500000)
p(4,6,7,9,10)
t(7,6,10)
t(10,9,7)
</p>

<p>
c(170,170,170)
n(0.000000,0.766021,0.642815)
C(-203.000000,-563.000000,-213.500000)
p(4,6,8,11,10)
t(11,10,6)
t(6,8,11)
</p>

<p>
c(170,170,170)
n(0.000000,0.766021,0.642815)
C(144.250000,-923.000000,215.500000)
p(4,9,10,12,13)
t(12,13,9)
t(9,10,12)
</p>

<p>
c(170,170,170)
n(-0.000000,0.766021,0.642815)
C(-144.250000,-923.000000,215.500000)
p(4,11,10,12,14)
t(10,11,14)
t(14,12,10)
</p>

<p>
c(210,210,210)
n(0.000000,-0.499980,-0.866037)
C(115.000000,-1345.500000,570.000000)
p(4,15,16,12,13)
t(12,13,15)
t(15,16,12)
</p>

<p>
c(220,220,220)
n(0.000000,-0.499980,-0.866037)
C(-115.000000,-1345.500000,570.000000)
p(4,17,16,12,14)
t(16,17,14)
t(14,12,16)
</p>

<p>
c(220,220,220)
n(0.000000,-0.499980,-0.866037)
C(115.000000,-1830.500000,850.000000)
p(4,15,16,18,19)
t(16,15,19)
t(19,18,16)
</p>

<p>
c(220,220,220)
n(0.000000,-0.499980,-0.866037)
C(-115.000000,-1830.500000,850.000000)
p(4,17,16,18,20)
t(18,20,17)
t(17,16,18)
</p>

<p>
c(150,150,150)
n(0.000000,0.000000,1.000000)
C(780.000000,-100.000000,-1480.000000)
p(4,21,22,1,23)
t(22,21,23)
t(23,1,22)
</p>

<p>
c(180,180,180)
n(0.941478,0.188296,0.279579)
C(661.000000,-195.500000,-1217.000000)
p(4,1,22,24,2)
t(22,1,2)
t(2,24,22)
</p>

<p>
c(180,180,180)
n(0.000000,0.939950,0.341313)
C(731.000000,-295.500000,-1217.000000)
p(4,21,22,24,25)
t(24,25,21)
t(21,22,24)
</p>

<p>
c(150,150,150)
n(0.975749,-0.000000,0.218894)
C(781.000000,-195.500000,-1217.000000)
p(4,21,23,26,25)
t(26,25,21)
t(21,23,26)
</p>

<p>
c(180,180,180)
n(0.941854,0.188371,0.278259)
C(543.500000,-387.000000,-691.000000)
p(4,7,27,24,2)
t(24,2,7)
t(7,27,24)
</p>

<p>
c(180,180,180)
n(-0.000000,0.939376,0.342890)
C(613.500000,-487.000000,-691.000000)
p(4,28,27,24,25)
t(27,28,25)
t(25,24,27)
</p>

<p>
c(150,150,150)
n(0.976143,-0.000000,0.217127)
C(663.500000,-387.000000,-691.000000)
p(4,28,29,26,25)
t(29,28,25)
t(25,26,29)
</p>

<p>
c(180,180,180)
n(-0.899423,-0.179885,-0.398346)
C(426.000000,-663.000000,-213.500000)
p(4,7,27,30,9)
t(30,9,7)
t(7,27,30)
</p>

<p>
c(210,210,210)
n(-0.000000,0.766021,0.642815)
C(496.000000,-763.000000,-213.500000)
p(4,28,27,30,31)
t(30,31,28)
t(28,27,30)
</p>

<p>
c(150,150,150)
n(0.964191,-0.000000,0.265209)
C(546.000000,-663.000000,-213.500000)
p(4,28,29,32,31)
t(32,31,28)
t(28,29,32)
</p>

<p>
c(180,180,180)
n(-0.900173,-0.180035,-0.396580)
C(308.500000,-1023.000000,215.500000)
p(4,13,33,30,9)
t(33,13,9)
t(9,30,33)
</p>

<p>
c(210,210,210)
n(0.000000,0.766021,0.642815)
C(378.500000,-1123.000000,215.500000)
p(4,34,33,30,31)
t(33,34,31)
t(31,30,33)
</p>

<p>
c(150,150,150)
n(0.964764,0.000000,0.263117)
C(428.500000,-1023.000000,215.500000)
p(4,34,35,32,31)
t(35,34,31)
t(31,32,35)
</p>

<p>
c(180,180,180)
n(-0.928472,-0.185694,-0.321649)
C(246.000000,-1668.000000,710.000000)
p(5,13,33,36,19,15)
t(15,13,33)
t(33,36,19)
t(19,15,33)
</p>

<p>
c(230,230,230)
n(0.000000,-0.499980,-0.866037)
C(320.000000,-1788.000000,710.000000)
p(4,34,33,36,37)
t(33,34,37)
t(37,36,33)
</p>

<p>
c(150,150,150)
n(1.000000,0.000000,0.000000)
C(370.000000,-1688.000000,710.000000)
p(4,34,35,38,37)
t(38,37,34)
t(34,35,38)
</p>

<p>
c(150,150,150)
n(0.000000,0.000000,1.000000)
C(-780.000000,-100.000000,-1480.000000)
p(4,39,40,4,41)
t(4,41,39)
t(39,40,4)
</p>

<p>
c(180,180,180)
n(-0.941478,0.188296,0.279579)
C(-661.000000,-195.500000,-1217.000000)
p(4,4,40,42,5)
t(42,5,4)
t(4,40,42)
</p>

<p>
c(180,180,180)
n(-0.000000,0.939950,0.341313)
C(-731.000000,-295.500000,-1217.000000)
p(4,39,40,42,43)
t(40,39,43)
t(43,42,40)
</p>

<p>
c(150,150,150)
n(-0.975749,-0.000000,0.218894)
C(-781.000000,-195.500000,-1217.000000)
p(4,39,41,44,43)
t(41,39,43)
t(43,44,41)
</p>

<p>
c(180,180,180)
n(-0.941854,0.188371,0.278259)
C(-543.500000,-387.000000,-691.000000)
p(4,8,45,42,5)
t(45,8,5)
t(5,42,45)
</p>

<p>
c(180,180,180)
n(0.000000,0.939376,0.342890)
C(-613.500000,-487.000000,-691.000000)
p(4,46,45,42,43)
t(42,43,46)
t(46,45,42)
</p>

<p>
c(150,150,150)
n(-0.976143,-0.000000,0.217127)
C(-663.500000,-387.000000,-691.000000)
p(4,46,47,44,43)
t(44,43,46)
t(46,47,44)
</p>

<p>
c(180,180,180)
n(0.899423,-0.179885,-0.398346)
C(-426.000000,-663.000000,-213.500000)
p(4,8,45,48,11)
t(45,8,11)
t(11,48,45)
</p>

<p>
c(210,210,210)
n(0.000000,0.766021,0.642815)
C(-496.000000,-763.000000,-213.500000)
p(4,46,45,48,49)
t(45,46,49)
t(49,48,45)
</p>

<p>
c(150,150,150)
n(-0.964191,-0.000000,0.265209)
C(-546.000000,-663.000000,-213.500000)
p(4,46,47,50,49)
t(47,46,49)
t(49,50,47)
</p>

<p>
c(180,180,180)
n(0.900173,-0.180035,-0.396580)
C(-308.500000,-1023.000000,215.500000)
p(4,14,51,48,11)
t(48,11,14)
t(14,51,48)
</p>

<p>
c(210,210,210)
n(-0.000000,0.766021,0.642815)
C(-378.500000,-1123.000000,215.500000)
p(4,52,51,48,49)
t(48,49,52)
t(52,51,48)
</p>

<p>
c(150,150,150)
n(-0.964764,0.000000,0.263117)
C(-428.500000,-1023.000000,215.500000)
p(4,52,53,50,49)
t(50,49,52)
t(52,53,50)
</p>

<p>
c(180,180,180)
n(0.928472,-0.185694,-0.321649)
C(-246.000000,-1668.000000,710.000000)
p(5,14,51,54,20,17)
t(51,14,17)
t(17,20,54)
t(54,51,17)
</p>

<p>
c(230,230,230)
n(0.000000,-0.499980,-0.866037)
C(-320.000000,-1788.000000,710.000000)
p(4,52,51,54,55)
t(54,55,52)
t(52,51,54)
</p>

<p>
c(150,150,150)
n(1.000000,0.000000,0.000000)
C(-370.000000,-1688.000000,710.000000)
p(4,52,53,56,55)
t(56,55,52)
t(52,53,56)
</p>

<p>
c(150,150,150)
n(1.000000,0.000000,0.000000)
C(840.000000,-142.857143,-219.571429)
p(7,21,23,57,58,59,60,61)
t(61,21,23)
t(23,57,58)
t(60,61,23)
t(23,58,59)
t(59,60,23)
</p>

<p>
c(120,120,120)
n(-0.598992,0.800584,0.016539)
C(751.750000,-243.500000,-822.500000)
p(4,61,29,26,21)
t(61,21,26)
t(26,29,61)
</p>

<p>
c(200,200,200)
n(0.870672,-0.484434,-0.085170)
C(634.250000,-561.500000,215.500000)
p(4,32,60,59,35)
t(59,35,32)
t(32,60,59)
</p>

<p>
c(150,150,150)
n(0.000000,0.000000,1.000000)
C(653.500000,-421.500000,1.000000)
p(4,62,32,60,63)
t(60,63,62)
t(62,32,60)
</p>

<p>
c(150,150,150)
n(0.000000,0.000000,1.000000)
C(595.000000,-601.500000,430.000000)
p(4,64,35,59,65)
t(59,65,64)
t(64,35,59)
</p>

<p>
c(150,150,150)
n(1.000000,0.000000,0.000000)
C(-840.000000,-142.857143,-219.571429)
p(7,39,41,66,67,68,69,70)
t(70,39,41)
t(41,66,67)
t(69,70,41)
t(41,67,68)
t(68,69,41)
</p>

<p>
c(120,120,120)
n(0.598992,0.800584,0.016539)
C(-751.750000,-243.500000,-822.500000)
p(4,70,47,44,39)
t(44,39,70)
t(70,47,44)
</p>

<p>
c(200,200,200)
n(-0.870672,-0.484434,-0.085170)
C(-634.250000,-561.500000,215.500000)
p(4,50,69,68,53)
t(69,50,53)
t(53,68,69)
</p>

<p>
c(150,150,150)
n(0.000000,0.000000,1.000000)
C(-653.500000,-421.500000,1.000000)
p(4,71,50,69,72)
t(50,71,72)
t(72,69,50)
</p>

<p>
c(150,150,150)
n(0.000000,0.000000,1.000000)
C(-595.000000,-601.500000,430.000000)
p(4,73,53,68,74)
t(53,73,74)
t(74,68,53)
</p>

<p>
c(150,150,150)
n(0.000000,0.000000,1.000000)
C(0.000000,-100.000000,710.000000)
p(4,66,67,58,57)
t(58,57,66)
t(66,67,58)
</p>

