v(-680.000000,0.000000,-3394.000000)
v(-30.000000,0.000000,-3440.000000)
v(0.000000,-70.000000,-2837.000000)
v(-700.000000,-90.000000,-2800.000000)
v(640.000000,0.000000,-3394.000000)
v(700.000000,-50.000000,-2890.000000)
v(-700.000000,-117.000000,-2230.000000)
v(20.000000,-117.000000,-2280.000000)
v(690.000000,-130.000000,-2280.000000)
v(-20.000000,-176.000000,-1723.000000)
v(-670.000000,-186.000000,-1760.000000)
v(710.000000,-196.000000,-1723.000000)
v(-720.000000,-280.000000,-1176.000000)
v(0.000000,-300.000000,-1176.000000)
v(700.000000,-270.000000,-1176.000000)
v(-30.000000,-380.000000,-628.000000)
v(-670.000000,-418.000000,-628.000000)
v(690.000000,-408.000000,-628.000000)
v(-700.000000,-500.000000,-100.000000)
v(0.000000,-545.000000,-80.000000)
v(700.000000,-515.000000,-120.000000)
v(20.000000,-525.000000,500.000000)
v(-500.000000,-490.000000,460.000000)
v(480.000000,-490.000000,480.000000)
v(-900.000000,0.000000,-2860.000000)
v(870.000000,0.000000,-2837.000000)
v(-920.000000,0.000000,-2280.000000)
v(900.000000,0.000000,-2280.000000)
v(-970.000000,0.000000,-1700.000000)
v(1020.000000,0.000000,-1760.000000)
v(-875.000000,-166.000000,-1176.000000)
v(-1050.000000,0.000000,-1176.000000)
v(875.000000,-146.000000,-1146.000000)
v(1050.000000,0.000000,-1176.000000)
v(-900.000000,-180.000000,-628.000000)
v(-1100.000000,0.000000,-600.000000)
v(900.000000,-204.000000,-600.000000)
v(1100.000000,0.000000,-670.000000)
v(-1150.000000,0.000000,-50.000000)
v(-950.000000,-262.000000,-120.000000)
v(1100.000000,0.000000,-80.000000)
v(950.000000,-262.000000,-80.000000)
v(-1100.000000,0.000000,500.000000)
v(-850.000000,-240.000000,480.000000)
v(1150.000000,0.000000,480.000000)
v(850.000000,-262.000000,460.000000)
v(-530.000000,-280.000000,974.000000)
v(-10.000000,-245.000000,974.000000)
v(540.000000,-262.000000,974.000000)
v(0.000000,0.000000,1469.000000)
v(-500.000000,0.000000,1380.000000)
v(470.000000,0.000000,1400.000000)
v(-1000.000000,0.000000,974.000000)
v(1000.000000,0.000000,974.000000)

<p>
c(218,191,135)
n(-0.007111,0.991169,0.132412)
C(-352.500000,-40.000000,-3117.750000)
p(4,0,1,2,3)
t(1,0,3)
t(3,2,1)
</p>

<p>
c(217,188,128)
n(0.014125,-0.993877,-0.109586)
C(327.500000,-30.000000,-3140.250000)
p(4,1,4,5,2)
t(5,2,1)
t(1,4,5)
</p>

<p>
c(218,191,135)
n(-0.009831,0.997803,0.065519)
C(-345.000000,-98.500000,-2536.750000)
p(4,6,7,2,3)
t(2,3,6)
t(6,7,2)
</p>

<p>
c(217,188,128)
n(-0.001290,0.994011,0.109270)
C(352.500000,-91.750000,-2571.750000)
p(4,7,8,5,2)
t(5,2,7)
t(7,8,5)
</p>

<p>
c(217,188,128)
n(-0.005318,0.992517,0.121990)
C(-342.500000,-149.000000,-1998.250000)
p(4,6,7,9,10)
t(7,6,10)
t(10,9,7)
</p>

<p>
c(218,191,135)
n(-0.023587,-0.993440,-0.111898)
C(350.000000,-154.750000,-2001.500000)
p(4,7,8,11,9)
t(11,9,7)
t(7,8,11)
</p>

<p>
c(217,188,128)
n(0.003414,0.982071,0.188478)
C(-352.500000,-235.500000,-1458.750000)
p(4,12,13,9,10)
t(9,10,12)
t(12,13,9)
</p>

<p>
c(218,191,135)
n(0.006165,-0.983921,-0.178497)
C(347.500000,-235.500000,-1449.500000)
p(4,13,14,11,9)
t(14,13,9)
t(9,11,14)
</p>

<p>
c(218,191,135)
n(0.010508,-0.980591,-0.195781)
C(-355.000000,-344.500000,-902.000000)
p(4,12,13,15,16)
t(15,16,12)
t(12,13,15)
</p>

<p>
c(217,188,128)
n(-0.000807,0.980691,0.195562)
C(340.000000,-339.500000,-902.000000)
p(4,13,14,17,15)
t(14,13,15)
t(15,17,14)
</p>

<p>
c(218,191,135)
n(0.004271,0.974118,0.226001)
C(-350.000000,-460.750000,-359.000000)
p(4,15,16,18,19)
t(18,19,15)
t(15,16,18)
</p>

<p>
c(217,188,128)
n(-0.006131,-0.967909,-0.251225)
C(340.000000,-462.000000,-364.000000)
p(4,19,20,17,15)
t(20,19,15)
t(15,17,20)
</p>

<p>
c(218,191,135)
n(0.066943,0.996991,-0.039091)
C(-295.000000,-515.000000,195.000000)
p(4,21,22,18,19)
t(22,21,19)
t(19,18,22)
</p>

<p>
c(217,188,128)
n(-0.055288,0.997339,-0.047511)
C(300.000000,-518.750000,195.000000)
p(4,19,20,23,21)
t(20,19,21)
t(21,23,20)
</p>

<p>
c(218,191,135)
n(-0.367505,-0.917615,-0.151406)
C(-760.000000,-30.000000,-3018.000000)
p(3,0,3,24)
t(3,24,0)
</p>

<p>
c(217,188,128)
n(0.317090,-0.939314,-0.130935)
C(736.666667,-16.666667,-3040.333333)
p(3,4,5,25)
t(5,4,25)
</p>

<p>
c(218,191,135)
n(-0.437808,-0.898616,-0.028515)
C(-805.000000,-51.750000,-2542.500000)
p(4,26,6,3,24)
t(6,26,24)
t(24,3,6)
</p>

<p>
c(217,188,128)
n(0.452774,-0.888790,-0.071057)
C(790.000000,-45.000000,-2571.750000)
p(4,27,8,5,25)
t(5,25,27)
t(27,8,5)
</p>

<p>
c(217,188,128)
n(-0.509751,-0.857965,-0.063633)
C(-815.000000,-75.750000,-1992.500000)
p(4,10,28,26,6)
t(26,6,10)
t(10,28,26)
</p>

<p>
c(218,191,135)
n(-0.521040,0.845125,0.119502)
C(830.000000,-81.500000,-2010.750000)
p(4,27,8,11,29)
t(11,29,27)
t(27,8,11)
</p>

<p>
c(166,143,98)
n(-0.583079,-0.792782,-0.177526)
C(-755.000000,-210.666667,-1370.666667)
p(3,30,12,10)
t(12,30,10)
</p>

<p>
c(171,148,101)
n(-0.589590,-0.795550,-0.139587)
C(-891.250000,-88.000000,-1453.000000)
p(4,28,31,30,10)
t(31,28,10)
t(10,30,31)
</p>

<p>
c(166,143,98)
n(0.586496,-0.803996,-0.098045)
C(761.666667,-204.000000,-1348.333333)
p(3,32,14,11)
t(14,11,32)
</p>

<p>
c(171,148,101)
n(0.558735,-0.827281,-0.058491)
C(913.750000,-85.500000,-1451.250000)
p(4,29,33,32,11)
t(32,11,29)
t(29,33,32)
</p>

<p>
c(166,143,98)
n(-0.678913,-0.732191,-0.054531)
C(-981.250000,-86.500000,-895.000000)
p(4,34,30,31,35)
t(30,34,35)
t(35,31,30)
</p>

<p>
c(161,139,95)
n(-0.686609,-0.722089,-0.084591)
C(-791.250000,-261.000000,-902.000000)
p(4,16,12,30,34)
t(12,16,34)
t(34,30,12)
</p>

<p>
c(166,143,98)
n(-0.670478,0.736569,0.089031)
C(981.250000,-87.500000,-898.000000)
p(4,36,32,33,37)
t(32,36,37)
t(37,33,32)
</p>

<p>
c(161,139,95)
n(-0.662293,0.735785,0.141378)
C(791.250000,-257.000000,-887.500000)
p(4,17,14,32,36)
t(14,17,36)
t(36,32,14)
</p>

<p>
c(161,139,96)
n(-0.755816,-0.643685,-0.120050)
C(-1025.000000,-110.500000,-349.500000)
p(4,38,35,34,39)
t(34,39,38)
t(38,35,34)
</p>

<p>
c(160,138,96)
n(-0.690724,-0.704151,-0.164538)
C(-805.000000,-340.000000,-369.000000)
p(4,34,16,18,39)
t(18,39,34)
t(34,16,18)
</p>

<p>
c(161,139,96)
n(-0.795834,0.602227,0.063011)
C(1012.500000,-116.500000,-357.500000)
p(4,40,37,36,41)
t(36,41,40)
t(40,37,36)
</p>

<p>
c(160,138,96)
n(-0.708582,0.689078,0.151929)
C(810.000000,-347.250000,-357.000000)
p(4,36,17,20,41)
t(20,41,36)
t(36,17,20)
</p>

<p>
c(156,135,94)
n(-0.729286,-0.675306,0.110014)
C(-1012.500000,-125.500000,202.500000)
p(4,42,43,39,38)
t(43,42,38)
t(38,39,43)
</p>

<p>
c(158,138,98)
n(0.613800,0.768979,-0.178666)
C(-750.000000,-373.000000,180.000000)
p(4,43,22,18,39)
t(18,39,43)
t(43,22,18)
</p>

<p>
c(156,135,94)
n(-0.741969,0.669647,-0.032490)
C(1012.500000,-131.000000,195.000000)
p(4,44,45,41,40)
t(45,44,40)
t(40,41,45)
</p>

<p>
c(158,138,98)
n(-0.591637,0.783990,-0.187949)
C(745.000000,-382.250000,185.000000)
p(4,45,23,20,41)
t(23,45,41)
t(41,20,23)
</p>

<p>
c(218,191,135)
n(-0.017165,-0.896296,0.443124)
C(-255.000000,-385.000000,727.000000)
p(4,21,22,46,47)
t(22,21,47)
t(47,46,22)
</p>

<p>
c(217,188,128)
n(0.019991,-0.885426,0.464350)
C(257.500000,-380.500000,732.000000)
p(4,21,23,48,47)
t(48,47,21)
t(21,23,48)
</p>

<p>
c(217,188,128)
n(-0.012384,-0.865850,0.500151)
C(-260.000000,-131.250000,1199.250000)
p(4,46,47,49,50)
t(49,50,46)
t(46,47,49)
</p>

<p>
c(218,191,135)
n(0.013995,-0.876805,0.480642)
C(250.000000,-126.750000,1204.250000)
p(4,48,47,49,51)
t(47,48,51)
t(51,49,47)
</p>

<p>
c(166,143,98)
n(0.545328,0.786623,-0.289555)
C(-626.666667,-336.666667,638.000000)
p(3,43,22,46)
t(22,43,46)
</p>

<p>
c(161,139,96)
n(0.552004,0.806951,-0.210051)
C(-870.000000,-130.000000,732.000000)
p(4,52,42,43,46)
t(42,52,46)
t(46,43,42)
</p>

<p>
c(166,143,98)
n(0.511087,-0.802357,0.308243)
C(623.333333,-338.000000,638.000000)
p(3,45,23,48)
t(23,45,48)
</p>

<p>
c(161,139,96)
n(-0.536242,0.806769,-0.248131)
C(885.000000,-131.000000,722.000000)
p(4,53,44,45,48)
t(45,48,53)
t(53,44,45)
</p>

<p>
c(166,143,98)
n(0.432975,0.726780,-0.533221)
C(-676.666667,-93.333333,1109.333333)
p(3,46,52,50)
t(52,50,46)
</p>

<p>
c(166,143,98)
n(-0.421434,0.739921,-0.524319)
C(670.000000,-87.333333,1116.000000)
p(3,48,53,51)
t(53,48,51)
</p>

