v(0.000000,0.000000,-1120.000000)
v(0.000000,0.000000,-1680.000000)
v(700.000000,0.000000,-1680.000000)
v(700.000000,0.000000,-1120.000000)
v(-700.000000,0.000000,-1120.000000)
v(-700.000000,0.000000,-1680.000000)
v(-700.000000,0.000000,-560.000000)
v(0.000000,0.000000,-560.000000)
v(700.000000,0.000000,-560.000000)
v(-700.000000,0.000000,0.000000)
v(0.000000,0.000000,0.000000)
v(700.000000,0.000000,0.000000)
v(840.000000,0.000000,-840.000000)
v(840.000000,0.000000,0.000000)
v(700.000000,0.000000,-840.000000)
v(840.000000,0.000000,-1680.000000)
v(-840.000000,0.000000,-840.000000)
v(-840.000000,0.000000,0.000000)
v(-700.000000,0.000000,-840.000000)
v(-840.000000,0.000000,-1680.000000)
v(-700.000000,0.000000,-1820.000000)
v(0.000000,0.000000,-1890.000000)
v(700.000000,0.000000,-1820.000000)
v(-20.000000,0.000000,-280.000000)
v(-20.000000,0.000000,-840.000000)
v(20.000000,0.000000,-840.000000)
v(20.000000,0.000000,-280.000000)
v(-670.000000,0.000000,-520.000000)
v(-670.000000,0.000000,-600.000000)
v(-630.000000,0.000000,-600.000000)
v(-630.000000,0.000000,-520.000000)
v(670.000000,0.000000,-520.000000)
v(670.000000,0.000000,-600.000000)
v(630.000000,0.000000,-600.000000)
v(630.000000,0.000000,-520.000000)
v(-160.000000,0.000000,-1650.000000)
v(-160.000000,0.000000,-1610.000000)
v(160.000000,0.000000,-1610.000000)
v(160.000000,0.000000,-1650.000000)

<p>
c(150,150,150)
n(0.000000,1.000000,0.000000)
C(350.000000,0.000000,-1400.000000)
p(4,0,1,2,3)
t(1,0,3)
t(3,2,1)
</p>

<p>
c(150,150,150)
n(0.000000,1.000000,0.000000)
C(-350.000000,0.000000,-1400.000000)
p(4,4,5,1,0)
t(5,4,0)
t(0,1,5)
</p>

<p>
c(150,150,150)
n(0.000000,1.000000,0.000000)
C(-350.000000,0.000000,-840.000000)
p(4,4,6,7,0)
t(7,0,4)
t(4,6,7)
</p>

<p>
c(145,145,145)
n(0.000000,1.000000,0.000000)
C(350.000000,0.000000,-840.000000)
p(4,0,7,8,3)
t(8,3,0)
t(0,7,8)
</p>

<p>
c(145,145,145)
n(0.000000,1.000000,0.000000)
C(-350.000000,0.000000,-280.000000)
p(4,9,6,7,10)
t(6,9,10)
t(10,7,6)
</p>

<p>
c(145,145,145)
n(0.000000,1.000000,0.000000)
C(350.000000,0.000000,-280.000000)
p(4,10,7,8,11)
t(7,10,11)
t(11,8,7)
</p>

<p>
c(180,180,180)
n(0.000000,1.000000,0.000000)
C(770.000000,0.000000,-420.000000)
p(4,12,13,11,14)
t(13,12,14)
t(14,11,13)
</p>

<p>
c(180,180,180)
n(0.000000,1.000000,0.000000)
C(770.000000,0.000000,-1260.000000)
p(4,12,15,2,14)
t(2,14,12)
t(12,15,2)
</p>

<p>
c(180,180,180)
n(0.000000,1.000000,0.000000)
C(-770.000000,0.000000,-420.000000)
p(4,16,17,9,18)
t(9,18,16)
t(16,17,9)
</p>

<p>
c(180,180,180)
n(0.000000,1.000000,0.000000)
C(-770.000000,0.000000,-1260.000000)
p(4,16,19,5,18)
t(19,16,18)
t(18,5,19)
</p>

<p>
c(180,180,180)
n(0.000000,1.000000,0.000000)
C(-385.000000,0.000000,-1767.500000)
p(4,20,19,1,21)
t(1,21,20)
t(20,19,1)
</p>

<p>
c(180,180,180)
n(0.000000,1.000000,0.000000)
C(385.000000,0.000000,-1767.500000)
p(4,22,15,1,21)
t(15,22,21)
t(21,1,15)
</p>

<p>
c(180,180,180)
n(0.000000,1.000000,0.000000)
C(0.000000,0.000000,-560.000000)
p(4,23,24,25,26)
t(24,23,26)
t(26,25,24)
</p>

<p>
c(206,140,19)
light()
n(0.000000,1.000000,0.000000)
C(-650.000000,0.000000,-560.000000)
p(4,27,28,29,30)
t(28,27,30)
t(30,29,28)
</p>

<p>
c(206,140,19)
light()
n(0.000000,1.000000,0.000000)
C(650.000000,0.000000,-560.000000)
p(4,31,32,33,34)
t(33,34,31)
t(31,32,33)
</p>

<p>
c(206,140,19)
light()
n(0.000000,1.000000,0.000000)
C(0.000000,0.000000,-1630.000000)
p(4,35,36,37,38)
t(37,38,35)
t(35,36,37)
</p>

