v(-240.000000,-240.000000,-60.000000)
v(-210.000000,0.000000,-270.000000)
v(-120.000000,0.000000,0.000000)
v(-240.000000,-240.000000,0.000000)
v(-240.000000,-240.000000,60.000000)
v(-210.000000,0.000000,270.000000)
v(-360.000000,-240.000000,-60.000000)
v(-390.000000,0.000000,-270.000000)
v(-480.000000,0.000000,0.000000)
v(-360.000000,-240.000000,0.000000)
v(-360.000000,-240.000000,60.000000)
v(-390.000000,0.000000,270.000000)
v(-240.000000,-720.000000,-60.000000)
v(-240.000000,-720.000000,60.000000)
v(-360.000000,-720.000000,-60.000000)
v(-360.000000,-720.000000,60.000000)
v(240.000000,-240.000000,-60.000000)
v(210.000000,0.000000,-270.000000)
v(120.000000,0.000000,0.000000)
v(240.000000,-240.000000,0.000000)
v(240.000000,-240.000000,60.000000)
v(210.000000,0.000000,270.000000)
v(360.000000,-240.000000,-60.000000)
v(390.000000,0.000000,-270.000000)
v(480.000000,0.000000,0.000000)
v(360.000000,-240.000000,0.000000)
v(360.000000,-240.000000,60.000000)
v(390.000000,0.000000,270.000000)
v(240.000000,-720.000000,-60.000000)
v(240.000000,-720.000000,60.000000)
v(360.000000,-720.000000,-60.000000)
v(360.000000,-720.000000,60.000000)
v(240.000000,-330.000000,60.000000)
v(300.000000,-630.000000,60.000000)
v(240.000000,-630.000000,60.000000)
v(360.000000,-330.000000,60.000000)
v(300.000000,-330.000000,60.000000)
v(360.000000,-630.000000,60.000000)
v(360.000000,-330.000000,-60.000000)
v(300.000000,-630.000000,-60.000000)
v(360.000000,-630.000000,-60.000000)
v(240.000000,-330.000000,-60.000000)
v(300.000000,-330.000000,-60.000000)
v(240.000000,-630.000000,-60.000000)
v(240.000000,-630.000000,0.000000)
v(240.000000,-330.000000,0.000000)
v(360.000000,-630.000000,0.000000)
v(360.000000,-330.000000,0.000000)
v(-360.000000,-330.000000,60.000000)
v(-300.000000,-630.000000,60.000000)
v(-360.000000,-630.000000,60.000000)
v(-240.000000,-330.000000,60.000000)
v(-300.000000,-330.000000,60.000000)
v(-240.000000,-630.000000,60.000000)
v(-240.000000,-330.000000,-60.000000)
v(-300.000000,-630.000000,-60.000000)
v(-240.000000,-630.000000,-60.000000)
v(-360.000000,-330.000000,-60.000000)
v(-300.000000,-330.000000,-60.000000)
v(-360.000000,-630.000000,-60.000000)
v(-360.000000,-630.000000,0.000000)
v(-360.000000,-330.000000,0.000000)
v(-240.000000,-630.000000,0.000000)
v(-240.000000,-330.000000,0.000000)

<p>
c(160,160,160)
n(-0.874436,0.396543,0.279490)
p(4,0,1,2,3)
t(1,0,3)
t(3,2,1)
</p>

<p>
c(160,160,160)
n(-0.874436,0.396543,-0.279490)
p(4,4,5,2,3)
t(2,3,4)
t(4,5,2)
</p>

<p>
c(160,160,160)
n(-0.874436,-0.396543,-0.279490)
p(4,6,7,8,9)
t(7,6,9)
t(9,8,7)
</p>

<p>
c(160,160,160)
n(-0.874436,-0.396543,0.279490)
p(4,10,11,8,9)
t(8,9,10)
t(10,11,8)
</p>

<p>
c(150,150,150)
n(0.000000,-0.658505,-0.752577)
p(4,6,0,1,7)
t(0,6,7)
t(7,1,0)
</p>

<p>
c(150,150,150)
n(0.000000,0.658505,-0.752577)
p(4,10,4,5,11)
t(4,10,11)
t(11,5,4)
</p>

<p>
c(150,150,150)
n(1.000000,0.000000,0.000000)
p(4,4,0,12,13)
t(0,4,13)
t(13,12,0)
</p>

<p>
c(150,150,150)
n(1.000000,0.000000,0.000000)
p(4,10,6,14,15)
t(6,10,15)
t(15,14,6)
</p>

<p>
c(170,170,170)
n(0.000000,0.000000,1.000000)
p(4,4,10,15,13)
t(15,13,4)
t(4,10,15)
</p>

<p>
c(170,170,170)
n(0.000000,0.000000,1.000000)
p(4,0,6,14,12)
t(14,12,0)
t(0,6,14)
</p>

<p>
c(150,150,150)
n(0.000000,1.000000,0.000000)
p(4,13,15,14,12)
t(15,13,12)
t(12,14,15)
</p>

<p>
c(160,160,160)
n(-0.874436,-0.396543,-0.279490)
p(4,16,17,18,19)
t(17,16,19)
t(19,18,17)
</p>

<p>
c(160,160,160)
n(-0.874436,-0.396543,0.279490)
p(4,20,21,18,19)
t(18,19,20)
t(20,21,18)
</p>

<p>
c(160,160,160)
n(-0.874436,0.396543,0.279490)
p(4,22,23,24,25)
t(23,22,25)
t(25,24,23)
</p>

<p>
c(160,160,160)
n(-0.874436,0.396543,-0.279490)
p(4,26,27,24,25)
t(24,25,26)
t(26,27,24)
</p>

<p>
c(150,150,150)
n(0.000000,-0.658505,-0.752577)
p(4,22,16,17,23)
t(17,23,22)
t(22,16,17)
</p>

<p>
c(150,150,150)
n(0.000000,0.658505,-0.752577)
p(4,26,20,21,27)
t(21,27,26)
t(26,20,21)
</p>

<p>
c(150,150,150)
n(1.000000,0.000000,0.000000)
p(4,20,16,28,29)
t(16,20,29)
t(29,28,16)
</p>

<p>
c(150,150,150)
n(1.000000,0.000000,0.000000)
p(4,26,22,30,31)
t(22,26,31)
t(31,30,22)
</p>

<p>
c(170,170,170)
n(0.000000,0.000000,1.000000)
p(4,20,26,31,29)
t(26,20,29)
t(29,31,26)
</p>

<p>
c(170,170,170)
n(0.000000,0.000000,1.000000)
p(4,16,22,30,28)
t(22,16,28)
t(28,30,22)
</p>

<p>
c(150,150,150)
n(0.000000,1.000000,0.000000)
p(4,29,31,30,28)
t(30,28,29)
t(29,31,30)
</p>

<p>
c(40,40,40)
n(0.000000,0.000000,1.000000)
p(3,32,33,34)
t(33,32,34)
</p>

<p>
c(40,40,40)
n(0.000000,0.000000,1.000000)
p(3,35,36,37)
t(36,37,35)
</p>

<p>
c(201,177,10)
n(0.000000,0.000000,1.000000)
p(4,32,36,37,33)
t(36,32,33)
t(33,37,36)
</p>

<p>
c(40,40,40)
n(0.000000,0.000000,1.000000)
p(3,38,39,40)
t(39,40,38)
</p>

<p>
c(40,40,40)
n(0.000000,0.000000,1.000000)
p(3,41,42,43)
t(42,41,43)
</p>

<p>
c(201,177,10)
n(0.000000,0.000000,1.000000)
p(4,38,42,43,39)
t(43,39,38)
t(38,42,43)
</p>

<p>
c(40,40,40)
n(1.000000,0.000000,0.000000)
p(3,44,43,41)
t(43,41,44)
</p>

<p>
c(40,40,40)
n(1.000000,0.000000,0.000000)
p(3,45,34,32)
t(34,45,32)
</p>

<p>
c(201,177,10)
n(1.000000,0.000000,0.000000)
p(4,41,45,34,44)
t(34,44,41)
t(41,45,34)
</p>

<p>
c(40,40,40)
n(1.000000,0.000000,0.000000)
p(3,46,37,35)
t(37,46,35)
</p>

<p>
c(40,40,40)
n(1.000000,0.000000,0.000000)
p(3,47,40,38)
t(40,38,47)
</p>

<p>
c(201,177,10)
n(1.000000,0.000000,0.000000)
p(4,35,47,40,46)
t(47,35,46)
t(46,40,47)
</p>

<p>
c(40,40,40)
n(0.000000,0.000000,1.000000)
p(3,48,49,50)
t(49,48,50)
</p>

<p>
c(40,40,40)
n(0.000000,0.000000,1.000000)
p(3,51,52,53)
t(52,53,51)
</p>

<p>
c(201,177,10)
n(0.000000,0.000000,1.000000)
p(4,48,52,53,49)
t(52,48,49)
t(49,53,52)
</p>

<p>
c(40,40,40)
n(0.000000,0.000000,1.000000)
p(3,54,55,56)
t(55,56,54)
</p>

<p>
c(40,40,40)
n(0.000000,0.000000,1.000000)
p(3,57,58,59)
t(58,57,59)
</p>

<p>
c(201,177,10)
n(0.000000,0.000000,1.000000)
p(4,54,58,59,55)
t(59,55,54)
t(54,58,59)
</p>

<p>
c(40,40,40)
n(1.000000,0.000000,0.000000)
p(3,60,59,57)
t(59,57,60)
</p>

<p>
c(40,40,40)
n(1.000000,0.000000,0.000000)
p(3,61,50,48)
t(50,61,48)
</p>

<p>
c(201,177,10)
n(1.000000,0.000000,0.000000)
p(4,57,61,50,60)
t(50,60,57)
t(57,61,50)
</p>

<p>
c(40,40,40)
n(1.000000,0.000000,0.000000)
p(3,62,53,51)
t(53,62,51)
</p>

<p>
c(40,40,40)
n(1.000000,0.000000,0.000000)
p(3,63,56,54)
t(56,54,63)
</p>

<p>
c(201,177,10)
n(1.000000,0.000000,0.000000)
p(4,51,63,56,62)
t(63,51,62)
t(62,56,63)
</p>

