v(-65.600000,-20.500000,112.750000)
v(-69.700000,-28.700000,0.000000)
v(-30.750000,-28.700000,10.250000)
v(-30.750000,-20.500000,106.600000)
v(-10.250000,-28.700000,10.250000)
v(-10.250000,-24.600000,106.600000)
v(65.600000,-20.500000,112.750000)
v(69.700000,-28.700000,0.000000)
v(30.750000,-28.700000,10.250000)
v(30.750000,-20.500000,106.600000)
v(10.250000,-28.700000,10.250000)
v(10.250000,-24.600000,106.600000)
v(-63.550000,-28.700000,0.000000)
v(-51.250000,-53.300000,-34.850000)
v(-45.100000,-53.300000,-34.850000)
v(63.550000,-28.700000,0.000000)
v(51.250000,-53.300000,-34.850000)
v(45.100000,-53.300000,-34.850000)
v(0.000000,-53.300000,-26.650000)
v(-47.150000,-53.300000,-90.200000)
v(47.150000,-53.300000,-90.200000)
v(36.900000,-53.300000,-100.450000)
v(0.000000,-53.300000,-106.600000)
v(-36.900000,-53.300000,-100.450000)
v(-51.250000,-53.300000,-45.100000)
v(-69.700000,-28.700000,-10.250000)
v(51.250000,-53.300000,-45.100000)
v(69.700000,-28.700000,-10.250000)
v(-65.600000,-28.700000,-112.750000)
v(65.600000,-28.700000,-112.750000)
v(-51.250000,-28.700000,-135.300000)
v(51.250000,-28.700000,-135.300000)
v(0.000000,-53.300000,-102.500000)
v(0.000000,-28.700000,-137.350000)
v(-71.750000,-41.000000,-225.500000)
v(-20.500000,-28.700000,-215.250000)
v(-20.500000,-28.700000,-137.350000)
v(71.750000,-41.000000,-225.500000)
v(20.500000,-28.700000,-215.250000)
v(20.500000,-28.700000,-137.350000)
v(-69.700000,14.350000,24.600000)
v(-69.700000,14.350000,0.000000)
v(-69.700000,-22.550000,8.200000)
v(-69.700000,-10.250000,8.200000)
v(-69.700000,-10.250000,10.250000)
v(-69.700000,-10.250000,16.400000)
v(-69.700000,-10.250000,18.450000)
v(-69.700000,-10.250000,24.600000)
v(-69.700000,-10.250000,26.650000)
v(-69.700000,-10.250000,32.800000)
v(-69.700000,-10.250000,34.850000)
v(-69.700000,-22.550000,34.850000)
v(-69.700000,-22.550000,32.800000)
v(-69.700000,-22.550000,26.650000)
v(-69.700000,-22.550000,24.600000)
v(-69.700000,-22.550000,18.450000)
v(-69.700000,-22.550000,16.400000)
v(-69.700000,-22.550000,10.250000)
v(-65.600000,-6.150000,102.500000)
v(-65.600000,10.250000,102.500000)
v(-67.650000,14.350000,86.100000)
v(-67.650000,-6.150000,75.850000)
v(-69.700000,-6.150000,34.850000)
v(-65.600000,14.350000,-102.500000)
v(-63.550000,12.300000,-118.900000)
v(-63.550000,-6.150000,-127.100000)
v(-65.600000,-6.150000,-168.100000)
v(-65.600000,4.100000,-174.250000)
v(-71.750000,0.000000,-205.000000)
v(-71.750000,-20.500000,-205.000000)
v(-67.650000,22.550000,86.100000)
v(-65.600000,18.450000,102.500000)
v(-69.700000,22.550000,24.600000)
v(-65.600000,22.550000,-102.500000)
v(-63.550000,22.550000,-118.900000)
v(-65.600000,14.350000,-178.350000)
v(-65.600000,22.550000,-178.350000)
v(69.700000,14.350000,24.600000)
v(69.700000,14.350000,0.000000)
v(69.700000,-22.550000,8.200000)
v(69.700000,-10.250000,8.200000)
v(69.700000,-10.250000,10.250000)
v(69.700000,-10.250000,16.400000)
v(69.700000,-10.250000,18.450000)
v(69.700000,-10.250000,24.600000)
v(69.700000,-10.250000,26.650000)
v(69.700000,-10.250000,32.800000)
v(69.700000,-10.250000,34.850000)
v(69.700000,-22.550000,34.850000)
v(69.700000,-22.550000,32.800000)
v(69.700000,-22.550000,26.650000)
v(69.700000,-22.550000,24.600000)
v(69.700000,-22.550000,18.450000)
v(69.700000,-22.550000,16.400000)
v(69.700000,-22.550000,10.250000)
v(65.600000,-6.150000,102.500000)
v(65.600000,10.250000,102.500000)
v(67.650000,14.350000,86.100000)
v(67.650000,-6.150000,75.850000)
v(69.700000,-6.150000,34.850000)
v(65.600000,14.350000,-102.500000)
v(63.550000,12.300000,-118.900000)
v(63.550000,-6.150000,-127.100000)
v(65.600000,-6.150000,-168.100000)
v(65.600000,4.100000,-174.250000)
v(71.750000,0.000000,-205.000000)
v(71.750000,-20.500000,-205.000000)
v(67.650000,22.550000,86.100000)
v(65.600000,18.450000,102.500000)
v(69.700000,22.550000,24.600000)
v(65.600000,22.550000,-102.500000)
v(63.550000,22.550000,-118.900000)
v(65.600000,14.350000,-178.350000)
v(65.600000,22.550000,-178.350000)
v(-63.550000,-16.400000,102.500000)
v(-63.550000,-2.050000,102.500000)
v(-30.750000,-4.100000,102.500000)
v(-32.800000,-12.300000,102.500000)
v(63.550000,-16.400000,102.500000)
v(63.550000,-2.050000,102.500000)
v(30.750000,-4.100000,102.500000)
v(32.800000,-12.300000,102.500000)
v(-26.650000,-4.100000,102.500000)
v(26.650000,-4.100000,102.500000)
v(-20.500000,-20.500000,-205.000000)
v(20.500000,-20.500000,-205.000000)
v(-67.650000,-18.450000,-205.000000)
v(-67.650000,-8.200000,-205.000000)
v(-34.850000,-12.300000,-205.000000)
v(-34.850000,-18.450000,-205.000000)
v(67.650000,-18.450000,-205.000000)
v(67.650000,-8.200000,-205.000000)
v(34.850000,-12.300000,-205.000000)
v(34.850000,-18.450000,-205.000000)

<p>
c(133,186,255)
outline()
n(-0.005198,-0.996953,0.077832)
p(4,0,1,2,3)
t(2,3,0)
t(0,1,2)
</p>

<p>
c(255,150,89)
outline()
n(0.100282,0.992937,-0.063407)
p(4,2,4,5,3)
t(4,2,3)
t(3,5,4)
</p>

<p>
c(133,186,255)
outline()
n(0.005198,-0.996953,0.077832)
p(4,6,7,8,9)
t(7,6,9)
t(9,8,7)
</p>

<p>
c(255,150,89)
outline()
n(-0.100282,0.992937,-0.063407)
p(4,8,10,11,9)
t(11,9,8)
t(8,10,11)
</p>

<p>
c(133,186,255)
outline()
n(0.000000,0.999096,-0.042515)
p(4,4,5,11,10)
t(11,10,4)
t(4,5,11)
</p>

<p>
c(133,186,255)
outline()
n(-0.000000,-0.816968,0.576683)
p(4,12,1,13,14)
t(13,14,12)
t(12,1,13)
</p>

<p>
c(133,186,255)
outline()
n(0.000000,-0.816968,0.576683)
p(4,15,7,16,17)
t(7,15,17)
t(17,16,7)
</p>

<p>
glass()
outline()
n(0.000000,0.845164,-0.534506)
p(7,2,12,14,18,17,15,8)
t(12,2,8)
t(8,15,17)
t(18,14,12)
t(12,8,17)
t(17,18,12)
</p>

<p>
c(133,186,255)
outline()
n(0.000000,1.000000,0.000000)
p(8,19,13,18,16,20,21,22,23)
t(22,23,19)
t(19,13,18)
t(18,16,20)
t(20,21,22)
t(22,19,18)
t(18,20,22)
</p>

<p>
c(133,186,255)
outline()
n(0.800000,0.600000,0.000000)
p(4,13,24,25,1)
t(25,1,13)
t(13,24,25)
</p>

<p>
c(133,186,255)
outline()
n(-0.800000,0.600000,0.000000)
p(4,16,26,27,7)
t(26,16,7)
t(7,27,26)
</p>

<p>
glass()
outline()
n(-0.803359,-0.594234,-0.038743)
p(4,24,19,28,25)
t(19,24,25)
t(25,28,19)
</p>

<p>
glass()
outline()
n(-0.803359,0.594234,0.038743)
p(4,26,20,29,27)
t(20,26,27)
t(27,29,20)
</p>

<p>
c(133,186,255)
outline()
n(0.516002,0.774032,0.366901)
p(4,19,23,30,28)
t(30,28,19)
t(19,23,30)
</p>

<p>
c(133,186,255)
outline()
n(-0.516002,0.774032,0.366901)
p(4,20,21,31,29)
t(21,20,29)
t(29,31,21)
</p>

<p>
glass()
outline()
n(0.000000,0.817525,0.575893)
p(6,30,23,32,21,31,33)
t(31,33,30)
t(30,23,32)
t(32,21,31)
t(31,30,32)
</p>

<p>
c(133,186,255)
outline()
n(0.139416,-0.987606,0.072088)
p(5,28,34,35,36,30)
t(30,28,34)
t(34,35,36)
t(36,30,34)
</p>

<p>
c(133,186,255)
outline()
n(-0.139416,-0.987606,0.072088)
p(5,29,37,38,39,31)
t(37,29,31)
t(31,39,38)
t(38,37,31)
</p>

<p>
c(255,150,89)
outline()
n(0.000000,1.000000,0.000000)
p(5,39,38,35,36,33)
t(33,39,38)
t(38,35,36)
t(36,33,38)
</p>

<p>
c(133,186,255)
outline()
n(0.999231,0.001991,-0.039163)
p(27,40,41,1,42,43,44,45,46,47,48,49,50,51,52,53,54,55,56,57,42,1,0,58,59,60,61,62)
t(61,60,59)
t(58,0,50)
t(50,49,48)
t(48,47,46)
t(46,45,44)
t(42,57,56)
t(55,54,53)
t(51,50,0)
t(41,40,62)
t(61,59,58)
t(58,50,48)
t(48,46,44)
t(42,56,55)
t(55,53,52)
t(51,0,1)
t(62,61,58)
t(58,48,44)
t(52,51,1)
t(62,58,44)
t(55,52,1)
t(41,62,44)
t(42,55,1)
t(41,44,43)
t(43,42,1)
t(1,41,43)
</p>

<p>
c(50,50,50)
outline()
n(1.000000,0.000000,0.000000)
p(20,50,43,42,51,50,49,52,53,48,47,54,55,46,45,56,57,44,43,42,43)
</p>

<p>
c(133,186,255)
outline()
n(1.000000,0.000000,0.000000)
p(4,49,52,53,48)
t(53,48,49)
t(49,52,53)
</p>

<p>
c(133,186,255)
outline()
n(1.000000,0.000000,0.000000)
p(4,47,54,55,46)
t(55,46,47)
t(47,54,55)
</p>

<p>
c(133,186,255)
outline()
n(1.000000,0.000000,0.000000)
p(4,45,56,57,44)
t(57,44,45)
t(45,56,57)
</p>

<p>
c(133,186,255)
outline()
n(0.999268,-0.004522,0.037981)
p(4,28,1,41,63)
t(1,28,63)
t(63,41,1)
</p>

<p>
c(133,186,255)
outline()
n(0.997841,-0.025892,-0.060350)
p(9,34,28,63,64,65,66,67,68,69)
t(28,34,69)
t(69,68,67)
t(65,64,63)
t(69,67,66)
t(65,63,28)
t(28,69,66)
t(66,65,28)
</p>

<p>
c(50,50,50)
outline()
n(-0.992278,0.000000,0.124035)
p(4,59,60,70,71)
t(60,59,71)
t(71,70,60)
</p>

<p>
c(50,50,50)
outline()
n(0.998977,-0.030476,0.033424)
p(5,72,40,41,63,73)
t(63,73,72)
t(72,40,41)
t(41,63,72)
</p>

<p>
c(50,50,50)
outline()
n(-0.992278,0.000000,-0.124035)
p(4,63,64,74,73)
t(64,63,73)
t(73,74,64)
</p>

<p>
c(50,50,50)
outline()
n(0.980256,-0.045245,-0.192485)
p(4,68,67,75,76)
t(68,76,75)
t(75,67,68)
</p>

<p>
c(133,186,255)
outline()
n(-0.999231,0.001991,-0.039163)
p(27,77,78,7,79,80,81,82,83,84,85,86,87,88,89,90,91,92,93,94,79,7,6,95,96,97,98,99)
t(99,77,78)
t(78,7,79)
t(80,81,82)
t(83,84,85)
t(85,86,87)
t(89,90,91)
t(92,93,94)
t(94,79,7)
t(95,96,97)
t(78,79,80)
t(80,82,83)
t(89,91,92)
t(92,94,7)
t(6,95,97)
t(99,78,80)
t(80,83,85)
t(89,92,7)
t(6,97,98)
t(98,99,80)
t(88,89,7)
t(98,80,85)
t(88,7,6)
t(98,85,87)
t(87,88,6)
t(6,98,87)
</p>

<p>
c(50,50,50)
outline()
n(1.000000,0.000000,0.000000)
p(20,87,80,79,88,87,86,89,90,85,84,91,92,83,82,93,94,81,80,79,80)
</p>

<p>
c(133,186,255)
outline()
n(1.000000,0.000000,0.000000)
p(4,86,89,90,85)
t(90,85,86)
t(86,89,90)
</p>

<p>
c(133,186,255)
outline()
n(1.000000,0.000000,0.000000)
p(4,84,91,92,83)
t(92,83,84)
t(84,91,92)
</p>

<p>
c(133,186,255)
outline()
n(1.000000,0.000000,0.000000)
p(4,82,93,94,81)
t(94,81,82)
t(82,93,94)
</p>

<p>
c(133,186,255)
outline()
n(0.999268,0.004522,-0.037981)
p(4,29,7,78,100)
t(7,29,100)
t(100,78,7)
</p>

<p>
c(133,186,255)
outline()
n(-0.997841,-0.025892,-0.060350)
p(9,37,29,100,101,102,103,104,105,106)
t(106,37,29)
t(29,100,101)
t(103,104,105)
t(105,106,29)
t(29,101,102)
t(103,105,29)
t(29,102,103)
</p>

<p>
c(50,50,50)
outline()
n(0.992278,0.000000,0.124035)
p(4,96,97,107,108)
t(107,108,96)
t(96,97,107)
</p>

<p>
c(50,50,50)
outline()
n(-0.998977,-0.030476,0.033424)
p(5,109,77,78,100,110)
t(77,109,110)
t(110,100,78)
t(78,77,110)
</p>

<p>
c(50,50,50)
outline()
n(0.992278,0.000000,-0.124035)
p(4,100,101,111,110)
t(111,110,100)
t(100,101,111)
</p>

<p>
c(50,50,50)
outline()
n(-0.980256,-0.045245,-0.192485)
p(4,105,104,112,113)
t(112,113,105)
t(105,104,112)
</p>

<p>
c(255,255,255)
light()
outline()
n(0.000000,0.000000,1.000000)
p(4,114,115,116,117)
t(115,114,117)
t(117,116,115)
</p>

<p>
c(255,255,255)
light()
outline()
n(0.000000,0.000000,1.000000)
p(4,118,119,120,121)
t(120,121,118)
t(118,119,120)
</p>

<p>
c(90,90,90) 
outline()
n(-0.000000,0.209855,0.977732)
p(6,5,3,122,123,9,11)
t(3,5,11)
t(11,9,123)
t(123,122,3)
t(3,11,123)
</p>

<p>
c(133,186,255)
outline()
n(0.031352,0.345833,0.937772)
p(8,3,0,58,115,114,117,116,122)
t(3,122,116)
t(114,115,58)
t(3,116,117)
t(114,58,0)
t(0,3,117)
t(117,114,0)
</p>

<p>
c(133,186,255)
outline()
n(-0.031352,0.345833,0.937772)
p(8,9,6,95,119,118,121,120,123)
t(120,123,9)
t(6,95,119)
t(121,120,9)
t(6,119,118)
t(118,121,9)
t(9,6,118)
</p>

<p>
c(133,186,255)
outline()
n(0.000000,-0.000000,1.000000)
p(10,59,96,95,119,120,123,122,116,115,58)
t(59,58,115)
t(115,116,122)
t(123,120,119)
t(119,95,96)
t(96,59,115)
t(115,122,123)
t(123,119,96)
t(96,115,123)
</p>

<p>
c(50,50,50)
outline()
n(0.000000,0.000000,1.000000)
p(4,59,71,108,96)
t(71,59,96)
t(96,108,71)
</p>

<p>
c(133,186,255)
outline()
n(0.017059,-0.720132,0.693627)
p(4,34,69,124,35)
t(69,34,35)
t(35,124,69)
</p>

<p>
c(133,186,255)
outline()
n(-0.017059,-0.720132,0.693627)
p(4,37,106,125,38)
t(125,38,37)
t(37,106,125)
</p>

<p>
c(255,150,89)
outline()
n(0.000000,0.780869,-0.624695)
p(4,35,124,125,38)
t(125,38,35)
t(35,124,125)
</p>

<p>
c(200,60,60)
light()
outline()
n(0.000000,0.000000,1.000000)
p(4,126,127,128,129)
t(127,126,129)
t(129,128,127)
</p>

<p>
c(200,60,60)
light()
outline()
n(0.000000,0.000000,1.000000)
p(4,130,131,132,133)
t(132,133,130)
t(130,131,132)
</p>

<p>
c(133,186,255)
outline()
n(0.000000,0.000000,1.000000)
p(8,132,131,105,68,127,128,129,133)
t(129,133,132)
t(132,131,105)
t(105,68,127)
t(128,129,132)
t(132,105,127)
t(127,128,132)
</p>

<p>
c(133,186,255)
outline()
n(0.000000,0.000000,1.000000)
p(10,68,69,106,105,131,130,133,129,126,127)
t(126,127,68)
t(106,105,131)
t(126,68,69)
t(106,131,130)
t(129,126,69)
t(69,106,130)
t(133,129,69)
t(69,130,133)
</p>

<p>
c(50,50,50)
outline()
n(0.000000,0.763386,-0.645942)
p(4,68,105,113,76)
t(105,68,76)
t(76,113,105)
</p>

<p>
c(70,70,70)
outline()
n(0.000000,0.970143,0.242536)
p(4,108,107,70,71)
t(70,71,108)
t(108,107,70)
</p>

<p>
c(70,70,70)
outline()
n(0.000000,1.000000,0.000000)
p(4,109,107,70,72)
t(107,109,72)
t(72,70,107)
</p>

<p>
c(70,70,70)
outline()
n(0.000000,1.000000,0.000000)
p(4,109,110,73,72)
t(73,72,109)
t(109,110,73)
</p>

<p>
c(70,70,70)
outline()
n(0.000000,1.000000,0.000000)
p(4,111,110,73,74)
t(110,111,74)
t(74,73,110)
</p>

<p>
c(70,70,70)
outline()
n(0.000000,1.000000,0.000000)
p(4,111,113,76,74)
t(76,74,111)
t(111,113,76)
</p>

