v(140.000000,0.000000,-2240.000000)
v(70.000000,0.000000,-2800.000000)
v(840.000000,0.000000,-2800.000000)
v(910.000000,0.000000,-2240.000000)
v(-20.000000,0.000000,-2520.000000)
v(20.000000,0.000000,-2520.000000)
v(20.000000,0.000000,-2240.000000)
v(-840.000000,0.000000,-2800.000000)
v(-910.000000,0.000000,-2240.000000)
v(-20.000000,0.000000,-2240.000000)
v(-70.000000,0.000000,-1680.000000)
v(770.000000,0.000000,-1680.000000)
v(-20.000000,0.000000,-1960.000000)
v(-770.000000,0.000000,-1680.000000)
v(20.000000,0.000000,-1960.000000)
v(840.000000,0.000000,-1120.000000)
v(20.000000,0.000000,-1120.000000)
v(20.000000,0.000000,-1400.000000)
v(-20.000000,0.000000,-1400.000000)
v(-20.000000,0.000000,-1280.000000)
v(-840.000000,0.000000,-1120.000000)
v(-20.000000,0.000000,-1120.000000)
v(-140.000000,0.000000,-560.000000)
v(840.000000,0.000000,-560.000000)
v(20.000000,0.000000,-840.000000)
v(-20.000000,0.000000,-840.000000)
v(-20.000000,0.000000,-1040.000000)
v(-770.000000,0.000000,-560.000000)
v(-840.000000,0.000000,0.000000)
v(-70.000000,0.000000,0.000000)
v(700.000000,0.000000,0.000000)
v(20.000000,0.000000,0.000000)
v(20.000000,0.000000,-280.000000)
v(-20.000000,0.000000,-280.000000)
v(-20.000000,0.000000,0.000000)
v(-770.000000,0.000000,560.000000)
v(0.000000,0.000000,560.000000)
v(700.000000,0.000000,560.000000)
v(20.000000,0.000000,280.000000)
v(-20.000000,0.000000,280.000000)
v(910.000000,0.000000,1120.000000)
v(20.000000,0.000000,1120.000000)
v(20.000000,0.000000,840.000000)
v(0.000000,0.000000,840.000000)
v(-20.000000,0.000000,840.000000)
v(-20.000000,0.000000,1120.000000)
v(-700.000000,0.000000,1120.000000)
v(-70.000000,0.000000,1680.000000)
v(-20.000000,0.000000,1280.000000)
v(-20.000000,0.000000,1400.000000)
v(0.000000,0.000000,1400.000000)
v(20.000000,0.000000,1400.000000)
v(840.000000,0.000000,1680.000000)
v(-770.000000,0.000000,1680.000000)
v(-910.000000,0.000000,2240.000000)
v(140.000000,0.000000,2240.000000)
v(20.000000,0.000000,2240.000000)
v(20.000000,0.000000,1960.000000)
v(-20.000000,0.000000,1960.000000)
v(-20.000000,0.000000,2240.000000)
v(770.000000,0.000000,2240.000000)
v(70.000000,0.000000,2800.000000)
v(20.000000,0.000000,2520.000000)
v(-20.000000,0.000000,2520.000000)
v(-840.000000,0.000000,2800.000000)
v(840.000000,0.000000,2800.000000)
v(1260.000000,-70.000000,2240.000000)
v(1190.000000,0.000000,2800.000000)
v(1540.000000,0.000000,2800.000000)
v(1470.000000,0.000000,2240.000000)
v(1260.000000,-70.000000,1680.000000)
v(1540.000000,0.000000,1680.000000)
v(1190.000000,0.000000,1120.000000)
v(1680.000000,0.000000,1120.000000)
v(1120.000000,-70.000000,560.000000)
v(1540.000000,0.000000,560.000000)
v(1190.000000,-105.000000,0.000000)
v(1540.000000,0.000000,0.000000)
v(1260.000000,-84.000000,-2240.000000)
v(1190.000000,0.000000,-2800.000000)
v(1540.000000,0.000000,-2800.000000)
v(1680.000000,0.000000,-2240.000000)
v(1120.000000,0.000000,-1680.000000)
v(1610.000000,0.000000,-1680.000000)
v(1190.000000,-70.000000,-1120.000000)
v(1470.000000,0.000000,-1120.000000)
v(1190.000000,0.000000,-560.000000)
v(1610.000000,0.000000,-560.000000)
v(-1120.000000,-84.000000,2240.000000)
v(-1190.000000,0.000000,2800.000000)
v(-1540.000000,0.000000,2800.000000)
v(-1610.000000,0.000000,2240.000000)
v(-1190.000000,0.000000,1680.000000)
v(-1610.000000,0.000000,1680.000000)
v(-1120.000000,-70.000000,1120.000000)
v(-1470.000000,0.000000,1120.000000)
v(-1260.000000,-70.000000,560.000000)
v(-1540.000000,0.000000,560.000000)
v(-1190.000000,0.000000,0.000000)
v(-1680.000000,0.000000,0.000000)
v(-1120.000000,-70.000000,-2240.000000)
v(-1190.000000,0.000000,-2800.000000)
v(-1470.000000,0.000000,-2240.000000)
v(-1540.000000,0.000000,-2800.000000)
v(-1120.000000,-105.000000,-1680.000000)
v(-1540.000000,0.000000,-1680.000000)
v(-1260.000000,0.000000,-1120.000000)
v(-1610.000000,0.000000,-1120.000000)
v(-1260.000000,-70.000000,-560.000000)
v(-1540.000000,0.000000,-560.000000)

<p>
c(218,191,135)
n(0.000000,1.000000,0.000000)
C(490.000000,0.000000,-2520.000000)
p(4,0,1,2,3)
t(1,0,3)
t(3,2,1)
</p>

<p>
c(217,188,128)
n(0.000000,1.000000,0.000000)
C(-192.500000,0.000000,-2450.000000)
p(8,4,5,6,0,1,7,8,9)
t(8,9,4)
t(5,6,0)
t(1,7,8)
t(5,0,1)
t(1,8,4)
t(4,5,1)
</p>

<p>
c(218,191,135)
n(0.000000,1.000000,0.000000)
C(437.500000,0.000000,-1960.000000)
p(4,0,10,11,3)
t(11,3,0)
t(0,10,11)
</p>

<p>
c(217,188,128)
n(0.000000,1.000000,0.000000)
C(-201.250000,0.000000,-2030.000000)
p(8,12,9,8,13,10,0,6,14)
t(12,9,8)
t(8,13,10)
t(0,6,14)
t(12,8,10)
t(10,0,14)
t(14,12,10)
</p>

<p>
c(218,191,135)
n(0.000000,1.000000,0.000000)
C(220.000000,0.000000,-1382.857143)
p(7,11,15,16,17,18,19,10)
t(15,11,10)
t(10,19,18)
t(17,16,15)
t(10,18,17)
t(17,15,10)
</p>

<p>
c(218,191,135)
n(0.000000,1.000000,0.000000)
C(-344.000000,0.000000,-1376.000000)
p(5,20,13,10,19,21)
t(13,20,21)
t(21,19,10)
t(10,13,21)
</p>

<p>
c(218,191,135)
n(0.000000,1.000000,0.000000)
C(220.000000,0.000000,-868.571429)
p(7,22,23,15,16,24,25,26)
t(25,26,22)
t(22,23,15)
t(15,16,24)
t(24,25,22)
t(22,15,24)
</p>

<p>
c(217,188,128)
n(0.000000,1.000000,0.000000)
C(-358.000000,0.000000,-880.000000)
p(5,20,27,22,26,21)
t(26,21,20)
t(20,27,22)
t(22,26,20)
</p>

<p>
c(217,188,128)
n(0.000000,1.000000,0.000000)
C(-455.000000,0.000000,-280.000000)
p(4,28,27,22,29)
t(27,28,29)
t(29,22,27)
</p>

<p>
c(217,188,128)
n(0.000000,1.000000,0.000000)
C(166.250000,0.000000,-210.000000)
p(8,30,31,32,33,34,29,22,23)
t(31,30,23)
t(22,29,34)
t(32,31,23)
t(22,34,33)
t(33,32,23)
t(23,22,33)
</p>

<p>
c(218,191,135)
n(0.000000,1.000000,0.000000)
C(-420.000000,0.000000,280.000000)
p(4,28,35,36,29)
t(36,29,28)
t(28,35,36)
</p>

<p>
c(217,188,128)
n(0.000000,1.000000,0.000000)
C(166.250000,0.000000,210.000000)
p(8,36,37,30,31,38,39,34,29)
t(36,37,30)
t(30,31,38)
t(39,34,29)
t(36,30,38)
t(39,29,36)
t(36,38,39)
</p>

<p>
c(218,191,135)
n(0.000000,1.000000,0.000000)
C(275.000000,0.000000,840.000000)
p(6,36,37,40,41,42,43)
t(37,36,43)
t(42,41,40)
t(37,43,42)
t(42,40,37)
</p>

<p>
c(218,191,135)
n(0.000000,1.000000,0.000000)
C(-251.666667,0.000000,840.000000)
p(6,35,36,43,44,45,46)
t(36,35,46)
t(46,45,44)
t(44,43,36)
t(36,46,44)
</p>

<p>
c(217,188,128)
n(0.000000,1.000000,0.000000)
C(210.000000,0.000000,1385.000000)
p(8,47,48,49,50,51,41,40,52)
t(47,52,40)
t(40,41,51)
t(49,48,47)
t(47,40,51)
t(50,49,47)
t(47,51,50)
</p>

<p>
c(217,188,128)
n(0.000000,1.000000,0.000000)
C(-316.000000,0.000000,1376.000000)
p(5,47,48,45,46,53)
t(46,53,47)
t(47,48,45)
t(45,46,47)
</p>

<p>
c(218,191,135)
n(0.000000,1.000000,0.000000)
C(-201.250000,0.000000,2030.000000)
p(8,54,53,47,55,56,57,58,59)
t(53,54,59)
t(57,56,55)
t(47,53,59)
t(57,55,47)
t(47,59,58)
t(58,57,47)
</p>

<p>
c(217,188,128)
n(0.000000,1.000000,0.000000)
C(420.000000,0.000000,1960.000000)
p(4,55,47,52,60)
t(47,55,60)
t(60,52,47)
</p>

<p>
c(218,191,135)
n(0.000000,1.000000,0.000000)
C(-192.500000,0.000000,2450.000000)
p(8,61,55,56,62,63,59,54,64)
t(54,64,61)
t(61,55,56)
t(63,59,54)
t(61,56,62)
t(63,54,61)
t(61,62,63)
</p>

<p>
c(217,188,128)
n(0.000000,1.000000,0.000000)
C(455.000000,0.000000,2520.000000)
p(4,55,61,65,60)
t(65,60,55)
t(55,61,65)
</p>

<p>
c(204,174,116)
n(-0.094413,-0.993584,0.062261)
C(1015.000000,-17.500000,2520.000000)
p(4,66,67,65,60)
t(65,60,66)
t(66,67,65)
</p>

<p>
c(206,177,121)
n(-0.089623,0.994014,-0.062481)
C(1365.000000,-17.500000,2520.000000)
p(4,67,68,69,66)
t(69,66,67)
t(67,68,69)
</p>

<p>
c(208,180,126)
n(-0.151197,-0.988459,-0.009451)
C(1032.500000,-35.000000,1960.000000)
p(4,70,66,60,52)
t(60,52,70)
t(70,66,60)
</p>

<p>
c(204,174,116)
n(-0.269964,0.962722,-0.016878)
C(1382.500000,-35.000000,1960.000000)
p(4,70,71,69,66)
t(71,70,66)
t(66,69,71)
</p>

<p>
c(206,177,121)
n(0.115063,0.991415,0.062110)
C(1050.000000,-17.500000,1400.000000)
p(4,70,72,40,52)
t(40,52,70)
t(70,72,40)
</p>

<p>
c(206,177,121)
n(-0.061985,0.996347,0.058741)
C(1417.500000,-17.500000,1400.000000)
p(4,70,71,73,72)
t(73,72,70)
t(70,71,73)
</p>

<p>
c(208,180,126)
n(0.114937,0.989217,-0.090774)
C(980.000000,-17.500000,840.000000)
p(4,72,74,37,40)
t(37,40,72)
t(72,74,37)
</p>

<p>
c(204,174,116)
n(0.070740,-0.996280,0.049224)
C(1382.500000,-17.500000,840.000000)
p(4,74,75,73,72)
t(73,72,74)
t(74,75,73)
</p>

<p>
c(206,177,121)
n(-0.190624,-0.981484,0.018764)
C(927.500000,-43.750000,280.000000)
p(4,76,74,37,30)
t(37,30,76)
t(76,74,37)
</p>

<p>
c(204,174,116)
n(-0.216728,0.975235,-0.044108)
C(1347.500000,-43.750000,280.000000)
p(4,74,75,77,76)
t(77,76,74)
t(74,75,77)
</p>

<p>
c(206,177,121)
n(0.120510,0.990922,0.059585)
C(1050.000000,-21.000000,-2520.000000)
p(4,78,79,2,3)
t(2,3,78)
t(78,79,2)
</p>

<p>
c(204,174,116)
n(0.117938,-0.988304,-0.096672)
C(1417.500000,-21.000000,-2520.000000)
p(4,78,79,80,81)
t(80,81,78)
t(78,79,80)
</p>

<p>
c(208,180,126)
n(-0.120555,-0.991709,0.044486)
C(1015.000000,-21.000000,-1960.000000)
p(4,82,78,3,11)
t(78,82,11)
t(11,3,78)
</p>

<p>
c(206,177,121)
n(-0.085028,0.992220,-0.090940)
C(1417.500000,-21.000000,-1960.000000)
p(4,78,82,83,81)
t(83,81,78)
t(78,82,83)
</p>

<p>
c(206,177,121)
n(0.100300,0.993712,0.049761)
C(980.000000,-17.500000,-1400.000000)
p(4,82,84,15,11)
t(84,82,11)
t(11,15,84)
</p>

<p>
c(204,174,116)
n(-0.061985,0.996347,0.058741)
C(1347.500000,-17.500000,-1400.000000)
p(4,82,83,85,84)
t(83,82,84)
t(84,85,83)
</p>

<p>
c(206,177,121)
n(0.100290,0.993006,-0.062303)
C(1015.000000,-17.500000,-840.000000)
p(4,84,86,23,15)
t(86,84,15)
t(15,23,86)
</p>

<p>
c(206,177,121)
n(0.077520,-0.995591,0.052818)
C(1365.000000,-17.500000,-840.000000)
p(4,86,87,85,84)
t(87,86,84)
t(84,85,87)
</p>

<p>
c(204,174,116)
n(-0.141135,-0.983803,-0.110509)
C(980.000000,-26.250000,-280.000000)
p(4,76,86,23,30)
t(86,76,30)
t(30,23,86)
</p>

<p>
c(204,174,116)
n(-0.124070,0.988558,0.085793)
C(1382.500000,-26.250000,-280.000000)
p(4,86,87,77,76)
t(87,86,76)
t(76,77,87)
</p>

<p>
c(206,177,121)
n(-0.108275,0.991291,-0.074956)
C(-1015.000000,-21.000000,2520.000000)
p(4,88,89,64,54)
t(64,54,88)
t(88,89,64)
</p>

<p>
c(208,180,126)
n(-0.113196,-0.990769,0.074586)
C(-1365.000000,-21.000000,2520.000000)
p(4,88,89,90,91)
t(90,91,88)
t(88,89,90)
</p>

<p>
c(204,174,116)
n(-0.081488,0.994206,0.070096)
C(-997.500000,-21.000000,1960.000000)
p(4,92,88,54,53)
t(54,53,92)
t(92,88,54)
</p>

<p>
c(206,177,121)
n(0.098774,0.992742,0.068604)
C(-1382.500000,-21.000000,1960.000000)
p(4,88,92,93,91)
t(93,91,88)
t(88,92,93)
</p>

<p>
c(206,177,121)
n(-0.083455,0.993847,-0.072828)
C(-945.000000,-17.500000,1400.000000)
p(4,92,94,46,53)
t(94,92,53)
t(53,46,94)
</p>

<p>
c(204,174,116)
n(-0.082303,-0.995498,0.047002)
C(-1347.500000,-17.500000,1400.000000)
p(4,94,92,93,95)
t(93,95,94)
t(94,92,93)
</p>

<p>
c(208,180,126)
n(0.151143,-0.988106,-0.028342)
C(-962.500000,-35.000000,840.000000)
p(4,94,96,35,46)
t(35,46,94)
t(94,96,35)
</p>

<p>
c(204,174,116)
n(0.214354,0.975929,-0.040199)
C(-1347.500000,-35.000000,840.000000)
p(4,94,96,97,95)
t(97,95,94)
t(94,96,97)
</p>

<p>
c(206,177,121)
n(-0.094413,0.993584,0.062261)
C(-1015.000000,-17.500000,280.000000)
p(4,98,96,35,28)
t(35,28,98)
t(98,96,35)
</p>

<p>
c(206,177,121)
n(0.061985,0.996347,0.058741)
C(-1417.500000,-17.500000,280.000000)
p(4,98,96,97,99)
t(96,98,99)
t(99,97,96)
</p>

<p>
c(204,174,116)
n(-0.089623,0.994014,0.062481)
C(-1015.000000,-17.500000,-2520.000000)
p(4,100,101,7,8)
t(101,100,8)
t(8,7,101)
</p>

<p>
c(204,174,116)
n(0.100300,0.993712,0.049761)
C(-1330.000000,-17.500000,-2520.000000)
p(4,101,100,102,103)
t(100,101,103)
t(103,102,100)
</p>

<p>
c(208,180,126)
n(0.294472,-0.953336,-0.066604)
C(-980.000000,-43.750000,-1960.000000)
p(4,104,100,8,13)
t(8,13,104)
t(104,100,8)
</p>

<p>
c(208,180,126)
n(-0.223595,-0.973670,-0.044414)
C(-1312.500000,-43.750000,-1960.000000)
p(4,104,100,102,105)
t(100,104,105)
t(105,102,100)
</p>

<p>
c(206,177,121)
n(-0.124240,0.985348,-0.116849)
C(-997.500000,-26.250000,-1400.000000)
p(4,104,106,20,13)
t(20,13,104)
t(104,106,20)
</p>

<p>
c(206,177,121)
n(-0.147600,-0.986889,0.065304)
C(-1382.500000,-26.250000,-1400.000000)
p(4,104,106,107,105)
t(107,105,104)
t(104,106,107)
</p>

<p>
c(208,180,126)
n(0.082311,-0.994317,-0.067510)
C(-1032.500000,-17.500000,-840.000000)
p(4,106,108,27,20)
t(108,106,20)
t(20,27,108)
</p>

<p>
c(204,174,116)
n(0.098325,0.993565,0.056217)
C(-1417.500000,-17.500000,-840.000000)
p(4,108,106,107,109)
t(107,109,108)
t(108,106,107)
</p>

<p>
c(206,177,121)
n(-0.094413,0.993584,-0.062261)
C(-1015.000000,-17.500000,-280.000000)
p(4,98,108,27,28)
t(108,98,28)
t(28,27,108)
</p>

<p>
c(204,174,116)
n(-0.061985,-0.996347,0.058741)
C(-1417.500000,-17.500000,-280.000000)
p(4,98,108,109,99)
t(108,98,99)
t(99,109,108)
</p>

<p>
c(211,196,167)
n(0.000000,1.000000,0.000000)
C(0.000000,0.000000,0.000000)
p(4,39,33,32,38)
t(33,39,38)
t(38,32,33)
</p>

<p>
c(211,196,167)
n(0.000000,1.000000,0.000000)
C(0.000000,0.000000,1120.000000)
p(4,49,44,42,51)
t(44,49,51)
t(51,42,44)
</p>

<p>
c(211,196,167)
n(0.000000,1.000000,0.000000)
C(0.000000,0.000000,-1120.000000)
p(4,18,25,24,17)
t(24,17,18)
t(18,25,24)
</p>

<p>
c(211,196,167)
n(0.000000,1.000000,0.000000)
C(0.000000,0.000000,2240.000000)
p(4,58,63,62,57)
t(62,57,58)
t(58,63,62)
</p>

<p>
c(211,196,167)
n(0.000000,1.000000,0.000000)
C(0.000000,0.000000,-2240.000000)
p(4,12,4,5,14)
t(4,12,14)
t(14,5,4)
</p>

