v(140.000000,0.000000,-2520.000000)
v(70.000000,0.000000,-2800.000000)
v(840.000000,0.000000,-2800.000000)
v(840.000000,0.000000,-2520.000000)
v(-910.000000,0.000000,-2520.000000)
v(-840.000000,0.000000,-2800.000000)
v(140.000000,0.000000,-2240.000000)
v(910.000000,0.000000,-2240.000000)
v(-910.000000,0.000000,-2240.000000)
v(-20.000000,0.000000,-2520.000000)
v(-20.000000,0.000000,-2240.000000)
v(20.000000,0.000000,-2520.000000)
v(20.000000,0.000000,-2240.000000)
v(-70.000000,0.000000,-1680.000000)
v(770.000000,0.000000,-1680.000000)
v(20.000000,0.000000,-1960.000000)
v(-20.000000,0.000000,-1960.000000)
v(-770.000000,0.000000,-1680.000000)
v(0.000000,0.000000,-1400.000000)
v(770.000000,0.000000,-1400.000000)
v(-840.000000,0.000000,-1400.000000)
v(0.000000,0.000000,-1120.000000)
v(840.000000,0.000000,-1120.000000)
v(-840.000000,0.000000,-1120.000000)
v(-770.000000,0.000000,-840.000000)
v(0.000000,0.000000,-840.000000)
v(840.000000,0.000000,-840.000000)
v(-770.000000,0.000000,-560.000000)
v(-140.000000,0.000000,-560.000000)
v(840.000000,0.000000,-560.000000)
v(-840.000000,0.000000,-280.000000)
v(0.000000,0.000000,-280.000000)
v(700.000000,0.000000,-280.000000)
v(-840.000000,0.000000,0.000000)
v(-70.000000,0.000000,0.000000)
v(700.000000,0.000000,0.000000)
v(-770.000000,0.000000,560.000000)
v(0.000000,0.000000,560.000000)
v(700.000000,0.000000,560.000000)
v(-700.000000,0.000000,1120.000000)
v(0.000000,0.000000,1120.000000)
v(700.000000,0.000000,1120.000000)
v(-700.000000,0.000000,1680.000000)
v(0.000000,0.000000,1680.000000)
v(700.000000,0.000000,1680.000000)
v(0.000000,0.000000,1960.000000)
v(-20.000000,0.000000,1960.000000)
v(-20.000000,0.000000,2240.000000)
v(-630.000000,0.000000,2240.000000)
v(-630.000000,0.000000,2200.000000)
v(-670.000000,0.000000,2200.000000)
v(-670.000000,0.000000,2240.000000)
v(-700.000000,0.000000,2240.000000)
v(20.000000,0.000000,2240.000000)
v(20.000000,0.000000,1960.000000)
v(700.000000,0.000000,2240.000000)
v(670.000000,0.000000,2240.000000)
v(670.000000,0.000000,2200.000000)
v(630.000000,0.000000,2200.000000)
v(630.000000,0.000000,2240.000000)
v(-630.000000,0.000000,2280.000000)
v(-670.000000,0.000000,2280.000000)
v(-700.000000,0.000000,2800.000000)
v(0.000000,0.000000,2800.000000)
v(0.000000,0.000000,2520.000000)
v(-20.000000,0.000000,2520.000000)
v(630.000000,0.000000,2280.000000)
v(670.000000,0.000000,2280.000000)
v(700.000000,0.000000,2800.000000)
v(20.000000,0.000000,2520.000000)
v(840.000000,0.000000,2240.000000)
v(840.000000,0.000000,2800.000000)
v(840.000000,0.000000,1680.000000)
v(840.000000,0.000000,1120.000000)
v(980.000000,0.000000,560.000000)
v(1050.000000,0.000000,0.000000)
v(1120.000000,0.000000,-2240.000000)
v(1190.000000,0.000000,-2800.000000)
v(1120.000000,0.000000,-1680.000000)
v(1190.000000,0.000000,-1120.000000)
v(1190.000000,0.000000,-560.000000)
v(-840.000000,0.000000,2240.000000)
v(-840.000000,0.000000,2800.000000)
v(-840.000000,0.000000,1680.000000)
v(-840.000000,0.000000,1120.000000)
v(-980.000000,0.000000,560.000000)
v(-1050.000000,0.000000,0.000000)
v(-1120.000000,0.000000,-2240.000000)
v(-1190.000000,0.000000,-2800.000000)
v(-1120.000000,0.000000,-1680.000000)
v(-1120.000000,0.000000,-1120.000000)
v(-1050.000000,0.000000,-560.000000)

<p>
c(211,186,136)
n(0.000000,1.000000,0.000000)
C(472.500000,0.000000,-2660.000000)
p(4,0,1,2,3)
t(1,0,3)
t(3,2,1)
</p>

<p>
c(210,184,130)
n(0.000000,1.000000,0.000000)
C(-385.000000,0.000000,-2660.000000)
p(4,4,5,1,0)
t(5,4,0)
t(0,1,5)
</p>

<p>
c(204,182,138)
n(0.000000,1.000000,0.000000)
C(507.500000,0.000000,-2380.000000)
p(4,6,0,3,7)
t(0,6,7)
t(7,3,0)
</p>

<p>
c(203,180,132)
n(0.000000,1.000000,0.000000)
C(-465.000000,0.000000,-2380.000000)
p(4,8,4,9,10)
t(4,8,10)
t(10,9,4)
</p>

<p>
c(203,180,132)
n(0.000000,1.000000,0.000000)
C(80.000000,0.000000,-2380.000000)
p(4,11,12,6,0)
t(6,0,11)
t(11,12,6)
</p>

<p>
c(201,181,139)
n(0.000000,1.000000,0.000000)
C(437.500000,0.000000,-1960.000000)
p(4,6,13,14,7)
t(14,7,6)
t(6,13,14)
</p>

<p>
c(199,177,132)
n(0.000000,1.000000,0.000000)
C(-201.250000,0.000000,-2030.000000)
p(8,15,16,10,8,17,13,6,12)
t(6,12,15)
t(16,10,8)
t(8,17,13)
t(13,6,15)
t(16,8,13)
t(13,15,16)
</p>

<p>
c(195,177,140)
n(0.000000,1.000000,0.000000)
C(367.500000,0.000000,-1540.000000)
p(4,18,13,14,19)
t(13,18,19)
t(19,14,13)
</p>

<p>
c(195,177,140)
n(0.000000,1.000000,0.000000)
C(-420.000000,0.000000,-1540.000000)
p(4,20,17,13,18)
t(17,20,18)
t(18,13,17)
</p>

<p>
c(191,174,139)
n(0.000000,1.000000,0.000000)
C(402.500000,0.000000,-1260.000000)
p(4,21,18,19,22)
t(18,21,22)
t(22,19,18)
</p>

<p>
c(192,175,140)
n(0.000000,1.000000,0.000000)
C(-420.000000,0.000000,-1260.000000)
p(4,23,20,18,21)
t(20,23,21)
t(21,18,20)
</p>

<p>
c(189,173,141)
n(0.000000,1.000000,0.000000)
C(-402.500000,0.000000,-980.000000)
p(4,23,24,25,21)
t(25,21,23)
t(23,24,25)
</p>

<p>
c(188,171,138)
n(0.000000,1.000000,0.000000)
C(420.000000,0.000000,-980.000000)
p(4,21,25,26,22)
t(26,22,21)
t(21,25,26)
</p>

<p>
c(184,170,142)
n(0.000000,1.000000,0.000000)
C(-420.000000,0.000000,-700.000000)
p(4,24,27,28,25)
t(28,25,24)
t(24,27,28)
</p>

<p>
c(181,166,136)
n(0.000000,1.000000,0.000000)
C(385.000000,0.000000,-700.000000)
p(4,25,28,29,26)
t(29,26,25)
t(25,28,29)
</p>

<p>
c(176,164,140)
n(0.000000,1.000000,0.000000)
C(-437.500000,0.000000,-420.000000)
p(4,30,27,28,31)
t(27,30,31)
t(31,28,27)
</p>

<p>
c(175,162,137)
n(0.000000,1.000000,0.000000)
C(350.000000,0.000000,-420.000000)
p(4,31,28,29,32)
t(28,31,32)
t(32,29,28)
</p>

<p>
c(169,159,139)
n(0.000000,1.000000,0.000000)
C(-437.500000,0.000000,-140.000000)
p(4,33,30,31,34)
t(30,33,34)
t(34,31,30)
</p>

<p>
c(169,159,139)
n(0.000000,1.000000,0.000000)
C(332.500000,0.000000,-140.000000)
p(4,34,31,32,35)
t(31,34,35)
t(35,32,31)
</p>

<p>
c(167,160,146)
n(0.000000,1.000000,0.000000)
C(-420.000000,0.000000,280.000000)
p(4,33,36,37,34)
t(37,34,33)
t(33,36,37)
</p>

<p>
c(163,156,141)
n(0.000000,1.000000,0.000000)
C(332.500000,0.000000,280.000000)
p(4,34,37,38,35)
t(38,35,34)
t(34,37,38)
</p>

<p>
c(163,158,147)
n(0.000000,1.000000,0.000000)
C(-367.500000,0.000000,840.000000)
p(4,39,36,37,40)
t(36,39,40)
t(40,37,36)
</p>

<p>
c(163,158,147)
n(0.000000,1.000000,0.000000)
C(350.000000,0.000000,840.000000)
p(4,40,37,38,41)
t(37,40,41)
t(41,38,37)
</p>

<p>
c(167,160,146)
n(0.000000,1.000000,0.000000)
C(-350.000000,0.000000,1400.000000)
p(4,39,42,43,40)
t(43,40,39)
t(39,42,43)
</p>

<p>
c(167,160,146)
n(0.000000,1.000000,0.000000)
C(350.000000,0.000000,1400.000000)
p(4,40,43,44,41)
t(44,41,40)
t(40,43,44)
</p>

<p>
c(163,158,147)
n(0.000000,1.000000,0.000000)
C(-404.000000,0.000000,2064.000000)
p(10,42,43,45,46,47,48,49,50,51,52)
t(42,52,51)
t(49,48,47)
t(46,45,43)
t(42,51,50)
t(49,47,46)
t(46,43,42)
t(42,50,49)
t(49,46,42)
</p>

<p>
c(167,160,146)
n(0.000000,1.000000,0.000000)
C(404.000000,0.000000,2064.000000)
p(10,53,54,45,43,44,55,56,57,58,59)
t(54,53,59)
t(57,56,55)
t(44,43,45)
t(54,59,58)
t(57,55,44)
t(44,45,54)
t(54,58,57)
t(57,44,54)
</p>

<p>
c(163,158,147)
n(0.000000,1.000000,0.000000)
C(-404.000000,0.000000,2416.000000)
p(10,60,61,51,52,62,63,64,65,47,48)
t(47,48,60)
t(61,51,52)
t(62,63,64)
t(65,47,60)
t(61,52,62)
t(62,64,65)
t(65,60,61)
t(61,62,65)
</p>

<p>
c(167,160,146)
n(0.000000,1.000000,0.000000)
C(404.000000,0.000000,2416.000000)
p(10,59,66,67,56,55,68,63,64,69,53)
t(66,59,53)
t(69,64,63)
t(68,55,56)
t(66,53,69)
t(69,63,68)
t(68,56,67)
t(67,66,69)
t(69,68,67)
</p>

<p>
c(182,176,165)
n(0.000000,1.000000,0.000000)
C(770.000000,0.000000,2520.000000)
p(4,70,71,68,55)
t(71,70,55)
t(55,68,71)
</p>

<p>
c(182,176,165)
n(0.000000,1.000000,0.000000)
C(770.000000,0.000000,1960.000000)
p(4,72,70,55,44)
t(70,72,44)
t(44,55,70)
</p>

<p>
c(182,176,165)
n(0.000000,1.000000,0.000000)
C(770.000000,0.000000,1400.000000)
p(4,72,73,41,44)
t(41,44,72)
t(72,73,41)
</p>

<p>
c(182,175,164)
n(0.000000,1.000000,0.000000)
C(805.000000,0.000000,840.000000)
p(4,73,74,38,41)
t(38,41,73)
t(73,74,38)
</p>

<p>
c(183,175,160)
n(0.000000,1.000000,0.000000)
C(857.500000,0.000000,280.000000)
p(4,75,74,38,35)
t(74,75,35)
t(35,38,74)
</p>

<p>
c(188,163,116)
n(0.000000,1.000000,0.000000)
C(980.000000,0.000000,-2520.000000)
p(5,76,77,2,3,7)
t(3,7,76)
t(76,77,2)
t(2,3,76)
</p>

<p>
c(188,164,120)
n(0.000000,1.000000,0.000000)
C(980.000000,0.000000,-1960.000000)
p(4,78,76,7,14)
t(7,14,78)
t(78,76,7)
</p>

<p>
c(187,166,127)
n(0.000000,1.000000,0.000000)
C(938.000000,0.000000,-1400.000000)
p(5,78,79,22,19,14)
t(79,78,14)
t(14,19,22)
t(22,79,14)
</p>

<p>
c(185,169,140)
n(0.000000,1.000000,0.000000)
C(980.000000,0.000000,-840.000000)
p(5,79,80,29,26,22)
t(80,79,22)
t(26,29,80)
t(80,22,26)
</p>

<p>
c(184,173,153)
n(0.000000,1.000000,0.000000)
C(896.000000,0.000000,-280.000000)
p(5,75,80,29,32,35)
t(32,35,75)
t(75,80,29)
t(29,32,75)
</p>

<p>
c(182,176,165)
n(0.000000,1.000000,0.000000)
C(-770.000000,0.000000,2520.000000)
p(4,81,82,62,52)
t(62,52,81)
t(81,82,62)
</p>

<p>
c(182,176,165)
n(0.000000,1.000000,0.000000)
C(-770.000000,0.000000,1960.000000)
p(4,83,81,52,42)
t(52,42,83)
t(83,81,52)
</p>

<p>
c(182,176,165)
n(0.000000,1.000000,0.000000)
C(-770.000000,0.000000,1400.000000)
p(4,83,84,39,42)
t(84,83,42)
t(42,39,84)
</p>

<p>
c(182,175,164)
n(0.000000,1.000000,0.000000)
C(-822.500000,0.000000,840.000000)
p(4,84,85,36,39)
t(85,84,39)
t(39,36,85)
</p>

<p>
c(183,175,160)
n(0.000000,1.000000,0.000000)
C(-910.000000,0.000000,280.000000)
p(4,86,85,36,33)
t(36,33,86)
t(86,85,36)
</p>

<p>
c(188,163,116)
n(0.000000,1.000000,0.000000)
C(-994.000000,0.000000,-2520.000000)
p(5,87,88,5,4,8)
t(88,87,8)
t(4,5,88)
t(88,8,4)
</p>

<p>
c(188,164,120)
n(0.000000,1.000000,0.000000)
C(-980.000000,0.000000,-1960.000000)
p(4,89,87,8,17)
t(87,89,17)
t(17,8,87)
</p>

<p>
c(187,166,127)
n(0.000000,1.000000,0.000000)
C(-938.000000,0.000000,-1400.000000)
p(5,89,90,23,20,17)
t(20,17,89)
t(89,90,23)
t(23,20,89)
</p>

<p>
c(185,169,140)
n(0.000000,1.000000,0.000000)
C(-910.000000,0.000000,-840.000000)
p(5,90,91,27,24,23)
t(24,23,90)
t(90,91,27)
t(27,24,90)
</p>

<p>
c(184,173,153)
n(0.000000,1.000000,0.000000)
C(-910.000000,0.000000,-280.000000)
p(5,86,91,27,30,33)
t(91,86,33)
t(30,27,91)
t(91,33,30)
</p>

<p>
c(199,188,166)
n(0.000000,1.000000,0.000000)
C(0.000000,0.000000,-2240.000000)
p(4,16,9,11,15)
t(9,16,15)
t(15,11,9)
</p>

<p>
c(186,183,177)
n(0.000000,1.000000,0.000000)
C(0.000000,0.000000,2240.000000)
p(4,46,65,69,54)
t(69,54,46)
t(46,65,69)
</p>

<p>
c(206,140,19)
light()
n(0.000000,1.000000,0.000000)
C(-650.000000,0.000000,2240.000000)
p(4,61,50,49,60)
t(50,61,60)
t(60,49,50)
</p>

<p>
c(206,140,19)
light()
n(0.000000,1.000000,0.000000)
C(650.000000,0.000000,2240.000000)
p(4,67,57,58,66)
t(58,66,67)
t(67,57,58)
</p>

