v(-700.000000,0.000000,-3309.000000)
v(0.000000,0.000000,-3309.000000)
v(0.000000,-48.000000,-3033.000000)
v(-20.000000,-48.000000,-3033.000000)
v(-20.000000,-97.000000,-2757.000000)
v(-630.000000,-97.000000,-2757.000000)
v(-630.000000,-90.000000,-2796.000000)
v(-670.000000,-90.000000,-2796.000000)
v(-670.000000,-97.000000,-2757.000000)
v(-700.000000,-97.000000,-2757.000000)
v(700.000000,0.000000,-3309.000000)
v(20.000000,-48.000000,-3033.000000)
v(20.000000,-97.000000,-2757.000000)
v(630.000000,-97.000000,-2757.000000)
v(630.000000,-90.000000,-2796.000000)
v(670.000000,-90.000000,-2796.000000)
v(670.000000,-97.000000,-2757.000000)
v(700.000000,-97.000000,-2757.000000)
v(-700.000000,-194.000000,-2206.000000)
v(0.000000,-194.000000,-2206.000000)
v(0.000000,-146.000000,-2481.000000)
v(-20.000000,-146.000000,-2481.000000)
v(-630.000000,-104.000000,-2718.000000)
v(-670.000000,-104.000000,-2718.000000)
v(700.000000,-194.000000,-2206.000000)
v(20.000000,-146.000000,-2481.000000)
v(630.000000,-104.000000,-2718.000000)
v(670.000000,-104.000000,-2718.000000)
v(0.000000,-243.000000,-1930.000000)
v(20.000000,-243.000000,-1930.000000)
v(20.000000,-292.000000,-1654.000000)
v(630.000000,-292.000000,-1654.000000)
v(630.000000,-285.000000,-1693.000000)
v(670.000000,-285.000000,-1693.000000)
v(670.000000,-292.000000,-1654.000000)
v(700.000000,-292.000000,-1654.000000)
v(-20.000000,-243.000000,-1930.000000)
v(-20.000000,-292.000000,-1654.000000)
v(-630.000000,-292.000000,-1654.000000)
v(-630.000000,-285.000000,-1693.000000)
v(-670.000000,-285.000000,-1693.000000)
v(-670.000000,-292.000000,-1654.000000)
v(-700.000000,-292.000000,-1654.000000)
v(700.000000,-389.000000,-1103.000000)
v(0.000000,-389.000000,-1103.000000)
v(0.000000,-341.000000,-1378.000000)
v(20.000000,-341.000000,-1378.000000)
v(630.000000,-299.000000,-1615.000000)
v(670.000000,-299.000000,-1615.000000)
v(-700.000000,-389.000000,-1103.000000)
v(-20.000000,-341.000000,-1378.000000)
v(-630.000000,-299.000000,-1615.000000)
v(-670.000000,-299.000000,-1615.000000)
v(0.000000,-437.000000,-827.000000)
v(20.000000,-437.000000,-827.000000)
v(20.000000,-486.000000,-551.000000)
v(630.000000,-486.000000,-551.000000)
v(630.000000,-479.000000,-590.000000)
v(670.000000,-479.000000,-590.000000)
v(670.000000,-486.000000,-551.000000)
v(700.000000,-486.000000,-551.000000)
v(-20.000000,-437.000000,-827.000000)
v(-20.000000,-486.000000,-551.000000)
v(-630.000000,-486.000000,-551.000000)
v(-630.000000,-479.000000,-590.000000)
v(-670.000000,-479.000000,-590.000000)
v(-670.000000,-486.000000,-551.000000)
v(-700.000000,-486.000000,-551.000000)
v(-700.000000,-583.000000,0.000000)
v(0.000000,-583.000000,0.000000)
v(0.000000,-535.000000,-275.000000)
v(-20.000000,-535.000000,-275.000000)
v(-630.000000,-493.000000,-512.000000)
v(-670.000000,-493.000000,-512.000000)
v(700.000000,-583.000000,0.000000)
v(20.000000,-535.000000,-275.000000)
v(630.000000,-493.000000,-512.000000)
v(670.000000,-493.000000,-512.000000)
v(0.000000,-723.000000,243.000000)
v(-20.000000,-723.000000,243.000000)
v(-20.000000,-863.000000,485.000000)
v(-630.000000,-863.000000,485.000000)
v(-630.000000,-843.000000,450.000000)
v(-670.000000,-843.000000,450.000000)
v(-670.000000,-863.000000,485.000000)
v(-700.000000,-863.000000,485.000000)
v(20.000000,-723.000000,243.000000)
v(20.000000,-863.000000,485.000000)
v(630.000000,-863.000000,485.000000)
v(630.000000,-843.000000,450.000000)
v(670.000000,-843.000000,450.000000)
v(670.000000,-863.000000,485.000000)
v(700.000000,-863.000000,485.000000)
v(-700.000000,-1143.000000,970.000000)
v(0.000000,-1143.000000,970.000000)
v(0.000000,-1003.000000,727.000000)
v(-20.000000,-1003.000000,727.000000)
v(-630.000000,-883.000000,520.000000)
v(-670.000000,-883.000000,520.000000)
v(700.000000,-1143.000000,970.000000)
v(20.000000,-1003.000000,727.000000)
v(630.000000,-883.000000,520.000000)
v(670.000000,-883.000000,520.000000)
v(0.000000,-1323.000000,1185.000000)
v(-20.000000,-1323.000000,1185.000000)
v(-20.000000,-1503.000000,1399.000000)
v(-630.000000,-1503.000000,1399.000000)
v(-630.000000,-1477.000000,1368.000000)
v(-670.000000,-1477.000000,1368.000000)
v(-670.000000,-1503.000000,1399.000000)
v(-700.000000,-1503.000000,1399.000000)
v(20.000000,-1323.000000,1185.000000)
v(20.000000,-1503.000000,1399.000000)
v(630.000000,-1503.000000,1399.000000)
v(630.000000,-1477.000000,1368.000000)
v(670.000000,-1477.000000,1368.000000)
v(670.000000,-1503.000000,1399.000000)
v(700.000000,-1503.000000,1399.000000)
v(-700.000000,-1863.000000,1828.000000)
v(0.000000,-1863.000000,1828.000000)
v(0.000000,-1683.000000,1613.000000)
v(-20.000000,-1683.000000,1613.000000)
v(-630.000000,-1529.000000,1430.000000)
v(-670.000000,-1529.000000,1430.000000)
v(700.000000,-1863.000000,1828.000000)
v(20.000000,-1683.000000,1613.000000)
v(630.000000,-1529.000000,1430.000000)
v(670.000000,-1529.000000,1430.000000)
v(-700.000000,-583.000000,560.000000)
v(-700.000000,-763.000000,485.000000)
v(-700.000000,-1043.000000,970.000000)
v(-700.000000,-1043.000000,1530.000000)
v(-700.000000,-583.000000,1680.000000)
v(-700.000000,-583.000000,1120.000000)
v(-700.000000,-1403.000000,1399.000000)
v(-700.000000,-1763.000000,1828.000000)
v(-700.000000,-1763.000000,1728.000000)
v(-700.000000,-583.000000,1580.000000)
v(-600.000000,-1863.000000,1828.000000)
v(-600.000000,-583.000000,1680.000000)
v(700.000000,-583.000000,560.000000)
v(700.000000,-763.000000,485.000000)
v(700.000000,-1043.000000,970.000000)
v(700.000000,-1043.000000,1530.000000)
v(700.000000,-583.000000,1680.000000)
v(700.000000,-583.000000,1120.000000)
v(700.000000,-1403.000000,1399.000000)
v(700.000000,-1763.000000,1828.000000)
v(700.000000,-1763.000000,1728.000000)
v(700.000000,-583.000000,1580.000000)
v(600.000000,-1863.000000,1828.000000)
v(600.000000,-583.000000,1680.000000)
v(0.000000,-583.000000,1680.000000)
v(0.000000,0.000000,1800.000000)
v(-700.000000,0.000000,1800.000000)
v(700.000000,0.000000,1800.000000)
v(-700.000000,0.000000,1120.000000)
v(-700.000000,-500.000000,560.000000)
v(-700.000000,-500.000000,1120.000000)
v(-700.000000,-500.000000,0.000000)
v(-700.000000,-150.000000,1120.000000)
v(-700.000000,-150.000000,560.000000)
v(-700.000000,0.000000,560.000000)
v(-700.000000,-150.000000,0.000000)
v(-700.000000,0.000000,0.000000)
v(-700.000000,0.000000,-551.000000)
v(-700.000000,-150.000000,-1103.000000)
v(-700.000000,-150.000000,-551.000000)
v(-700.000000,0.000000,-1103.000000)
v(-700.000000,-150.000000,-1654.000000)
v(-700.000000,0.000000,-1654.000000)
v(-700.000000,-306.000000,-1103.000000)
v(-700.000000,-403.000000,-551.000000)
v(-700.000000,0.000000,-2206.000000)
v(-700.000000,0.000000,-2757.000000)
v(700.000000,0.000000,1120.000000)
v(700.000000,-500.000000,560.000000)
v(700.000000,-500.000000,1120.000000)
v(700.000000,-500.000000,0.000000)
v(700.000000,-150.000000,1120.000000)
v(700.000000,-150.000000,560.000000)
v(700.000000,0.000000,560.000000)
v(700.000000,-150.000000,0.000000)
v(700.000000,0.000000,0.000000)
v(700.000000,0.000000,-551.000000)
v(700.000000,-150.000000,-1103.000000)
v(700.000000,-150.000000,-551.000000)
v(700.000000,0.000000,-1103.000000)
v(700.000000,-150.000000,-1654.000000)
v(700.000000,0.000000,-1654.000000)
v(700.000000,-306.000000,-1103.000000)
v(700.000000,-403.000000,-551.000000)
v(700.000000,0.000000,-2206.000000)
v(700.000000,0.000000,-2757.000000)
v(-840.000000,0.000000,0.000000)
v(-840.000000,0.000000,840.000000)
v(-700.000000,0.000000,840.000000)
v(-840.000000,0.000000,1800.000000)
v(-840.000000,0.000000,-900.000000)
v(-700.000000,0.000000,-900.000000)
v(-840.000000,0.000000,-1800.000000)
v(-700.000000,0.000000,-1800.000000)
v(-700.000000,0.000000,-2700.000000)
v(-840.000000,0.000000,-2700.000000)
v(-840.000000,0.000000,-3309.000000)
v(840.000000,0.000000,0.000000)
v(840.000000,0.000000,840.000000)
v(700.000000,0.000000,840.000000)
v(840.000000,0.000000,1800.000000)
v(840.000000,0.000000,-900.000000)
v(700.000000,0.000000,-900.000000)
v(840.000000,0.000000,-1800.000000)
v(700.000000,0.000000,-1800.000000)
v(700.000000,0.000000,-2700.000000)
v(840.000000,0.000000,-2700.000000)
v(840.000000,0.000000,-3309.000000)

<p>
c(145,145,145)
n(-0.000315,0.984916,0.173033)
C(-404.000000,-66.400000,-2930.400000)
p(10,0,1,2,3,4,5,6,7,8,9)
t(0,9,8)
t(6,5,4)
t(3,2,1)
t(0,8,7)
t(6,4,3)
t(3,1,0)
t(0,7,6)
t(6,3,0)
</p>

<p>
c(145,145,145)
n(0.000315,0.984916,0.173033)
C(404.000000,-66.400000,-2930.400000)
p(10,10,1,2,11,12,13,14,15,16,17)
t(16,17,10)
t(10,1,2)
t(11,12,13)
t(15,16,10)
t(10,2,11)
t(11,13,14)
t(14,15,10)
t(10,11,14)
</p>

<p>
c(150,150,150)
n(0.000254,0.984862,0.173341)
C(-404.000000,-127.600000,-2583.800000)
p(10,18,19,20,21,4,5,22,23,8,9)
t(8,9,18)
t(18,19,20)
t(21,4,5)
t(23,8,18)
t(18,20,21)
t(21,5,22)
t(22,23,18)
t(18,21,22)
</p>

<p>
c(145,145,145)
n(-0.000254,0.984862,0.173341)
C(404.000000,-127.600000,-2583.800000)
p(10,24,19,20,25,12,13,26,27,16,17)
t(24,17,16)
t(26,13,12)
t(25,20,19)
t(24,16,27)
t(26,12,25)
t(25,19,24)
t(24,27,26)
t(26,25,24)
</p>

<p>
c(145,145,145)
n(-0.000029,0.984608,0.174776)
C(404.000000,-261.200000,-1827.400000)
p(10,24,19,28,29,30,31,32,33,34,35)
t(34,35,24)
t(24,19,28)
t(29,30,31)
t(33,34,24)
t(24,28,29)
t(29,31,32)
t(32,33,24)
t(24,29,32)
</p>

<p>
c(145,145,145)
n(0.000029,0.984608,0.174776)
C(-404.000000,-261.200000,-1827.400000)
p(10,18,19,28,36,37,38,39,40,41,42)
t(18,42,41)
t(39,38,37)
t(36,28,19)
t(18,41,40)
t(39,37,36)
t(36,19,18)
t(18,40,39)
t(39,36,18)
</p>

<p>
c(150,150,150)
n(-0.000254,0.984862,0.173341)
C(404.000000,-322.600000,-1480.800000)
p(10,43,44,45,46,30,31,47,48,34,35)
t(43,35,34)
t(47,31,30)
t(46,45,44)
t(43,34,48)
t(47,30,46)
t(46,44,43)
t(43,48,47)
t(47,46,43)
</p>

<p>
c(145,145,145)
n(0.000254,0.984862,0.173341)
C(-404.000000,-322.600000,-1480.800000)
p(10,49,44,45,50,37,38,51,52,41,42)
t(41,42,49)
t(49,44,45)
t(50,37,38)
t(52,41,49)
t(49,45,50)
t(50,38,51)
t(51,52,49)
t(49,50,51)
</p>

<p>
c(150,150,150)
n(0.000315,0.984916,0.173033)
C(404.000000,-455.400000,-724.400000)
p(10,43,44,53,54,55,56,57,58,59,60)
t(59,60,43)
t(43,44,53)
t(54,55,56)
t(58,59,43)
t(43,53,54)
t(54,56,57)
t(57,58,43)
t(43,54,57)
</p>

<p>
c(145,145,145)
n(-0.000315,0.984916,0.173033)
C(-404.000000,-455.400000,-724.400000)
p(10,49,44,53,61,62,63,64,65,66,67)
t(49,67,66)
t(64,63,62)
t(61,53,44)
t(49,66,65)
t(64,62,61)
t(61,44,49)
t(49,65,64)
t(64,61,49)
</p>

<p>
c(145,145,145)
n(0.000254,0.984862,0.173341)
C(-404.000000,-516.600000,-377.800000)
p(10,68,69,70,71,62,63,72,73,66,67)
t(66,67,68)
t(68,69,70)
t(71,62,63)
t(73,66,68)
t(68,70,71)
t(71,63,72)
t(72,73,68)
t(68,71,72)
</p>

<p>
c(145,145,145)
n(-0.000254,0.984862,0.173341)
C(404.000000,-516.600000,-377.800000)
p(10,74,69,70,75,55,56,76,77,59,60)
t(74,60,59)
t(76,56,55)
t(75,70,69)
t(74,59,77)
t(76,55,75)
t(75,69,74)
t(74,77,76)
t(76,75,74)
</p>

<p>
c(145,145,145)
n(-0.000256,0.866002,0.500041)
C(-404.000000,-775.000000,332.600000)
p(10,68,69,78,79,80,81,82,83,84,85)
t(68,85,84)
t(82,81,80)
t(79,78,69)
t(68,84,83)
t(82,80,79)
t(79,69,68)
t(68,83,82)
t(82,79,68)
</p>

<p>
c(145,145,145)
n(0.000256,0.866002,0.500041)
C(404.000000,-775.000000,332.600000)
p(10,74,69,78,86,87,88,89,90,91,92)
t(91,92,74)
t(74,69,78)
t(86,87,88)
t(90,91,74)
t(74,78,86)
t(86,88,89)
t(89,90,74)
t(74,86,89)
</p>

<p>
c(145,145,145)
n(0.000256,0.866002,0.500041)
C(-404.000000,-951.000000,637.400000)
p(10,93,94,95,96,80,81,97,98,84,85)
t(84,85,93)
t(93,94,95)
t(96,80,81)
t(98,84,93)
t(93,95,96)
t(96,81,97)
t(97,98,93)
t(93,96,97)
</p>

<p>
c(150,150,150)
n(-0.000256,0.866002,0.500041)
C(404.000000,-951.000000,637.400000)
p(10,99,94,95,100,87,88,101,102,91,92)
t(99,92,91)
t(101,88,87)
t(100,95,94)
t(99,91,102)
t(101,87,100)
t(100,94,99)
t(99,102,101)
t(101,100,99)
</p>

<p>
c(145,145,145)
n(-0.000246,0.766014,0.642824)
C(-404.000000,-1389.800000,1264.200000)
p(10,93,94,103,104,105,106,107,108,109,110)
t(93,110,109)
t(107,106,105)
t(104,103,94)
t(93,109,108)
t(107,105,104)
t(104,94,93)
t(93,108,107)
t(107,104,93)
</p>

<p>
c(150,150,150)
n(0.000246,0.766014,0.642824)
C(404.000000,-1389.800000,1264.200000)
p(10,99,94,103,111,112,113,114,115,116,117)
t(116,117,99)
t(99,94,103)
t(111,112,113)
t(115,116,99)
t(99,103,111)
t(111,113,114)
t(114,115,99)
t(99,111,114)
</p>

<p>
c(150,150,150)
n(0.000246,0.766014,0.642824)
C(-404.000000,-1616.200000,1533.800000)
p(10,118,119,120,121,105,106,122,123,109,110)
t(109,110,118)
t(118,119,120)
t(121,105,106)
t(123,109,118)
t(118,120,121)
t(121,106,122)
t(122,123,118)
t(118,121,122)
</p>

<p>
c(150,150,150)
n(-0.000246,0.766014,0.642824)
C(404.000000,-1616.200000,1533.800000)
p(10,124,119,120,125,112,113,126,127,116,117)
t(124,117,116)
t(126,113,112)
t(125,120,119)
t(124,116,127)
t(126,112,125)
t(125,119,124)
t(124,127,126)
t(126,125,124)
</p>

<p>
c(145,145,145)
n(1.000000,0.000000,0.000000)
C(-700.000000,-698.000000,382.500000)
p(4,68,128,129,85)
t(129,85,68)
t(68,128,129)
</p>

<p>
c(145,145,145)
n(1.000000,0.000000,0.000000)
C(-700.000000,-953.000000,727.500000)
p(4,93,85,129,130)
t(129,130,93)
t(93,85,129)
</p>

<p>
c(145,145,145)
n(1.000000,0.000000,0.000000)
C(-700.000000,-813.000000,1325.000000)
p(4,130,131,132,133)
t(131,130,133)
t(133,132,131)
</p>

<p>
c(145,145,145)
n(1.000000,0.000000,0.000000)
C(-700.000000,-1227.000000,1253.600000)
p(5,93,130,131,134,110)
t(134,110,93)
t(93,130,131)
t(131,134,93)
</p>

<p>
c(145,145,145)
n(1.000000,0.000000,0.000000)
C(-700.000000,-1633.000000,1613.500000)
p(4,110,118,135,134)
t(118,110,134)
t(134,135,118)
</p>

<p>
c(145,145,145)
n(1.000000,0.000000,0.000000)
C(-700.000000,-1173.000000,1704.000000)
p(4,132,135,136,137)
t(136,137,132)
t(132,135,136)
</p>

<p>
c(145,145,145)
n(0.000000,-0.114860,-0.993382)
C(-650.000000,-1223.000000,1754.000000)
p(4,132,118,138,139)
t(118,132,139)
t(139,138,118)
</p>

<p>
c(145,145,145)
n(1.000000,0.000000,0.000000)
C(700.000000,-698.000000,382.500000)
p(4,74,140,141,92)
t(141,92,74)
t(74,140,141)
</p>

<p>
c(145,145,145)
n(1.000000,0.000000,0.000000)
C(700.000000,-953.000000,727.500000)
p(4,99,92,141,142)
t(141,142,99)
t(99,92,141)
</p>

<p>
c(145,145,145)
n(1.000000,0.000000,0.000000)
C(700.000000,-813.000000,1325.000000)
p(4,142,143,144,145)
t(143,142,145)
t(145,144,143)
</p>

<p>
c(145,145,145)
n(1.000000,0.000000,0.000000)
C(700.000000,-1227.000000,1253.600000)
p(5,99,142,143,146,117)
t(146,117,99)
t(99,142,143)
t(143,146,99)
</p>

<p>
c(145,145,145)
n(1.000000,0.000000,0.000000)
C(700.000000,-1633.000000,1613.500000)
p(4,117,124,147,146)
t(124,117,146)
t(146,147,124)
</p>

<p>
c(145,145,145)
n(1.000000,0.000000,0.000000)
C(700.000000,-1173.000000,1704.000000)
p(4,144,147,148,149)
t(148,149,144)
t(144,147,148)
</p>

<p>
c(145,145,145)
n(0.000000,-0.114860,-0.993382)
C(650.000000,-1223.000000,1754.000000)
p(4,144,124,150,151)
t(150,151,144)
t(144,124,150)
</p>

<p>
c(150,150,150)
n(0.000000,0.201606,-0.979467)
C(-350.000000,-291.500000,1740.000000)
p(4,132,152,153,154)
t(152,132,154)
t(154,153,152)
</p>

<p>
c(150,150,150)
n(0.000000,0.201606,-0.979467)
C(350.000000,-291.500000,1740.000000)
p(4,144,152,153,155)
t(153,155,144)
t(144,152,153)
</p>

<p>
c(150,150,150)
n(1.000000,0.000000,0.000000)
C(-700.000000,-291.500000,1430.000000)
p(4,132,133,156,154)
t(156,154,132)
t(132,133,156)
</p>

<p>
c(150,150,150)
n(1.000000,0.000000,0.000000)
C(-700.000000,-541.500000,840.000000)
p(4,133,128,157,158)
t(157,158,133)
t(133,128,157)
</p>

<p>
c(150,150,150)
n(1.000000,0.000000,0.000000)
C(-700.000000,-541.500000,280.000000)
p(4,68,128,157,159)
t(128,68,159)
t(159,157,128)
</p>

<p>
c(150,150,150)
n(1.000000,0.000000,0.000000)
C(-700.000000,-75.000000,840.000000)
p(4,160,161,162,156)
t(162,156,160)
t(160,161,162)
</p>

<p>
c(150,150,150)
n(1.000000,0.000000,0.000000)
C(-700.000000,-75.000000,280.000000)
p(4,163,161,162,164)
t(161,163,164)
t(164,162,161)
</p>

<p>
c(150,150,150)
n(1.000000,0.000000,0.000000)
C(-700.000000,-267.250000,-275.500000)
p(4,68,67,165,164)
t(165,164,68)
t(68,67,165)
</p>

<p>
c(150,150,150)
n(1.000000,0.000000,0.000000)
C(-700.000000,-75.000000,-827.000000)
p(4,166,167,165,168)
t(167,166,168)
t(168,165,167)
</p>

<p>
c(150,150,150)
n(1.000000,0.000000,0.000000)
C(-700.000000,-75.000000,-1378.500000)
p(4,166,169,170,168)
t(170,168,166)
t(166,169,170)
</p>

<p>
c(150,150,150)
n(1.000000,0.000000,0.000000)
C(-700.000000,-396.000000,-827.000000)
p(4,67,49,171,172)
t(171,172,67)
t(67,49,171)
</p>

<p>
c(150,150,150)
n(1.000000,0.000000,0.000000)
C(-700.000000,-284.250000,-1378.500000)
p(4,49,42,169,171)
t(169,171,49)
t(49,42,169)
</p>

<p>
c(150,150,150)
n(1.000000,0.000000,0.000000)
C(-700.000000,-121.500000,-1930.000000)
p(4,18,42,170,173)
t(42,18,173)
t(173,170,42)
</p>

<p>
c(150,150,150)
n(1.000000,0.000000,0.000000)
C(-700.000000,-72.750000,-2481.500000)
p(4,18,9,174,173)
t(174,173,18)
t(18,9,174)
</p>

<p>
c(150,150,150)
n(1.000000,0.000000,0.000000)
C(-700.000000,-32.333333,-2941.000000)
p(3,0,9,174)
t(9,0,174)
</p>

<p>
c(150,150,150)
n(1.000000,0.000000,0.000000)
C(700.000000,-291.500000,1430.000000)
p(4,144,145,175,155)
t(175,155,144)
t(144,145,175)
</p>

<p>
c(150,150,150)
n(1.000000,0.000000,0.000000)
C(700.000000,-541.500000,840.000000)
p(4,145,140,176,177)
t(176,177,145)
t(145,140,176)
</p>

<p>
c(150,150,150)
n(1.000000,0.000000,0.000000)
C(700.000000,-541.500000,280.000000)
p(4,74,140,176,178)
t(140,74,178)
t(178,176,140)
</p>

<p>
c(150,150,150)
n(1.000000,0.000000,0.000000)
C(700.000000,-75.000000,840.000000)
p(4,179,180,181,175)
t(181,175,179)
t(179,180,181)
</p>

<p>
c(150,150,150)
n(1.000000,0.000000,0.000000)
C(700.000000,-75.000000,280.000000)
p(4,182,180,181,183)
t(180,182,183)
t(183,181,180)
</p>

<p>
c(150,150,150)
n(1.000000,0.000000,0.000000)
C(700.000000,-267.250000,-275.500000)
p(4,74,60,184,183)
t(184,183,74)
t(74,60,184)
</p>

<p>
c(150,150,150)
n(1.000000,0.000000,0.000000)
C(700.000000,-75.000000,-827.000000)
p(4,185,186,184,187)
t(186,185,187)
t(187,184,186)
</p>

<p>
c(150,150,150)
n(1.000000,0.000000,0.000000)
C(700.000000,-75.000000,-1378.500000)
p(4,185,188,189,187)
t(189,187,185)
t(185,188,189)
</p>

<p>
c(150,150,150)
n(1.000000,0.000000,0.000000)
C(700.000000,-396.000000,-827.000000)
p(4,60,43,190,191)
t(190,191,60)
t(60,43,190)
</p>

<p>
c(150,150,150)
n(1.000000,0.000000,0.000000)
C(700.000000,-284.250000,-1378.500000)
p(4,43,35,188,190)
t(188,190,43)
t(43,35,188)
</p>

<p>
c(150,150,150)
n(1.000000,0.000000,0.000000)
C(700.000000,-121.500000,-1930.000000)
p(4,24,35,189,192)
t(35,24,192)
t(192,189,35)
</p>

<p>
c(150,150,150)
n(1.000000,0.000000,0.000000)
C(700.000000,-72.750000,-2481.500000)
p(4,24,17,193,192)
t(193,192,24)
t(24,17,193)
</p>

<p>
c(150,150,150)
n(1.000000,0.000000,0.000000)
C(700.000000,-32.333333,-2941.000000)
p(3,10,17,193)
t(17,10,193)
</p>

<p>
c(180,180,180)
n(0.000000,1.000000,0.000000)
C(-770.000000,0.000000,420.000000)
p(4,164,194,195,196)
t(195,196,164)
t(164,194,195)
</p>

<p>
c(180,180,180)
n(0.000000,1.000000,0.000000)
C(-770.000000,0.000000,1320.000000)
p(4,154,197,195,196)
t(197,154,196)
t(196,195,197)
</p>

<p>
c(180,180,180)
n(0.000000,1.000000,0.000000)
C(-770.000000,0.000000,-450.000000)
p(4,164,194,198,199)
t(194,164,199)
t(199,198,194)
</p>

<p>
c(180,180,180)
n(0.000000,1.000000,0.000000)
C(-770.000000,0.000000,-1350.000000)
p(4,199,198,200,201)
t(198,199,201)
t(201,200,198)
</p>

<p>
c(180,180,180)
n(0.000000,1.000000,0.000000)
C(-770.000000,0.000000,-2250.000000)
p(4,202,203,200,201)
t(200,201,202)
t(202,203,200)
</p>

<p>
c(180,180,180)
n(0.000000,1.000000,0.000000)
C(-770.000000,0.000000,-3004.500000)
p(4,202,203,204,0)
t(203,202,0)
t(0,204,203)
</p>

<p>
c(180,180,180)
n(0.000000,1.000000,0.000000)
C(770.000000,0.000000,420.000000)
p(4,183,205,206,207)
t(205,183,207)
t(207,206,205)
</p>

<p>
c(180,180,180)
n(0.000000,1.000000,0.000000)
C(770.000000,0.000000,1320.000000)
p(4,155,208,206,207)
t(206,207,155)
t(155,208,206)
</p>

<p>
c(180,180,180)
n(0.000000,1.000000,0.000000)
C(770.000000,0.000000,-450.000000)
p(4,183,205,209,210)
t(209,210,183)
t(183,205,209)
</p>

<p>
c(180,180,180)
n(0.000000,1.000000,0.000000)
C(770.000000,0.000000,-1350.000000)
p(4,210,209,211,212)
t(211,212,210)
t(210,209,211)
</p>

<p>
c(180,180,180)
n(0.000000,1.000000,0.000000)
C(770.000000,0.000000,-2250.000000)
p(4,213,214,211,212)
t(214,213,212)
t(212,211,214)
</p>

<p>
c(180,180,180)
n(0.000000,1.000000,0.000000)
C(770.000000,0.000000,-3004.500000)
p(4,213,214,215,10)
t(215,10,213)
t(213,214,215)
</p>

<p>
c(180,180,180)
n(0.000000,0.984603,0.174803)
C(0.000000,-97.000000,-2757.000000)
p(4,21,3,11,25)
t(3,21,25)
t(25,11,3)
</p>

<p>
c(206,140,19)
light()
n(0.000000,0.984271,0.176664)
C(-650.000000,-97.000000,-2757.000000)
p(4,23,7,6,22)
t(7,23,22)
t(22,6,7)
</p>

<p>
c(206,140,19)
light()
n(0.000000,0.984271,0.176664)
C(650.000000,-97.000000,-2757.000000)
p(4,27,15,14,26)
t(14,26,27)
t(27,15,14)
</p>

<p>
c(180,180,180)
n(0.000000,0.984603,0.174803)
C(0.000000,-292.000000,-1654.000000)
p(4,50,36,29,46)
t(36,50,46)
t(46,29,36)
</p>

<p>
c(206,140,19)
light()
n(0.000000,0.984271,0.176664)
C(-650.000000,-292.000000,-1654.000000)
p(4,52,40,39,51)
t(40,52,51)
t(51,39,40)
</p>

<p>
c(206,140,19)
light()
n(0.000000,0.984271,0.176664)
C(650.000000,-292.000000,-1654.000000)
p(4,48,33,32,47)
t(32,47,48)
t(48,33,32)
</p>

<p>
c(180,180,180)
n(0.000000,0.984603,0.174803)
C(0.000000,-486.000000,-551.000000)
p(4,71,61,54,75)
t(61,71,75)
t(75,54,61)
</p>

<p>
c(206,140,19)
light()
n(0.000000,0.984271,0.176664)
C(-650.000000,-486.000000,-551.000000)
p(4,73,65,64,72)
t(65,73,72)
t(72,64,65)
</p>

<p>
c(206,140,19)
light()
n(0.000000,0.984271,0.176664)
C(650.000000,-486.000000,-551.000000)
p(4,77,58,57,76)
t(57,76,77)
t(77,58,57)
</p>

<p>
c(180,180,180)
n(0.000000,0.865589,0.500754)
C(0.000000,-863.000000,485.000000)
p(4,96,79,86,100)
t(79,96,100)
t(100,86,79)
</p>

<p>
c(206,140,19)
light()
n(0.000000,0.868243,0.496139)
C(-650.000000,-863.000000,485.000000)
p(4,98,83,82,97)
t(83,98,97)
t(97,82,83)
</p>

<p>
c(206,140,19)
light()
n(0.000000,0.868243,0.496139)
C(650.000000,-863.000000,485.000000)
p(4,102,90,89,101)
t(89,101,102)
t(102,90,89)
</p>

<p>
c(180,180,180)
n(0.000000,0.765282,0.643695)
C(0.000000,-1503.000000,1399.000000)
p(4,121,104,111,125)
t(104,121,125)
t(125,111,104)
</p>

<p>
c(206,140,19)
light()
n(0.000000,0.766192,0.642612)
C(-650.000000,-1503.000000,1399.000000)
p(4,123,108,107,122)
t(108,123,122)
t(122,107,108)
</p>

<p>
c(206,140,19)
light()
n(0.000000,0.766192,0.642612)
C(650.000000,-1503.000000,1399.000000)
p(4,127,115,114,126)
t(114,126,127)
t(127,115,114)
</p>

