v(24.800000,-626.200000,0.000000)
v(27.900000,-626.200000,-6.200000)
v(46.500000,-725.400000,52.700000)
v(43.400000,-722.300000,58.900000)
v(46.500000,-722.300000,58.900000)
v(27.900000,-626.200000,0.000000)
v(12.400000,-589.000000,3.100000)
v(6.200000,-592.100000,-12.400000)
v(0.000000,-592.100000,3.100000)
v(-350.300000,-713.000000,173.600000)
v(-353.400000,-713.000000,173.600000)
v(-325.500000,-666.500000,145.700000)
v(-322.400000,-666.500000,148.800000)
v(-347.200000,-713.000000,170.500000)
v(-319.300000,-666.500000,145.700000)
v(-300.700000,-644.800000,136.400000)
v(-294.500000,-644.800000,136.400000)
v(-251.100000,-706.800000,130.200000)
v(-248.000000,-706.800000,130.200000)
v(-189.100000,-784.300000,148.800000)
v(-189.100000,-784.300000,145.700000)
v(-186.000000,-784.300000,145.700000)
v(-248.000000,-703.700000,130.200000)
v(-266.600000,-632.400000,127.100000)
v(-263.500000,-632.400000,127.100000)
v(-260.400000,-632.400000,127.100000)
v(-288.300000,-604.500000,133.300000)
v(-285.200000,-604.500000,133.300000)
v(-288.300000,-607.600000,133.300000)
v(-384.400000,-641.700000,241.800000)
v(-378.200000,-644.800000,241.800000)
v(-396.800000,-756.400000,269.700000)
v(-399.900000,-759.500000,269.700000)
v(-381.300000,-641.700000,244.900000)
v(-372.000000,-561.100000,189.100000)
v(-372.000000,-561.100000,192.200000)
v(-365.800000,-564.200000,189.100000)
v(-310.000000,-533.200000,151.900000)
v(-313.100000,-533.200000,148.800000)
v(-303.800000,-539.400000,151.900000)
v(-260.400000,-486.700000,142.600000)
v(-260.400000,-486.700000,145.700000)
v(-254.200000,-492.900000,148.800000)
v(99.200000,-781.200000,-3.100000)
v(96.100000,-781.200000,0.000000)
v(65.100000,-833.900000,3.100000)
v(65.100000,-837.000000,0.000000)
v(127.100000,-753.300000,0.000000)
v(127.100000,-750.200000,0.000000)
v(96.100000,-781.200000,-3.100000)
v(161.200000,-728.500000,9.300000)
v(161.200000,-725.400000,6.200000)
v(164.300000,-728.500000,9.300000)
v(182.900000,-799.800000,49.600000)
v(186.000000,-802.900000,49.600000)
v(161.200000,-765.700000,24.800000)
v(158.100000,-762.600000,24.800000)
v(158.100000,-762.600000,21.700000)
v(158.100000,-731.600000,9.300000)
v(158.100000,-731.600000,6.200000)
v(161.200000,-734.700000,9.300000)
v(186.000000,-694.400000,24.800000)
v(179.800000,-694.400000,24.800000)
v(182.900000,-694.400000,27.900000)
v(-124.000000,-716.100000,-139.500000)
v(-117.800000,-722.300000,-139.500000)
v(-99.200000,-635.500000,-68.200000)
v(-102.300000,-629.300000,-68.200000)
v(-99.200000,-635.500000,-62.000000)
v(-117.800000,-719.200000,-133.300000)
v(-37.200000,-533.200000,6.200000)
v(-40.300000,-530.100000,3.100000)
v(-34.100000,-536.300000,3.100000)
v(9.300000,-474.300000,9.300000)
v(6.200000,-471.200000,15.500000)
v(3.100000,-465.000000,9.300000)
v(-260.400000,-483.600000,142.600000)
v(-257.300000,-483.600000,148.800000)
v(-148.800000,-393.700000,15.500000)
v(-142.600000,-403.000000,18.600000)
v(-148.800000,-403.000000,3.100000)
v(-52.700000,-310.000000,18.600000)
v(-55.800000,-316.200000,-6.200000)
v(-40.300000,-325.500000,18.600000)
v(173.600000,-672.700000,12.400000)
v(176.700000,-669.600000,15.500000)
v(120.900000,-576.600000,0.000000)
v(114.700000,-582.800000,-9.300000)
v(52.700000,-545.600000,9.300000)
v(46.500000,-545.600000,0.000000)
v(182.900000,-703.700000,31.000000)
v(189.100000,-703.700000,34.100000)
v(-173.600000,-638.600000,15.500000)
v(-173.600000,-638.600000,9.300000)
v(-139.500000,-505.300000,52.700000)
v(-142.600000,-505.300000,65.100000)
v(-170.500000,-638.600000,18.600000)
v(-133.300000,-505.300000,68.200000)
v(-74.400000,-744.000000,-58.900000)
v(-77.500000,-744.000000,-58.900000)
v(-68.200000,-657.200000,6.200000)
v(-62.000000,-657.200000,6.200000)
v(-34.100000,-616.900000,-6.200000)
v(-37.200000,-616.900000,6.200000)
v(-65.100000,-657.200000,-3.100000)
v(-27.900000,-616.900000,6.200000)
v(15.500000,-585.900000,-12.400000)
v(9.300000,-585.900000,3.100000)
v(24.800000,-585.900000,3.100000)
v(40.300000,-545.600000,15.500000)
v(189.100000,-703.700000,31.000000)
v(179.800000,-669.600000,12.400000)
v(124.000000,-576.600000,-6.200000)
v(55.800000,-545.600000,3.100000)
v(-55.800000,-368.900000,-6.200000)
v(-68.200000,-368.900000,3.100000)
v(-62.000000,-368.900000,18.600000)
v(-18.600000,-437.100000,3.100000)
v(-6.200000,-437.100000,6.200000)
v(-43.400000,-368.900000,0.000000)
v(-3.100000,-139.500000,-18.600000)
v(-43.400000,-139.500000,-15.500000)
v(3.100000,0.000000,-46.500000)
v(-49.600000,0.000000,-9.300000)
v(-6.200000,-437.100000,18.600000)
v(-46.500000,-368.900000,18.600000)
v(12.400000,-139.500000,12.400000)
v(55.800000,0.000000,-6.200000)
v(-15.500000,-139.500000,37.200000)
v(34.100000,0.000000,52.700000)
v(-49.600000,-139.500000,21.700000)
v(-31.000000,0.000000,52.700000)
v(-15.500000,-437.100000,21.700000)
v(-322.400000,0.000000,235.600000)
v(-362.700000,0.000000,291.400000)
v(-409.200000,0.000000,300.700000)
v(-440.200000,0.000000,272.800000)
v(-424.700000,0.000000,217.000000)
v(-393.700000,0.000000,133.300000)
v(-331.700000,0.000000,83.700000)
v(-272.800000,0.000000,71.300000)
v(-217.000000,0.000000,3.100000)
v(-164.300000,0.000000,-27.900000)
v(-139.500000,0.000000,-40.300000)
v(-124.000000,0.000000,-77.500000)
v(-151.900000,0.000000,-151.900000)
v(-130.200000,0.000000,-179.800000)
v(-86.800000,0.000000,-167.400000)
v(-55.800000,0.000000,-130.200000)
v(-46.500000,0.000000,-89.900000)
v(0.000000,0.000000,-83.700000)
v(49.600000,0.000000,-65.100000)
v(130.200000,0.000000,-43.400000)
v(210.800000,0.000000,0.000000)
v(226.300000,0.000000,43.400000)
v(198.400000,0.000000,77.500000)
v(142.600000,0.000000,71.300000)
v(96.100000,0.000000,55.800000)
v(43.400000,0.000000,74.400000)
v(-24.800000,0.000000,83.700000)
v(-108.500000,0.000000,108.500000)
v(-155.000000,0.000000,176.700000)
v(-260.400000,0.000000,204.600000)

<p>
c(176,136,95)
n(0.868067,0.366957,0.334368)
C(35.650000,-675.025000,26.350000)
p(4,0,1,2,3)
t(1,0,3)
t(3,2,1)
</p>

<p>
c(176,136,95)
n(-0.000000,0.522562,0.852601)
C(35.650000,-674.250000,29.450000)
p(4,4,3,0,5)
t(3,4,5)
t(5,0,3)
</p>

<p>
c(176,136,95)
n(-0.831401,-0.417852,0.366295)
C(18.600000,-608.375000,-3.875000)
p(4,6,5,1,7)
t(5,6,7)
t(7,1,5)
</p>

<p>
c(176,136,95)
n(0.018116,-0.076434,0.996910)
C(16.275000,-608.375000,1.550000)
p(4,6,5,0,8)
t(5,6,8)
t(8,0,5)
</p>

<p>
c(176,136,95)
n(0.775573,0.543445,0.321174)
C(14.725000,-609.150000,-3.875000)
p(4,8,7,1,0)
t(7,8,0)
t(0,1,7)
</p>

<p>
c(176,136,95)
n(-0.421250,0.625320,0.656904)
C(-337.900000,-689.750000,160.425000)
p(4,9,10,11,12)
t(10,9,12)
t(12,11,10)
</p>

<p>
c(176,136,95)
n(0.224820,0.375062,0.899324)
C(-336.350000,-689.750000,158.875000)
p(4,13,10,11,14)
t(10,13,14)
t(14,11,10)
</p>

<p>
c(176,136,95)
n(-0.473016,0.743311,0.473016)
C(-316.200000,-659.266667,143.633333)
p(3,15,12,11)
t(12,15,11)
</p>

<p>
c(176,136,95)
n(0.000000,0.393919,0.919145)
C(-310.000000,-655.650000,141.050000)
p(4,14,11,15,16)
t(11,14,16)
t(16,15,11)
</p>

<p>
c(176,136,95)
n(0.167311,0.293474,0.941212)
C(-309.225000,-655.650000,141.825000)
p(4,14,12,15,16)
t(12,14,16)
t(16,15,12)
</p>

<p>
c(176,136,95)
n(0.747584,0.629808,0.210857)
C(-219.325000,-745.550000,138.725000)
p(4,17,18,19,20)
t(19,20,17)
</p>

<p>
c(176,136,95)
n(0.528956,0.544590,0.650867)
C(-217.775000,-744.775000,138.725000)
p(4,21,19,18,22)
t(19,21,22)
t(22,18,19)
</p>

<p>
c(176,136,95)
n(0.000000,0.041631,0.999133)
C(-257.300000,-669.600000,128.650000)
p(4,18,17,23,24)
t(17,18,24)
t(24,23,17)
</p>

<p>
c(176,136,95)
n(-0.007847,0.040977,0.999129)
C(-254.975000,-668.825000,128.650000)
p(4,24,25,22,18)
t(25,24,18)
t(18,22,25)
</p>

<p>
c(176,136,95)
n(-0.000000,-0.216930,0.976187)
C(-274.350000,-618.450000,130.200000)
p(4,25,24,26,27)
t(24,25,27)
t(27,26,24)
</p>

<p>
c(176,136,95)
n(0.114537,-0.129808,0.984902)
C(-276.675000,-619.225000,130.200000)
p(4,24,23,28,26)
t(23,24,26)
t(26,28,23)
</p>

<p>
c(176,136,95)
n(0.057812,0.227704,0.972013)
C(-389.825000,-700.600000,255.750000)
p(4,29,30,31,32)
t(30,29,32)
t(32,31,30)
</p>

<p>
c(176,136,95)
n(-0.753620,0.427829,0.499018)
C(-377.425000,-601.400000,217.000000)
p(4,33,29,34,35)
t(29,33,35)
t(35,34,29)
</p>

<p>
c(176,136,95)
n(0.251171,0.502341,0.827385)
C(-375.100000,-602.950000,215.450000)
p(4,30,29,34,36)
t(29,30,36)
t(36,34,29)
</p>

<p>
c(176,136,95)
n(-0.304151,0.933513,0.189856)
C(-341.775000,-547.150000,170.500000)
p(4,37,35,34,38)
t(35,37,38)
t(38,34,35)
</p>

<p>
c(176,136,95)
n(0.206660,0.628698,0.749687)
C(-338.675000,-549.475000,169.725000)
p(4,36,34,38,39)
t(34,36,39)
t(39,38,34)
</p>

<p>
c(176,136,95)
n(-0.607852,0.714990,0.345405)
C(-285.975000,-509.950000,147.250000)
p(4,40,41,37,38)
t(41,40,38)
t(38,37,41)
</p>

<p>
c(176,136,95)
n(-0.245221,0.360410,0.899984)
C(-282.875000,-513.050000,148.025000)
p(4,39,38,40,42)
t(38,39,42)
t(42,40,38)
</p>

<p>
c(176,136,95)
n(-0.719245,0.399371,-0.568497)
C(81.375000,-808.325000,0.000000)
p(4,43,44,45,46)
t(44,43,46)
t(46,45,44)
</p>

<p>
c(176,136,95)
n(0.491704,-0.526231,0.693764)
C(112.375000,-766.475000,-0.775000)
p(4,44,43,47,48)
t(47,48,44)
t(44,43,47)
</p>

<p>
c(176,136,95)
n(0.707107,-0.707107,0.000000)
C(106.433333,-770.866667,-1.033333)
p(3,49,44,48)
t(44,49,48)
</p>

<p>
c(176,136,95)
n(-0.540738,0.594812,0.594812)
C(149.833333,-734.700000,5.166667)
p(3,48,50,51)
t(50,51,48)
</p>

<p>
c(176,136,95)
n(-0.404687,0.312092,0.859551)
C(144.925000,-739.350000,3.875000)
p(4,48,47,52,51)
t(52,51,48)
t(48,47,52)
</p>

<p>
c(176,136,95)
n(0.666667,0.666667,0.333333)
C(172.050000,-782.750000,37.200000)
p(4,53,54,55,56)
t(55,56,53)
t(53,54,55)
</p>

<p>
c(176,136,95)
n(1.000000,0.000000,0.000000)
C(158.100000,-747.100000,15.500000)
p(4,57,56,58,59)
t(56,57,59)
t(59,58,56)
</p>

<p>
c(176,136,95)
n(0.408248,0.408248,0.816497)
C(159.650000,-748.650000,17.050000)
p(4,56,55,60,58)
t(60,58,56)
t(56,55,60)
</p>

<p>
c(176,136,95)
n(-0.361460,-0.183611,0.914130)
C(171.275000,-713.775000,16.275000)
p(4,61,62,59,60)
t(59,60,61)
t(61,62,59)
</p>

<p>
c(176,136,95)
n(0.187323,-0.492974,0.849639)
C(172.050000,-713.775000,17.825000)
p(4,60,61,63,58)
t(63,58,60)
t(60,61,63)
</p>

<p>
c(176,136,95)
n(-0.832888,0.283136,0.475534)
C(169.725000,-713.000000,17.050000)
p(4,63,62,59,58)
t(59,58,63)
t(63,62,59)
</p>

<p>
c(176,136,95)
n(-0.558596,-0.445135,0.699875)
C(-110.825000,-675.800000,-103.850000)
p(4,64,65,66,67)
t(66,67,64)
t(64,65,66)
</p>

<p>
c(176,136,95)
n(-0.966944,0.250538,-0.047426)
C(-108.500000,-678.125000,-100.750000)
p(4,65,66,68,69)
t(66,65,69)
t(69,68,66)
</p>

<p>
c(176,136,95)
n(-0.852563,-0.201532,0.482204)
C(-110.825000,-675.025000,-100.750000)
p(4,67,64,69,68)
t(69,68,67)
t(67,64,69)
</p>

<p>
c(176,136,95)
n(-0.806527,0.092051,0.583986)
C(-69.750000,-582.025000,-30.225000)
p(4,68,70,71,67)
t(71,67,68)
t(68,70,71)
</p>

<p>
c(176,136,95)
n(-0.422848,-0.334419,0.842237)
C(-68.975000,-582.800000,-32.550000)
p(4,67,66,72,71)
t(72,71,67)
t(67,66,72)
</p>

<p>
c(176,136,95)
n(-0.647177,0.665572,-0.371721)
C(-67.425000,-585.125000,-30.225000)
p(4,70,68,66,72)
t(68,70,72)
t(72,66,68)
</p>

<p>
c(176,136,95)
n(0.571929,-0.483196,0.662887)
C(-13.950000,-503.750000,8.525000)
p(4,70,72,73,74)
t(73,74,70)
t(70,72,73)
</p>

<p>
c(176,136,95)
n(-0.616388,0.334074,0.713064)
C(-17.050000,-499.875000,8.525000)
p(4,75,71,70,74)
t(70,74,75)
t(75,71,70)
</p>

<p>
c(176,136,95)
n(-0.066192,-0.051994,0.996451)
C(-15.500000,-501.425000,6.200000)
p(4,75,71,72,73)
t(72,73,75)
t(75,71,72)
</p>

<p>
c(176,136,95)
n(-0.875962,0.202145,0.437981)
C(-272.800000,-537.333333,142.600000)
p(3,15,76,77)
t(76,15,77)
</p>

<p>
c(176,136,95)
n(-0.500653,0.077972,0.862129)
C(-277.450000,-566.525000,141.050000)
p(4,16,15,76,42)
t(15,16,42)
t(42,76,15)
</p>

<p>
c(176,136,95)
n(-0.058987,-0.063067,0.996265)
C(-276.675000,-566.525000,142.600000)
p(4,42,16,15,77)
t(16,42,77)
t(77,15,16)
</p>

<p>
c(176,136,95)
n(0.540930,0.412221,0.733122)
C(-200.725000,-443.300000,82.925000)
p(4,42,77,78,79)
t(77,42,79)
t(79,78,77)
</p>

<p>
c(176,136,95)
n(-0.786249,0.542998,-0.294899)
C(-203.825000,-440.975000,77.500000)
p(4,80,78,77,76)
t(78,80,76)
t(76,77,78)
</p>

<p>
c(176,136,95)
n(0.660655,-0.725117,0.194268)
C(-101.525000,-355.725000,7.750000)
p(4,81,78,80,82)
t(80,82,81)
t(81,78,80)
</p>

<p>
c(176,136,95)
n(-0.543255,0.673770,0.500907)
C(-96.875000,-361.925000,8.525000)
p(4,79,80,82,83)
t(80,79,83)
t(83,82,80)
</p>

<p>
c(176,136,95)
n(-0.052067,0.045004,0.997629)
C(-96.100000,-358.050000,17.825000)
p(4,83,79,78,81)
t(79,83,81)
t(81,78,79)
</p>

<p>
c(176,136,95)
n(0.675717,0.285513,-0.679624)
C(146.475000,-625.425000,4.650000)
p(4,84,85,86,87)
t(85,84,87)
t(87,86,85)
</p>

<p>
c(176,136,95)
n(-0.327487,-0.793324,0.513215)
C(83.700000,-562.650000,0.000000)
p(4,88,89,87,86)
t(87,86,88)
t(88,89,87)
</p>

<p>
c(176,136,95)
n(-0.579433,0.248733,0.776138)
C(180.575000,-687.425000,23.250000)
p(4,90,91,85,84)
t(85,84,90)
t(90,91,85)
</p>

<p>
c(176,136,95)
n(-0.936470,0.294918,-0.189863)
C(-157.325000,-571.950000,35.650000)
p(4,92,93,94,95)
t(93,92,95)
t(95,94,93)
</p>

<p>
c(176,136,95)
n(-0.369131,-0.239707,0.897933)
C(-155.000000,-571.950000,41.850000)
p(4,96,92,95,97)
t(92,96,97)
t(97,95,92)
</p>

<p>
c(176,136,95)
n(0.000000,-0.600000,0.800000)
C(-70.525000,-700.600000,-26.350000)
p(4,98,99,100,101)
t(99,98,101)
t(101,100,99)
</p>

<p>
c(176,136,95)
n(0.777588,-0.589806,0.217914)
C(-51.150000,-637.050000,0.775000)
p(4,102,103,100,104)
t(100,104,102)
t(102,103,100)
</p>

<p>
c(176,136,95)
n(0.000000,0.000000,1.000000)
C(-48.825000,-637.050000,6.200000)
p(4,101,100,103,105)
t(100,101,105)
t(105,103,100)
</p>

<p>
c(176,136,95)
n(0.545184,-0.817362,0.186262)
C(-11.625000,-601.400000,-2.325000)
p(4,106,107,103,102)
t(103,102,106)
t(106,107,103)
</p>

<p>
c(176,136,95)
n(-0.000000,0.099504,0.995037)
C(-7.750000,-601.400000,4.650000)
p(4,105,103,107,108)
t(103,105,108)
t(108,107,103)
</p>

<p>
c(176,136,95)
n(-0.714977,0.637979,-0.285991)
C(27.900000,-565.750000,1.550000)
p(4,89,109,107,106)
t(109,89,106)
t(106,107,109)
</p>

<p>
c(176,136,95)
n(0.200985,-0.359353,0.911302)
C(31.775000,-565.750000,7.750000)
p(4,109,88,108,107)
t(88,109,107)
t(107,108,88)
</p>

<p>
c(176,136,95)
n(0.731143,0.491373,0.473268)
C(183.675000,-686.650000,23.250000)
p(4,91,110,111,85)
t(111,85,91)
t(91,110,111)
</p>

<p>
c(176,136,95)
n(0.727841,0.518922,0.448293)
C(150.350000,-623.100000,5.425000)
p(4,85,111,112,86)
t(112,86,85)
t(85,111,112)
</p>

<p>
c(176,136,95)
n(-0.428255,-0.877922,-0.214127)
C(88.350000,-561.100000,1.550000)
p(4,86,112,113,88)
t(112,86,88)
t(88,113,112)
</p>

<p>
c(176,136,95)
n(-0.784220,0.193425,-0.589564)
C(-101.525000,-437.100000,28.675000)
p(4,114,115,95,94)
t(115,114,94)
t(94,95,115)
</p>

<p>
c(176,136,95)
n(-0.704378,0.556800,0.440256)
C(-101.525000,-437.100000,38.750000)
p(4,115,116,97,95)
t(116,115,95)
t(95,97,116)
</p>

<p>
c(176,136,95)
n(-0.354555,-0.087647,0.930918)
C(-31.000000,-403.000000,0.775000)
p(4,117,118,119,114)
t(119,114,117)
t(117,118,119)
</p>

<p>
c(176,136,95)
n(0.027520,0.057551,0.997963)
C(-36.425000,-254.200000,-10.075000)
p(4,120,121,114,119)
t(114,119,120)
t(120,121,114)
</p>

<p>
c(176,136,95)
n(0.454307,0.069657,0.888118)
C(-23.250000,-69.750000,-22.475000)
p(4,122,123,121,120)
t(121,120,122)
t(122,123,121)
</p>

<p>
c(176,136,95)
n(-0.863075,-0.495052,-0.100126)
C(-25.575000,-403.000000,10.850000)
p(4,124,118,119,125)
t(118,124,125)
t(125,119,118)
</p>

<p>
c(176,136,95)
n(-0.921281,0.216846,0.322831)
C(-20.150000,-254.200000,3.100000)
p(4,125,119,120,126)
t(119,125,126)
t(126,120,119)
</p>

<p>
c(176,136,95)
n(-0.658005,0.237175,0.714687)
C(17.050000,-69.750000,-14.725000)
p(4,126,120,122,127)
t(120,126,127)
t(127,122,120)
</p>

<p>
c(176,136,95)
n(0.593847,-0.157887,0.788934)
C(-27.900000,-254.200000,21.700000)
p(4,125,116,128,126)
t(116,125,126)
t(126,128,116)
</p>

<p>
c(176,136,95)
n(-0.854854,0.281708,-0.435735)
C(21.700000,-69.750000,24.025000)
p(4,129,127,126,128)
t(126,128,129)
t(129,127,126)
</p>

<p>
c(176,136,95)
n(-0.500147,0.000756,0.865940)
C(-48.825000,-254.200000,20.150000)
p(4,116,115,130,128)
t(115,116,128)
t(128,130,115)
</p>

<p>
c(176,136,95)
n(-0.098584,-0.140751,0.985125)
C(-15.500000,-69.750000,41.075000)
p(4,128,130,131,129)
t(130,128,129)
t(129,131,130)
</p>

<p>
c(176,136,95)
n(-0.265592,-0.182610,0.946633)
C(19.375000,-491.350000,3.100000)
p(4,89,113,118,117)
t(118,117,89)
t(89,113,118)
</p>

<p>
c(176,136,95)
n(0.966976,-0.070371,0.244959)
C(-54.250000,-254.200000,0.775000)
p(4,115,114,121,130)
t(121,130,115)
t(115,114,121)
</p>

<p>
c(176,136,95)
n(0.983315,-0.019700,-0.180840)
C(-43.400000,-69.750000,12.400000)
p(4,130,121,123,131)
t(123,131,130)
t(130,121,123)
</p>

<p>
c(176,136,95)
n(-0.872199,-0.480968,-0.089095)
C(24.025000,-491.350000,9.300000)
p(4,118,124,88,113)
t(124,118,113)
t(113,88,124)
</p>

<p>
c(176,136,95)
n(-0.844684,-0.527921,-0.088365)
C(-37.975000,-403.000000,9.300000)
p(4,132,117,114,116)
t(117,132,116)
t(116,114,117)
</p>

<p>
c(176,136,95)
n(-0.872799,-0.484436,-0.059527)
C(13.175000,-491.350000,10.075000)
p(4,117,132,109,89)
t(132,117,89)
t(89,109,132)
</p>

<p>
n(0.000000,1.000000,0.000000)
C(-117.490000,0.000000,48.256667)
p(30,133,134,135,136,137,138,139,140,141,142,143,144,145,146,147,148,149,150,151,152,153,154,155,156,157,158,159,160,161,162)
t(162,161,160)
t(159,158,157)
t(157,156,155)
t(155,154,153)
t(153,152,151)
t(151,150,149)
t(149,148,147)
t(147,146,145)
t(143,142,141)
t(140,139,138)
t(138,137,136)
t(136,135,134)
t(133,162,160)
t(157,155,153)
t(153,151,149)
t(149,147,145)
t(143,141,140)
t(140,138,136)
t(136,134,133)
t(159,157,153)
t(149,145,144)
t(143,140,136)
t(136,133,160)
t(160,159,153)
t(153,149,144)
t(143,136,160)
t(160,153,144)
t(144,143,160)
</p>

