v(-578190.000000,-4730.000000,-276480.000000)
v(-581880.000000,-16070.000000,-270060.000000)
v(-581190.000000,250.000000,-271290.000000)
v(-576720.000000,250.000000,-279030.000000)
v(-581700.000000,-21110.000000,-270390.000000)
v(-582540.000000,250.000000,-268920.000000)
v(-582870.000000,-11420.000000,-268350.000000)
v(-583020.000000,250.000000,-268110.000000)
v(-585150.000000,-4010.000000,-264420.000000)
v(-585810.000000,250.000000,-263280.000000)
v(-603180.000000,-8930.000000,264900.000000)
v(-602340.000000,-12440.000000,267000.000000)
v(-602280.000000,250.000000,267240.000000)
v(-603810.000000,250.000000,263220.000000)
v(-602010.000000,-18800.000000,267930.000000)
v(-600030.000000,250.000000,273030.000000)
v(-598050.000000,-13580.000000,278220.000000)
v(-600030.000000,250.000000,273060.000000)
v(-596370.000000,-2540.000000,282600.000000)
v(-594150.000000,250.000000,288360.000000)
v(493170.000000,-8990.000000,330570.000000)
v(498330.000000,-9770.000000,321990.000000)
v(498600.000000,250.000000,321570.000000)
v(490440.000000,250.000000,335130.000000)
v(497910.000000,-16340.000000,322710.000000)
v(500280.000000,250.000000,318750.000000)
v(503640.000000,-18650.000000,313170.000000)
v(502530.000000,250.000000,315000.000000)
v(503370.000000,-16460.000000,313590.000000)
v(503970.000000,250.000000,312600.000000)
v(510150.000000,-14150.000000,302310.000000)
v(507780.000000,250.000000,306270.000000)
v(512370.000000,-12710.000000,298590.000000)
v(511440.000000,250.000000,300210.000000)
v(512370.000000,-12260.000000,298620.000000)
v(516210.000000,250.000000,292230.000000)
v(515910.000000,-8780.000000,292710.000000)
v(519030.000000,250.000000,287520.000000)
v(-429240.000000,-18890.000000,-425850.000000)
v(-435300.000000,-23150.000000,-420420.000000)
v(-434850.000000,250.000000,-420810.000000)
v(-426600.000000,250.000000,-428250.000000)
v(-437370.000000,-35990.000000,-418560.000000)
v(-434610.000000,250.000000,-421020.000000)
v(-444150.000000,-42740.000000,-412440.000000)
v(-440880.000000,250.000000,-415380.000000)
v(-445350.000000,-36260.000000,-411330.000000)
v(-442500.000000,250.000000,-413940.000000)
v(-446910.000000,-32900.000000,-409950.000000)
v(-446940.000000,250.000000,-409920.000000)
v(-450720.000000,-33260.000000,-406530.000000)
v(-455040.000000,250.000000,-402630.000000)
v(-456240.000000,-40880.000000,-401550.000000)
v(-454560.000000,250.000000,-403080.000000)
v(-457170.000000,-37130.000000,-400740.000000)
v(-460770.000000,250.000000,-397470.000000)
v(-464550.000000,-27380.000000,-394080.000000)
v(-463920.000000,250.000000,-394620.000000)
v(-467760.000000,-13910.000000,-391200.000000)
v(-471120.000000,250.000000,-388140.000000)
v(266910.000000,-6050.000000,-498210.000000)
v(267510.000000,-10940.000000,-497880.000000)
v(264540.000000,250.000000,-499590.000000)
v(274170.000000,250.000000,-494010.000000)
v(252870.000000,-14540.000000,-506310.000000)
v(258420.000000,250.000000,-503130.000000)
v(247050.000000,-16040.000000,-509670.000000)
v(246600.000000,250.000000,-509940.000000)
v(243180.000000,-18560.000000,-511920.000000)
v(238590.000000,250.000000,-514560.000000)
v(241440.000000,-11840.000000,-512910.000000)
v(232080.000000,250.000000,-518310.000000)
v(226560.000000,-9530.000000,-521520.000000)
v(223920.000000,250.000000,-523020.000000)
v(258240.000000,-9980.000000,544020.000000)
v(266130.000000,-12020.000000,538860.000000)
v(268470.000000,250.000000,537360.000000)
v(255660.000000,250.000000,545670.000000)
v(277260.000000,-15890.000000,531660.000000)
v(269190.000000,250.000000,536910.000000)
v(281220.000000,-16520.000000,529080.000000)
v(281190.000000,250.000000,529110.000000)
v(288810.000000,-17390.000000,524160.000000)
v(286770.000000,250.000000,525480.000000)
v(294930.000000,-17240.000000,520170.000000)
v(290340.000000,250.000000,523170.000000)
v(299610.000000,-16130.000000,517140.000000)
v(301020.000000,250.000000,516210.000000)
v(306870.000000,-16100.000000,512430.000000)
v(303210.000000,250.000000,514800.000000)
v(313020.000000,-12830.000000,508440.000000)
v(308250.000000,250.000000,511530.000000)
v(315690.000000,-12230.000000,506700.000000)
v(323280.000000,250.000000,501780.000000)
v(323610.000000,-12410.000000,501570.000000)
v(326700.000000,250.000000,499560.000000)
v(327360.000000,-12560.000000,499110.000000)
v(329550.000000,250.000000,497670.000000)
v(338040.000000,-13370.000000,492180.000000)
v(334290.000000,250.000000,494610.000000)
v(343770.000000,-13130.000000,488460.000000)
v(348300.000000,250.000000,485520.000000)
v(353730.000000,-15440.000000,481980.000000)
v(353490.000000,250.000000,482160.000000)
v(361620.000000,-16790.000000,476880.000000)
v(361380.000000,250.000000,477030.000000)
v(367530.000000,-11990.000000,473040.000000)
v(360960.000000,250.000000,477300.000000)
v(369210.000000,-8510.000000,471930.000000)
v(371910.000000,250.000000,470190.000000)
v(377730.000000,-8630.000000,466410.000000)
v(380580.000000,250.000000,464550.000000)
v(471750.000000,-4310.000000,-291570.000000)
v(467010.000000,-5960.000000,-298590.000000)
v(467430.000000,250.000000,-297960.000000)
v(473490.000000,250.000000,-288990.000000)
v(461400.000000,-10400.000000,-306900.000000)
v(454920.000000,250.000000,-316500.000000)
v(452550.000000,-11750.000000,-320010.000000)
v(452160.000000,250.000000,-320610.000000)
v(441210.000000,-11960.000000,-336810.000000)
v(447990.000000,250.000000,-326760.000000)
v(435120.000000,-13940.000000,-345870.000000)
v(444210.000000,250.000000,-332400.000000)
v(433920.000000,-9350.000000,-347640.000000)
v(428100.000000,250.000000,-356280.000000)
v(429210.000000,-4760.000000,-354630.000000)
v(430560.000000,250.000000,-352650.000000)
v(417090.000000,-170.000000,-372600.000000)
v(411300.000000,250.000000,-381180.000000)
v(422970.000000,-890.000000,376500.000000)
v(428880.000000,-10130.000000,369210.000000)
v(429840.000000,250.000000,368010.000000)
v(419610.000000,250.000000,380640.000000)
v(430470.000000,-15200.000000,367230.000000)
v(428820.000000,250.000000,369300.000000)
v(435810.000000,-12800.000000,360630.000000)
v(433470.000000,250.000000,363540.000000)
v(436080.000000,-12080.000000,360300.000000)
v(436860.000000,250.000000,359370.000000)
v(440820.000000,-11510.000000,354450.000000)
v(438330.000000,250.000000,357510.000000)
v(444330.000000,-8750.000000,350130.000000)
v(441330.000000,250.000000,353820.000000)
v(446700.000000,-2750.000000,347190.000000)
v(447750.000000,250.000000,345870.000000)
v(-446550.000000,-20510.000000,-384150.000000)
v(-461760.000000,-28460.000000,-359820.000000)
v(-455370.000000,250.000000,-370020.000000)
v(-437580.000000,250.000000,-398490.000000)
v(-464790.000000,-29000.000000,-354960.000000)
v(-470190.000000,250.000000,-346320.000000)
v(-477780.000000,-29900.000000,-334140.000000)
v(-473850.000000,250.000000,-340440.000000)
v(-493410.000000,-29930.000000,-309150.000000)
v(-483570.000000,250.000000,-324870.000000)
v(-506520.000000,-27380.000000,-288180.000000)
v(-493050.000000,250.000000,-309720.000000)
v(-512610.000000,-32180.000000,-278400.000000)
v(-504570.000000,250.000000,-291270.000000)
v(-511980.000000,-32570.000000,-279450.000000)
v(-517440.000000,250.000000,-270660.000000)
v(-531480.000000,-40460.000000,-248220.000000)
v(-522450.000000,250.000000,-262680.000000)
v(-545070.000000,-38300.000000,-226470.000000)
v(-536490.000000,250.000000,-240210.000000)
v(-548640.000000,-30890.000000,-220740.000000)
v(-554460.000000,250.000000,-211440.000000)
v(-557340.000000,-28160.000000,-206820.000000)
v(-566310.000000,250.000000,-192450.000000)
v(-580320.000000,-28010.000000,-170040.000000)
v(-578820.000000,250.000000,-172470.000000)
v(-578280.000000,-23300.000000,-173310.000000)
v(-578910.000000,250.000000,-172320.000000)
v(-601710.000000,-16310.000000,-135810.000000)
v(-594450.000000,250.000000,-147420.000000)
v(-611910.000000,-9890.000000,-119490.000000)
v(-617790.000000,250.000000,-110070.000000)
v(524490.000000,-1850.000000,-110400.000000)
v(522120.000000,-12410.000000,-120000.000000)
v(522720.000000,250.000000,-117510.000000)
v(525510.000000,250.000000,-106350.000000)
v(522210.000000,-20090.000000,-119580.000000)
v(521850.000000,250.000000,-120990.000000)
v(520260.000000,-22160.000000,-127410.000000)
v(519090.000000,250.000000,-132150.000000)
v(517830.000000,-22670.000000,-137130.000000)
v(519480.000000,250.000000,-130590.000000)
v(517650.000000,-23990.000000,-137910.000000)
v(517710.000000,250.000000,-137670.000000)
v(515610.000000,-21620.000000,-146100.000000)
v(515760.000000,250.000000,-145440.000000)
v(515220.000000,-20510.000000,-147600.000000)
v(514500.000000,250.000000,-150540.000000)
v(513930.000000,-22640.000000,-152850.000000)
v(514800.000000,250.000000,-149340.000000)
v(512220.000000,-22640.000000,-159660.000000)
v(512220.000000,250.000000,-159690.000000)
v(512040.000000,-17780.000000,-160410.000000)
v(512400.000000,250.000000,-158970.000000)
v(510840.000000,-9140.000000,-165180.000000)
v(509280.000000,250.000000,-171510.000000)
v(-406890.000000,-11330.000000,-379140.000000)
v(-411510.000000,-14360.000000,-374670.000000)
v(-413310.000000,250.000000,-372930.000000)
v(-404370.000000,250.000000,-381570.000000)
v(-418650.000000,-23450.000000,-367770.000000)
v(-418920.000000,250.000000,-367500.000000)
v(-420810.000000,-22010.000000,-365700.000000)
v(-420540.000000,250.000000,-365970.000000)
v(-423630.000000,-21530.000000,-362970.000000)
v(-425130.000000,250.000000,-361500.000000)
v(-427410.000000,-17420.000000,-359310.000000)
v(-428520.000000,250.000000,-358260.000000)
v(-431040.000000,-19040.000000,-355830.000000)
v(-432810.000000,250.000000,-354120.000000)
v(-438750.000000,-19640.000000,-348390.000000)
v(-438060.000000,250.000000,-349020.000000)
v(-438390.000000,-20150.000000,-348720.000000)
v(-443550.000000,250.000000,-343740.000000)
v(-445140.000000,-13190.000000,-342210.000000)
v(-447360.000000,250.000000,-340050.000000)
v(-447420.000000,-4010.000000,-339990.000000)
v(-449970.000000,250.000000,-337560.000000)
v(-79020.000000,-16670.000000,561210.000000)
v(-71850.000000,-23930.000000,562080.000000)
v(-72240.000000,250.000000,562050.000000)
v(-83070.000000,250.000000,560700.000000)
v(-69120.000000,-29330.000000,562410.000000)
v(-72270.000000,250.000000,562020.000000)
v(-64170.000000,-32810.000000,563040.000000)
v(-68700.000000,250.000000,562470.000000)
v(-65130.000000,-29690.000000,562920.000000)
v(-62400.000000,250.000000,563250.000000)
v(-60510.000000,-21710.000000,563490.000000)
v(-59580.000000,250.000000,563580.000000)
v(-53700.000000,-7970.000000,564330.000000)
v(-49980.000000,250.000000,564780.000000)
v(226620.000000,-19310.000000,-457500.000000)
v(222180.000000,-20510.000000,-459870.000000)
v(218310.000000,250.000000,-461910.000000)
v(230550.000000,250.000000,-455400.000000)
v(216510.000000,-28250.000000,-462870.000000)
v(214290.000000,250.000000,-464040.000000)
v(210480.000000,-34520.000000,-466080.000000)
v(209430.000000,250.000000,-466620.000000)
v(207720.000000,-37670.000000,-467520.000000)
v(205290.000000,250.000000,-468840.000000)
v(198720.000000,-38510.000000,-472320.000000)
v(200820.000000,250.000000,-471210.000000)
v(194340.000000,-35180.000000,-474660.000000)
v(192690.000000,250.000000,-475530.000000)
v(192120.000000,-22040.000000,-475830.000000)
v(188340.000000,250.000000,-477840.000000)
v(186870.000000,-14630.000000,-478620.000000)
v(184740.000000,250.000000,-479760.000000)
v(505350.000000,-17540.000000,-140490.000000)
v(489960.000000,-20000.000000,-165090.000000)
v(483870.000000,250.000000,-174840.000000)
v(511080.000000,250.000000,-131280.000000)
v(471900.000000,-26870.000000,-194040.000000)
v(475560.000000,250.000000,-188190.000000)
v(463650.000000,-25430.000000,-207240.000000)
v(465330.000000,250.000000,-204540.000000)
v(454080.000000,-30320.000000,-222510.000000)
v(458040.000000,250.000000,-216210.000000)
v(450570.000000,-33710.000000,-228180.000000)
v(444510.000000,250.000000,-237870.000000)
v(441210.000000,-30230.000000,-243120.000000)
v(439590.000000,250.000000,-245730.000000)
v(434940.000000,-26450.000000,-253170.000000)
v(433440.000000,250.000000,-255570.000000)
v(413760.000000,-25460.000000,-287040.000000)
v(420630.000000,250.000000,-276090.000000)
v(411990.000000,-26540.000000,-289890.000000)
v(410730.000000,250.000000,-291930.000000)
v(396600.000000,-25280.000000,-314520.000000)
v(394140.000000,250.000000,-318450.000000)
v(397170.000000,-25130.000000,-313590.000000)
v(389790.000000,250.000000,-325410.000000)
v(384810.000000,-27020.000000,-333360.000000)
v(373590.000000,250.000000,-351360.000000)
v(367740.000000,-20930.000000,-360690.000000)
v(368040.000000,250.000000,-360240.000000)
v(364110.000000,-21260.000000,-366480.000000)
v(368370.000000,250.000000,-359700.000000)
v(358290.000000,-20690.000000,-375840.000000)
v(355770.000000,250.000000,-379890.000000)
v(338760.000000,-14240.000000,-407100.000000)
v(340140.000000,250.000000,-404880.000000)
v(336660.000000,-10040.000000,-410460.000000)
v(331710.000000,250.000000,-418350.000000)
v(-82800.000000,-5840.000000,544140.000000)
v(-59640.000000,-6860.000000,539610.000000)
v(-57330.000000,250.000000,539190.000000)
v(-105480.000000,250.000000,548550.000000)
v(-26310.000000,-8810.000000,533160.000000)
v(-21960.000000,250.000000,532290.000000)
v(-14640.000000,-10010.000000,530880.000000)
v(-12000.000000,250.000000,530370.000000)
v(-1020.000000,-14030.000000,528240.000000)
v(-13260.000000,250.000000,530610.000000)
v(7590.000000,-18200.000000,526560.000000)
v(19230.000000,250.000000,524280.000000)
v(44250.000000,-16370.000000,519420.000000)
v(28410.000000,250.000000,522510.000000)
v(47760.000000,-15530.000000,518730.000000)
v(49590.000000,250.000000,518400.000000)
v(68220.000000,-14360.000000,514770.000000)
v(90450.000000,250.000000,510450.000000)
v(83700.000000,-12830.000000,511770.000000)
v(90840.000000,250.000000,510360.000000)
v(113610.000000,-11060.000000,505950.000000)
v(119100.000000,250.000000,504870.000000)
v(119670.000000,-13130.000000,504750.000000)
v(136740.000000,250.000000,501450.000000)
v(157650.000000,-18590.000000,497400.000000)
v(160800.000000,250.000000,496770.000000)
v(162960.000000,-18200.000000,496350.000000)
v(169860.000000,250.000000,495000.000000)
v(183750.000000,-15410.000000,492300.000000)
v(190140.000000,250.000000,491070.000000)
v(199170.000000,-16070.000000,489300.000000)
v(217710.000000,250.000000,485700.000000)
v(227130.000000,-16100.000000,483870.000000)
v(240390.000000,250.000000,481290.000000)
v(237810.000000,-9380.000000,481800.000000)
v(259470.000000,250.000000,477600.000000)
v(261540.000000,-7250.000000,477180.000000)
v(274830.000000,250.000000,474600.000000)
v(-212520.000000,-8180.000000,469920.000000)
v(-205530.000000,-26150.000000,472890.000000)
v(-202410.000000,250.000000,474210.000000)
v(-216570.000000,250.000000,468210.000000)
v(-193440.000000,-36410.000000,478020.000000)
v(-200520.000000,250.000000,475020.000000)
v(-189600.000000,-38120.000000,479670.000000)
v(-190650.000000,250.000000,479220.000000)
v(-182100.000000,-32120.000000,482850.000000)
v(-188730.000000,250.000000,480030.000000)
v(-184020.000000,-19040.000000,482010.000000)
v(-184200.000000,250.000000,481950.000000)
v(-174630.000000,-9020.000000,486030.000000)
v(-171210.000000,250.000000,487470.000000)
v(-408990.000000,-1490.000000,-268380.000000)
v(-413550.000000,-6470.000000,-262110.000000)
v(-414240.000000,250.000000,-261150.000000)
v(-405810.000000,250.000000,-272760.000000)
v(-421440.000000,-9230.000000,-251250.000000)
v(-421740.000000,250.000000,-250830.000000)
v(-424710.000000,-13340.000000,-246750.000000)
v(-421830.000000,250.000000,-250710.000000)
v(-426270.000000,-16520.000000,-244620.000000)
v(-424980.000000,250.000000,-246360.000000)
v(-430080.000000,-17030.000000,-239370.000000)
v(-432120.000000,250.000000,-236520.000000)
v(-432390.000000,-15920.000000,-236190.000000)
v(-436110.000000,250.000000,-231060.000000)
v(-435060.000000,-16070.000000,-232500.000000)
v(-435660.000000,250.000000,-231660.000000)
v(-442440.000000,-14150.000000,-222360.000000)
v(-442860.000000,250.000000,-221760.000000)
v(-443550.000000,-7040.000000,-220800.000000)
v(-441840.000000,250.000000,-223170.000000)
v(-446700.000000,-4010.000000,-216480.000000)
v(-450030.000000,250.000000,-211890.000000)
v(-44850.000000,-19520.000000,497070.000000)
v(-45720.000000,-21500.000000,497070.000000)
v(-36360.000000,250.000000,497220.000000)
v(-47250.000000,250.000000,497040.000000)
v(-31050.000000,-29480.000000,497310.000000)
v(-35520.000000,250.000000,497220.000000)
v(-24660.000000,-33770.000000,497430.000000)
v(-23160.000000,250.000000,497460.000000)
v(-13950.000000,-30890.000000,497610.000000)
v(-15540.000000,250.000000,497580.000000)
v(-9510.000000,-36470.000000,497700.000000)
v(-14220.000000,250.000000,497610.000000)
v(-9750.000000,-37430.000000,497670.000000)
v(-4980.000000,250.000000,497760.000000)
v(4500.000000,-37310.000000,497940.000000)
v(7470.000000,250.000000,498000.000000)
v(13260.000000,-31190.000000,498090.000000)
v(8250.000000,250.000000,498000.000000)
v(14910.000000,-26420.000000,498120.000000)
v(16410.000000,250.000000,498150.000000)
v(24900.000000,-20600.000000,498300.000000)
v(30570.000000,250.000000,498390.000000)
v(32310.000000,-9830.000000,498420.000000)
v(38700.000000,250.000000,498540.000000)
v(65580.000000,-8750.000000,-400800.000000)
v(52860.000000,-22670.000000,-402570.000000)
v(55620.000000,250.000000,-402180.000000)
v(67290.000000,250.000000,-400560.000000)
v(48990.000000,-31310.000000,-403140.000000)
v(52530.000000,250.000000,-402630.000000)
v(46020.000000,-30920.000000,-403530.000000)
v(41010.000000,250.000000,-404250.000000)
v(38520.000000,-27230.000000,-404610.000000)
v(32010.000000,250.000000,-405510.000000)
v(21690.000000,-25310.000000,-406950.000000)
v(20910.000000,250.000000,-407070.000000)
v(24600.000000,-23420.000000,-406560.000000)
v(22920.000000,250.000000,-406800.000000)
v(15240.000000,-21200.000000,-407880.000000)
v(8910.000000,250.000000,-408750.000000)
v(1050.000000,-22010.000000,-409860.000000)
v(4710.000000,250.000000,-409350.000000)
v(-6570.000000,-29510.000000,-410940.000000)
v(-1650.000000,250.000000,-410250.000000)
v(-7170.000000,-30650.000000,-411030.000000)
v(-7350.000000,250.000000,-411030.000000)
v(-16530.000000,-28910.000000,-412320.000000)
v(-21150.000000,250.000000,-412980.000000)
v(-21270.000000,-34070.000000,-413010.000000)
v(-23790.000000,250.000000,-413340.000000)
v(-35070.000000,-29420.000000,-414930.000000)
v(-33960.000000,250.000000,-414780.000000)
v(-34290.000000,-17420.000000,-414840.000000)
v(-44790.000000,250.000000,-416310.000000)
v(-44190.000000,-15200.000000,-416220.000000)
v(-50550.000000,250.000000,-417120.000000)
v(-433620.000000,-1490.000000,-51060.000000)
v(-434610.000000,-8510.000000,-43950.000000)
v(-434490.000000,250.000000,-44970.000000)
v(-433140.000000,250.000000,-54540.000000)
v(-435270.000000,-12110.000000,-39420.000000)
v(-435420.000000,250.000000,-38340.000000)
v(-437160.000000,-15590.000000,-25830.000000)
v(-436290.000000,250.000000,-32100.000000)
v(-437430.000000,-13880.000000,-23970.000000)
v(-436860.000000,250.000000,-28020.000000)
v(-438180.000000,-16310.000000,-18660.000000)
v(-437880.000000,250.000000,-20700.000000)
v(-439650.000000,-19070.000000,-8220.000000)
v(-438810.000000,250.000000,-14130.000000)
v(-440490.000000,-16220.000000,-2160.000000)
v(-440400.000000,250.000000,-2940.000000)
v(-441720.000000,-16730.000000,6450.000000)
v(-440880.000000,250.000000,630.000000)
v(-441630.000000,-18920.000000,5910.000000)
v(-443010.000000,250.000000,15840.000000)
v(-442890.000000,-13820.000000,14790.000000)
v(-443700.000000,250.000000,20640.000000)
v(-444030.000000,-9860.000000,22860.000000)
v(-444630.000000,250.000000,27210.000000)
v(-445800.000000,-4370.000000,35610.000000)
v(-446370.000000,250.000000,39660.000000)
v(-412050.000000,-4880.000000,-22470.000000)
v(-412200.000000,-20480.000000,-13800.000000)
v(-412020.000000,250.000000,-23820.000000)
v(-411930.000000,250.000000,-29610.000000)
v(-412140.000000,-24020.000000,-16740.000000)
v(-412260.000000,250.000000,-10680.000000)
v(-412290.000000,-24980.000000,-8850.000000)
v(-412380.000000,250.000000,-3120.000000)
v(-412470.000000,-24140.000000,1380.000000)
v(-412590.000000,250.000000,9180.000000)
v(-412560.000000,-24050.000000,6420.000000)
v(-412650.000000,250.000000,13050.000000)
v(-412650.000000,-24140.000000,13050.000000)
v(-412740.000000,250.000000,17040.000000)
v(-412860.000000,-28430.000000,24360.000000)
v(-412800.000000,250.000000,20940.000000)
v(-412950.000000,-29870.000000,28710.000000)
v(-413100.000000,250.000000,37350.000000)
v(-413100.000000,-28760.000000,38370.000000)
v(-413190.000000,250.000000,43020.000000)
v(-413310.000000,-33110.000000,50100.000000)
v(-413220.000000,250.000000,45600.000000)
v(-413490.000000,-31580.000000,60660.000000)
v(-413370.000000,250.000000,53610.000000)
v(-413610.000000,-33260.000000,67320.000000)
v(-413520.000000,250.000000,61890.000000)
v(-413610.000000,-30710.000000,66510.000000)
v(-413640.000000,250.000000,68880.000000)
v(-413850.000000,-35000.000000,81300.000000)
v(-413760.000000,250.000000,76560.000000)
v(-413880.000000,-34700.000000,81900.000000)
v(-413970.000000,250.000000,87810.000000)
v(-414030.000000,-30620.000000,91650.000000)
v(-414090.000000,250.000000,94560.000000)
v(-414240.000000,-23270.000000,103500.000000)
v(-414210.000000,250.000000,101430.000000)
v(-414270.000000,-15440.000000,105360.000000)
v(-414300.000000,250.000000,107490.000000)
v(130710.000000,-2570.000000,360570.000000)
v(135150.000000,-14480.000000,358590.000000)
v(136440.000000,250.000000,358020.000000)
v(124950.000000,250.000000,363120.000000)
v(145860.000000,-23840.000000,353820.000000)
v(138660.000000,250.000000,357030.000000)
v(151230.000000,-26900.000000,351420.000000)
v(151230.000000,250.000000,351420.000000)
v(155400.000000,-20630.000000,349560.000000)
v(157500.000000,250.000000,348630.000000)
v(167640.000000,-18050.000000,344130.000000)
v(162300.000000,250.000000,346500.000000)
v(169020.000000,-11840.000000,343500.000000)
v(170430.000000,250.000000,342870.000000)
v(-348240.000000,-7700.000000,185160.000000)
v(-346260.000000,-10940.000000,189420.000000)
v(-345990.000000,250.000000,189990.000000)
v(-350040.000000,250.000000,181320.000000)
v(-344640.000000,-17330.000000,192900.000000)
v(-344970.000000,250.000000,192210.000000)
v(-342720.000000,-18080.000000,196980.000000)
v(-340560.000000,250.000000,201630.000000)
v(-340020.000000,-13640.000000,202830.000000)
v(-338280.000000,250.000000,206550.000000)
v(-336060.000000,-4580.000000,211290.000000)
v(-333720.000000,250.000000,216300.000000)
v(325470.000000,-6770.000000,-28350.000000)
v(325380.000000,-9950.000000,-28740.000000)
v(325050.000000,250.000000,-30300.000000)
v(327360.000000,250.000000,-19470.000000)
v(320400.000000,-13340.000000,-52170.000000)
v(320310.000000,250.000000,-52590.000000)
v(318720.000000,-13580.000000,-60060.000000)
v(317430.000000,250.000000,-66210.000000)
v(314220.000000,-16430.000000,-81300.000000)
v(317520.000000,250.000000,-65640.000000)
v(315240.000000,-15440.000000,-76410.000000)
v(313650.000000,250.000000,-83970.000000)
v(312270.000000,-11480.000000,-90420.000000)
v(312150.000000,250.000000,-90960.000000)
v(308490.000000,-10700.000000,-108270.000000)
v(306600.000000,250.000000,-117090.000000)
v(304890.000000,-10010.000000,-125100.000000)
v(306120.000000,250.000000,-119370.000000)
v(303660.000000,-6350.000000,-130860.000000)
v(300030.000000,250.000000,-147960.000000)
v(-379950.000000,-13940.000000,-38970.000000)
v(-380010.000000,-17960.000000,-43770.000000)
v(-379860.000000,250.000000,-34470.000000)
v(-380280.000000,250.000000,-59160.000000)
v(-379620.000000,-19760.000000,-21030.000000)
v(-379620.000000,250.000000,-20010.000000)
v(-379200.000000,-21140.000000,4050.000000)
v(-379380.000000,250.000000,-7530.000000)
v(-379140.000000,-25910.000000,6600.000000)
v(-379230.000000,250.000000,2370.000000)
v(-378780.000000,-32000.000000,28080.000000)
v(-378690.000000,250.000000,32160.000000)
v(-378570.000000,-32660.000000,39000.000000)
v(-378570.000000,250.000000,38880.000000)
v(-378120.000000,-28610.000000,65730.000000)
v(-378450.000000,250.000000,46410.000000)
v(-378030.000000,-29870.000000,70800.000000)
v(-378120.000000,250.000000,65910.000000)
v(-377790.000000,-28820.000000,84660.000000)
v(-378000.000000,250.000000,72570.000000)
v(-377400.000000,-31700.000000,106410.000000)
v(-377730.000000,250.000000,87120.000000)
v(-377220.000000,-33530.000000,117300.000000)
v(-377340.000000,250.000000,109770.000000)
v(-376860.000000,-31910.000000,136950.000000)
v(-377070.000000,250.000000,125730.000000)
v(-376920.000000,-18620.000000,134550.000000)
v(-376650.000000,250.000000,148680.000000)
v(-376650.000000,-17450.000000,150150.000000)
v(-376290.000000,250.000000,169380.000000)
v(325110.000000,-3620.000000,51600.000000)
v(325920.000000,-20750.000000,45090.000000)
v(326010.000000,250.000000,44400.000000)
v(324510.000000,250.000000,56640.000000)
v(326310.000000,-29120.000000,42000.000000)
v(326280.000000,250.000000,42060.000000)
v(326580.000000,-27950.000000,39570.000000)
v(326460.000000,250.000000,40620.000000)
v(327330.000000,-17990.000000,33600.000000)
v(327420.000000,250.000000,32970.000000)
v(327420.000000,-12530.000000,32910.000000)
v(327420.000000,250.000000,32760.000000)
v(327810.000000,-14150.000000,29670.000000)
v(328140.000000,250.000000,26970.000000)
v(-364230.000000,-5720.000000,117930.000000)
v(-362040.000000,-9740.000000,125040.000000)
v(-363240.000000,250.000000,121140.000000)
v(-365910.000000,250.000000,112440.000000)
v(-360780.000000,-13850.000000,129210.000000)
v(-361380.000000,250.000000,127260.000000)
v(-357120.000000,-15560.000000,141180.000000)
v(-359430.000000,250.000000,133590.000000)
v(-355710.000000,-16100.000000,145800.000000)
v(-355890.000000,250.000000,145170.000000)
v(-355050.000000,-13490.000000,147960.000000)
v(-354990.000000,250.000000,148110.000000)
v(-353580.000000,-12410.000000,152730.000000)
v(-352470.000000,250.000000,156420.000000)
v(-349740.000000,-10970.000000,165330.000000)
v(-351240.000000,250.000000,160440.000000)
v(-348330.000000,-11180.000000,169950.000000)
v(-347580.000000,250.000000,172410.000000)
v(-348090.000000,-6560.000000,170730.000000)
v(-347160.000000,250.000000,173730.000000)
v(-345840.000000,-4430.000000,178080.000000)
v(-343620.000000,250.000000,185370.000000)
v(125940.000000,-3110.000000,362010.000000)
v(142200.000000,-7700.000000,345750.000000)
v(147390.000000,250.000000,340560.000000)
v(111180.000000,250.000000,376770.000000)
v(149520.000000,-11900.000000,338430.000000)
v(157230.000000,250.000000,330720.000000)
v(174210.000000,-12050.000000,313770.000000)
v(164640.000000,250.000000,323310.000000)
v(170940.000000,-11930.000000,317040.000000)
v(181140.000000,250.000000,306810.000000)
v(189330.000000,-9800.000000,298620.000000)
v(185670.000000,250.000000,302280.000000)
v(192390.000000,-12200.000000,295560.000000)
v(201570.000000,250.000000,286380.000000)
v(214110.000000,-14090.000000,273870.000000)
v(216630.000000,250.000000,271320.000000)
v(230190.000000,-11960.000000,257760.000000)
v(220680.000000,250.000000,267270.000000)
v(231840.000000,-11720.000000,256110.000000)
v(232500.000000,250.000000,255450.000000)
v(235230.000000,-13100.000000,252720.000000)
v(241260.000000,250.000000,246690.000000)
v(252990.000000,-10460.000000,234960.000000)
v(248880.000000,250.000000,239100.000000)
v(270810.000000,-11420.000000,217140.000000)
v(267570.000000,250.000000,220410.000000)
v(275850.000000,-9500.000000,212100.000000)
v(280560.000000,250.000000,207390.000000)
v(298110.000000,-11570.000000,189840.000000)
v(296100.000000,250.000000,191880.000000)
v(303870.000000,-12050.000000,184080.000000)
v(303750.000000,250.000000,184200.000000)
v(306300.000000,-9980.000000,181650.000000)
v(318750.000000,250.000000,169200.000000)
v(314490.000000,-11360.000000,173490.000000)
v(320130.000000,250.000000,167820.000000)
v(340590.000000,-10040.000000,147360.000000)
v(325440.000000,250.000000,162540.000000)
v(342390.000000,-5750.000000,145560.000000)
v(354480.000000,250.000000,133500.000000)
v(286860.000000,-21470.000000,176970.000000)
v(291990.000000,-28970.000000,159030.000000)
v(288420.000000,250.000000,171570.000000)
v(282750.000000,250.000000,191310.000000)
v(294840.000000,-32150.000000,149160.000000)
v(297030.000000,250.000000,141450.000000)
v(301410.000000,-39470.000000,126240.000000)
v(298980.000000,250.000000,134730.000000)
v(303060.000000,-35060.000000,120450.000000)
v(305280.000000,250.000000,112740.000000)
v(306630.000000,-42770.000000,108060.000000)
v(309690.000000,250.000000,97350.000000)
v(312390.000000,-40370.000000,87900.000000)
v(312420.000000,250.000000,87870.000000)
v(314190.000000,-37460.000000,81630.000000)
v(315270.000000,250.000000,77880.000000)
v(320910.000000,-34400.000000,58200.000000)
v(318330.000000,250.000000,67170.000000)
v(325440.000000,-41270.000000,42420.000000)
v(326940.000000,250.000000,37140.000000)
v(331740.000000,-33560.000000,20520.000000)
v(325470.000000,250.000000,42330.000000)
v(329820.000000,-26750.000000,27180.000000)
v(333270.000000,250.000000,15150.000000)
v(334530.000000,-6290.000000,10710.000000)
v(337230.000000,250.000000,1290.000000)

<p>
c(161,136,115)
n(-0.866041,-0.001028,-0.499973)
C(-579495.000000,-5075.000000,-274215.000000)
p(4,0,1,2,3)
t(2,3,0)
t(0,1,2)
</p>

<p>
c(143,126,115)
n(0.869100,0.000252,0.494636)
C(-581827.500000,-9170.000000,-270165.000000)
p(4,1,4,5,2)
t(1,2,5)
t(5,4,1)
</p>

<p>
c(169,140,115)
n(0.866192,-0.000012,0.499712)
C(-582532.500000,-8007.500000,-268942.500000)
p(4,4,6,7,5)
t(6,4,5)
t(5,7,6)
</p>

<p>
c(150,129,115)
n(0.865808,0.000781,0.500376)
C(-584212.500000,-3732.500000,-266040.000000)
p(4,6,8,9,7)
t(8,6,7)
t(7,9,8)
</p>

<p>
c(142,128,115)
n(0.933534,0.001129,-0.358488)
C(-602902.500000,-5217.500000,265590.000000)
p(4,10,11,12,13)
t(11,10,13)
t(13,12,11)
</p>

<p>
c(142,128,115)
n(-0.932692,-0.000356,0.360673)
C(-601665.000000,-7685.000000,268800.000000)
p(4,11,14,15,12)
t(15,12,11)
t(11,14,15)
</p>

<p>
c(160,139,115)
n(-0.933388,0.000655,0.358870)
C(-600030.000000,-7970.000000,273060.000000)
p(4,14,16,17,15)
t(17,15,14)
t(14,16,17)
</p>

<p>
c(140,127,115)
n(0.933466,-0.000166,-0.358666)
C(-597150.000000,-3905.000000,280560.000000)
p(4,16,18,19,17)
t(18,16,17)
t(17,19,18)
</p>

<p>
c(136,120,115)
n(-0.856846,0.001387,-0.515570)
C(495135.000000,-4565.000000,327315.000000)
p(4,20,21,22,23)
t(21,20,23)
t(23,22,21)
</p>

<p>
c(169,136,115)
n(-0.858848,0.000663,-0.512231)
C(498780.000000,-6402.500000,321255.000000)
p(4,21,24,25,22)
t(21,22,25)
t(25,24,21)
</p>

<p>
c(139,121,115)
n(-0.857329,-0.000459,-0.514769)
C(501090.000000,-8622.500000,317407.500000)
p(4,24,26,27,25)
t(26,24,25)
t(25,27,26)
</p>

<p>
c(151,127,115)
n(0.857071,0.000172,0.515199)
C(503377.500000,-8652.500000,313590.000000)
p(4,26,28,29,27)
t(29,27,26)
</p>

<p>
c(151,127,115)
n(-0.857045,0.000417,-0.515242)
C(506317.500000,-7527.500000,308692.500000)
p(4,28,30,31,29)
t(30,28,29)
t(29,31,30)
</p>

<p>
c(155,129,115)
n(0.856862,-0.001724,0.515543)
C(510435.000000,-6590.000000,301845.000000)
p(4,30,32,33,31)
t(33,31,30)
t(30,32,33)
</p>

<p>
c(161,132,115)
n(-0.858355,0.002005,-0.513052)
C(513097.500000,-6117.500000,297412.500000)
p(4,32,34,35,33)
t(34,32,33)
t(33,35,34)
</p>

<p>
c(139,121,115)
n(-0.858082,0.001177,-0.513512)
C(515880.000000,-5135.000000,292770.000000)
p(4,34,36,37,35)
t(36,34,35)
t(35,37,36)
</p>

<p>
c(144,125,115)
n(0.668898,0.000084,0.743354)
C(-431497.500000,-10385.000000,-423832.500000)
p(4,38,39,40,41)
t(39,38,41)
t(41,40,39)
</p>

<p>
c(147,127,115)
n(0.670194,-0.000599,0.742186)
C(-435532.500000,-14660.000000,-420202.500000)
p(4,39,42,43,40)
t(42,39,40)
</p>

<p>
c(161,134,115)
n(0.669526,-0.000312,0.742789)
C(-439252.500000,-19557.500000,-416850.000000)
p(4,42,44,45,43)
t(44,42,43)
t(43,45,44)
</p>

<p>
c(153,130,115)
n(0.671022,0.000067,0.741437)
C(-443220.000000,-19625.000000,-413272.500000)
p(4,44,46,47,45)
t(46,44,45)
t(45,47,46)
</p>

<p>
c(166,137,115)
n(0.670233,0.000382,0.742151)
C(-445425.000000,-17165.000000,-411285.000000)
p(4,46,48,49,47)
t(48,46,47)
t(47,49,48)
</p>

<p>
c(165,136,115)
n(0.668790,-0.000189,0.743451)
C(-449902.500000,-16415.000000,-407257.500000)
p(4,48,50,51,49)
t(50,48,49)
t(49,51,50)
</p>

<p>
c(160,134,115)
n(0.669874,0.000115,0.742474)
C(-454140.000000,-18410.000000,-403447.500000)
p(4,50,52,53,51)
t(52,50,51)
</p>

<p>
c(141,123,115)
n(0.670090,-0.000037,0.742279)
C(-457185.000000,-19377.500000,-400710.000000)
p(4,52,54,55,53)
t(54,52,53)
t(53,55,54)
</p>

<p>
c(167,137,115)
n(0.669771,-0.000571,0.742567)
C(-461602.500000,-16002.500000,-396727.500000)
p(4,54,56,57,55)
t(56,54,55)
t(55,57,56)
</p>

<p>
c(145,126,115)
n(0.668554,-0.000913,0.743663)
C(-466837.500000,-10197.500000,-392010.000000)
p(4,56,58,59,57)
t(58,56,57)
t(57,59,58)
</p>

<p>
c(157,137,115)
n(0.501182,0.000648,-0.865342)
C(268282.500000,-4122.500000,-497422.500000)
p(4,60,61,62,63)
t(62,63,60)
t(60,61,62)
</p>

<p>
c(140,127,115)
n(0.499360,-0.000618,-0.866394)
C(260835.000000,-6245.000000,-501727.500000)
p(4,61,64,65,62)
t(65,62,61)
t(61,64,65)
</p>

<p>
c(155,136,115)
n(-0.499388,0.000810,0.866378)
C(251235.000000,-7520.000000,-507262.500000)
p(4,64,66,67,65)
t(66,64,65)
t(65,67,66)
</p>

<p>
c(145,130,115)
n(-0.500231,-0.000090,0.865892)
C(243855.000000,-8525.000000,-511522.500000)
p(4,66,68,69,67)
t(68,66,67)
t(67,69,68)
</p>

<p>
c(159,138,115)
n(-0.499379,-0.000162,0.866384)
C(238822.500000,-7475.000000,-514425.000000)
p(4,68,70,71,69)
t(70,68,69)
t(69,71,70)
</p>

<p>
c(144,129,115)
n(0.500742,0.001607,-0.865595)
C(231000.000000,-5217.500000,-518940.000000)
p(4,70,72,73,71)
t(73,71,70)
t(70,72,73)
</p>

<p>
c(135,119,115)
n(-0.545086,-0.000021,-0.838380)
C(262125.000000,-5375.000000,541477.500000)
p(4,74,75,76,77)
t(75,74,77)
t(77,76,75)
</p>

<p>
c(157,131,115)
n(0.542757,-0.001402,0.839888)
C(270262.500000,-6852.500000,536197.500000)
p(4,75,78,79,76)
t(79,76,75)
t(75,78,79)
</p>

<p>
c(128,116,115)
n(0.545069,-0.000359,0.838391)
C(277215.000000,-7977.500000,531690.000000)
p(4,78,80,81,79)
t(81,79,78)
t(78,80,81)
</p>

<p>
c(130,117,115)
n(-0.544413,0.000151,-0.838817)
C(284497.500000,-8352.500000,526957.500000)
p(4,80,82,83,81)
t(82,80,81)
t(81,83,82)
</p>

<p>
c(133,118,115)
n(0.545416,-0.000134,0.838166)
C(290212.500000,-8532.500000,523245.000000)
p(4,82,84,85,83)
t(85,83,82)
t(82,84,85)
</p>

<p>
c(139,121,115)
n(-0.545572,0.000023,-0.838064)
C(296475.000000,-8217.500000,519172.500000)
p(4,84,86,87,85)
t(86,84,85)
t(85,87,86)
</p>

<p>
c(150,127,115)
n(0.544014,0.000482,0.839076)
C(302677.500000,-7932.500000,515145.000000)
p(4,86,88,89,87)
t(89,87,86)
t(86,88,89)
</p>

<p>
c(168,136,115)
n(0.544219,0.000240,0.838943)
C(307837.500000,-7107.500000,511800.000000)
p(4,88,90,91,89)
t(91,89,88)
t(88,90,91)
</p>

<p>
c(135,120,115)
n(0.544275,0.000025,0.838907)
C(315060.000000,-6140.000000,507112.500000)
p(4,90,92,93,91)
t(93,91,90)
t(90,92,93)
</p>

<p>
c(157,130,115)
n(0.543780,0.000330,0.839228)
C(322320.000000,-6035.000000,502402.500000)
p(4,92,94,95,93)
t(95,93,92)
t(92,94,95)
</p>

<p>
c(150,127,115)
n(0.550019,-0.000892,0.835152)
C(326805.000000,-6117.500000,499477.500000)
p(4,94,96,97,95)
t(97,95,94)
t(94,96,97)
</p>

<p>
c(160,132,115)
n(-0.544033,-0.000670,-0.839063)
C(332310.000000,-6357.500000,495892.500000)
p(4,96,98,99,97)
t(98,96,97)
t(97,99,98)
</p>

<p>
c(133,118,115)
n(-0.544326,-0.000121,-0.838874)
C(341100.000000,-6500.000000,490192.500000)
p(4,98,100,101,99)
t(100,98,99)
t(99,101,100)
</p>

<p>
c(138,121,115)
n(-0.544845,0.000820,-0.838536)
C(349822.500000,-7017.500000,484530.000000)
p(4,100,102,103,101)
t(102,100,101)
t(101,103,102)
</p>

<p>
c(143,123,115)
n(-0.543954,0.000450,-0.839115)
C(357555.000000,-7932.500000,479512.500000)
p(4,102,104,105,103)
t(104,102,103)
t(103,105,104)
</p>

<p>
c(154,129,115)
n(0.544621,0.000353,0.838682)
C(362872.500000,-7070.000000,476062.500000)
p(4,104,106,107,105)
t(105,104,106)
</p>

<p>
c(157,130,115)
n(0.544796,0.000015,0.838568)
C(367402.500000,-5000.000000,473115.000000)
p(4,106,108,109,107)
t(109,107,106)
t(106,108,109)
</p>

<p>
c(141,122,115)
n(0.544530,-0.000144,0.838741)
C(374857.500000,-4160.000000,468270.000000)
p(4,108,110,111,109)
t(111,109,108)
t(108,110,111)
</p>

<p>
c(164,138,115)
n(0.828649,0.000667,-0.559768)
C(469920.000000,-2442.500000,-294277.500000)
p(4,112,113,114,115)
t(114,115,112)
t(112,113,114)
</p>

<p>
c(137,122,115)
n(-0.828904,-0.000238,0.559391)
C(462690.000000,-3965.000000,-304987.500000)
p(4,113,116,117,114)
t(116,113,114)
t(114,117,116)
</p>

<p>
c(154,132,115)
n(0.828963,-0.000455,-0.559304)
C(455257.500000,-5412.500000,-316005.000000)
p(4,116,118,119,117)
t(119,117,116)
t(116,118,119)
</p>

<p>
c(170,141,115)
n(-0.828711,0.000265,0.559677)
C(448477.500000,-5802.500000,-326047.500000)
p(4,118,120,121,119)
t(120,118,119)
t(119,121,120)
</p>

<p>
c(161,136,115)
n(0.830361,-0.002746,-0.557219)
C(442132.500000,-6350.000000,-335460.000000)
p(4,120,122,123,121)
t(123,121,120)
t(120,122,123)
</p>

<p>
c(137,123,115)
n(0.828980,-0.000296,-0.559278)
C(435337.500000,-5697.500000,-345547.500000)
p(4,122,124,125,123)
t(123,122,124)
t(124,125,123)
</p>

<p>
c(132,120,115)
n(0.828448,-0.001996,-0.560062)
C(430447.500000,-3402.500000,-352800.000000)
p(4,124,126,127,125)
t(125,124,126)
</p>

<p>
c(166,138,115)
n(-0.828812,0.002188,0.559523)
C(422040.000000,-1107.500000,-365265.000000)
p(4,126,128,129,127)
t(128,126,127)
t(127,129,128)
</p>

<p>
c(149,126,115)
n(0.777119,0.000853,0.629353)
C(425325.000000,-2630.000000,373590.000000)
p(4,130,131,132,133)
t(132,133,130)
t(130,131,132)
</p>

<p>
c(148,125,115)
n(0.781139,-0.000070,0.624358)
C(429502.500000,-6207.500000,368437.500000)
p(4,131,134,135,132)
t(132,131,134)
</p>

<p>
c(136,119,115)
n(-0.777793,0.000952,-0.628520)
C(432142.500000,-6875.000000,365175.000000)
p(4,134,136,137,135)
t(136,134,135)
t(135,137,136)
</p>

<p>
c(148,125,115)
n(0.775940,-0.001519,0.630805)
C(435555.000000,-6095.000000,360960.000000)
p(4,136,138,139,137)
t(139,137,136)
t(136,138,139)
</p>

<p>
c(165,134,115)
n(-0.777668,0.000401,-0.628675)
C(438022.500000,-5772.500000,357907.500000)
p(4,138,140,141,139)
t(140,138,139)
t(139,141,140)
</p>

<p>
c(156,130,115)
n(0.776012,0.000149,0.630718)
C(441202.500000,-4940.000000,353977.500000)
p(4,140,142,143,141)
t(143,141,140)
t(140,142,143)
</p>

<p>
c(160,132,115)
n(-0.777800,-0.001754,-0.628509)
C(445027.500000,-2750.000000,349252.500000)
p(4,142,144,145,143)
t(144,142,143)
t(143,145,144)
</p>

<p>
c(134,121,115)
n(-0.848031,0.000432,-0.529946)
C(-450315.000000,-12117.500000,-378120.000000)
p(4,146,147,148,149)
t(148,149,146)
t(146,147,148)
</p>

<p>
c(142,125,115)
n(-0.847907,0.000212,-0.530146)
C(-463027.500000,-14240.000000,-357780.000000)
p(4,147,150,151,148)
t(151,148,147)
t(147,150,151)
</p>

<p>
c(136,122,115)
n(-0.848449,-0.000146,-0.529277)
C(-471652.500000,-14600.000000,-343965.000000)
p(4,150,152,153,151)
t(153,151,150)
t(150,152,153)
</p>

<p>
c(150,129,115)
n(-0.847952,0.000068,-0.530073)
C(-482152.500000,-14832.500000,-327150.000000)
p(4,152,154,155,153)
t(155,153,152)
t(152,154,155)
</p>

<p>
c(149,129,115)
n(-0.847855,0.000130,-0.530228)
C(-494137.500000,-14202.500000,-307980.000000)
p(4,154,156,157,155)
t(157,155,154)
t(154,156,157)
</p>

<p>
c(138,123,115)
n(-0.848356,0.000474,-0.529426)
C(-504187.500000,-14765.000000,-291892.500000)
p(4,156,158,159,157)
t(159,157,156)
t(156,158,159)
</p>

<p>
c(170,141,115)
n(-0.848230,0.000426,-0.529627)
C(-511650.000000,-16062.500000,-279945.000000)
p(4,158,160,161,159)
t(161,159,158)
</p>

<p>
c(148,129,115)
n(-0.848179,0.000317,-0.529709)
C(-520837.500000,-18132.500000,-265252.500000)
p(4,160,162,163,161)
t(163,161,160)
t(160,162,163)
</p>

<p>
c(147,128,115)
n(-0.848065,-0.000107,-0.529892)
C(-533872.500000,-19565.000000,-244395.000000)
p(4,162,164,165,163)
t(165,163,162)
t(162,164,165)
</p>

<p>
c(167,139,115)
n(-0.848175,-0.000132,-0.529716)
C(-546165.000000,-17172.500000,-224715.000000)
p(4,164,166,167,165)
t(167,165,164)
t(164,166,167)
</p>

<p>
c(145,127,115)
n(0.848255,0.000185,0.529588)
C(-556687.500000,-14637.500000,-207862.500000)
p(4,166,168,169,167)
t(168,166,167)
t(167,169,168)
</p>

<p>
c(145,127,115)
n(0.847961,0.000094,0.530059)
C(-570697.500000,-13917.500000,-185445.000000)
p(4,168,170,171,169)
t(170,168,169)
t(169,171,170)
</p>

<p>
c(137,123,115)
n(-0.848144,-0.000482,-0.529766)
C(-579082.500000,-12702.500000,-172035.000000)
p(4,170,172,173,171)
t(172,170,171)
</p>

<p>
c(152,131,115)
n(-0.848161,-0.000118,-0.529739)
C(-588337.500000,-9777.500000,-157215.000000)
p(4,172,174,175,173)
t(175,173,172)
t(172,174,175)
</p>

<p>
c(170,140,115)
n(-0.848021,0.000311,-0.529962)
C(-606465.000000,-6425.000000,-128197.500000)
p(4,174,176,177,175)
t(177,175,174)
t(174,176,177)
</p>

<p>
c(167,136,115)
n(0.970219,0.001656,-0.242222)
C(523710.000000,-3440.000000,-113565.000000)
p(4,178,179,180,181)
t(180,181,178)
t(178,179,180)
</p>

<p>
c(169,138,115)
n(0.970383,0.000586,-0.241571)
C(522225.000000,-8000.000000,-119520.000000)
p(4,179,182,183,180)
t(183,180,179)
t(179,182,183)
</p>

<p>
c(147,126,115)
n(-0.970619,-0.000102,0.240623)
C(520852.500000,-10437.500000,-125032.500000)
p(4,182,184,185,183)
t(184,182,183)
t(183,185,184)
</p>

<p>
c(143,124,115)
n(-0.970150,0.000643,0.242505)
C(519165.000000,-11082.500000,-131820.000000)
p(4,184,186,187,185)
t(186,184,185)
</p>

<p>
c(149,127,115)
n(0.970183,-0.000316,-0.242372)
C(518167.500000,-11540.000000,-135825.000000)
p(4,186,188,189,187)
t(189,187,186)
t(186,188,189)
</p>

<p>
c(151,128,115)
n(0.970159,0.000298,-0.242468)
C(516682.500000,-11277.500000,-141780.000000)
p(4,188,190,191,189)
t(191,189,188)
t(188,190,191)
</p>

<p>
c(131,118,115)
n(-0.970587,-0.000122,0.240751)
C(515272.500000,-10407.500000,-147420.000000)
p(4,190,192,193,191)
t(192,190,191)
t(191,193,192)
</p>

<p>
c(138,122,115)
n(-0.971085,0.000217,0.238734)
C(514612.500000,-10662.500000,-150082.500000)
p(4,192,194,195,193)
t(194,192,193)
</p>

<p>
c(159,132,115)
n(-0.970182,0.000013,0.242378)
C(513292.500000,-11195.000000,-155385.000000)
p(4,194,196,197,195)
t(196,194,195)
t(195,197,196)
</p>

<p>
c(159,132,115)
n(-0.971141,0.000340,0.238505)
C(512220.000000,-9980.000000,-159682.500000)
p(4,196,198,199,197)
t(198,196,197)
</p>

<p>
c(153,129,115)
n(-0.970347,0.000316,0.241717)
C(511140.000000,-6605.000000,-164017.500000)
p(4,198,200,201,199)
t(200,198,199)
t(199,201,200)
</p>

<p>
c(142,124,115)
n(-0.695033,0.000137,-0.718978)
C(-409020.000000,-6297.500000,-377077.500000)
p(4,202,203,204,205)
t(204,205,202)
t(202,203,204)
</p>

<p>
c(167,137,115)
n(-0.695200,0.000178,-0.718816)
C(-415597.500000,-9327.500000,-370717.500000)
p(4,203,206,207,204)
t(207,204,203)
t(203,206,207)
</p>

<p>
c(132,118,115)
n(-0.690023,0.000011,-0.723788)
C(-419730.000000,-11240.000000,-366735.000000)
p(4,206,208,209,207)
t(209,207,206)
t(206,208,209)
</p>

<p>
c(162,134,115)
n(0.697100,-0.000062,0.716974)
C(-422527.500000,-10760.000000,-364035.000000)
p(4,208,210,211,209)
t(210,208,209)
t(209,211,210)
</p>

<p>
c(145,125,115)
n(0.693386,-0.000235,0.720566)
C(-426172.500000,-9612.500000,-360510.000000)
p(4,210,212,213,211)
t(212,210,211)
t(211,213,212)
</p>

<p>
c(141,123,115)
n(0.693387,0.000199,0.720565)
C(-429945.000000,-8990.000000,-356880.000000)
p(4,212,214,215,213)
t(214,212,213)
t(213,215,214)
</p>

<p>
c(143,124,115)
n(-0.695173,0.000661,-0.718842)
C(-435165.000000,-9545.000000,-351840.000000)
p(4,214,216,217,215)
t(217,215,214)
t(214,216,217)
</p>

<p>
c(132,118,115)
n(0.693125,-0.000918,0.720816)
C(-439687.500000,-9822.500000,-347467.500000)
p(4,216,218,219,217)
t(216,217,219)
</p>

<p>
c(139,122,115)
n(0.694540,-0.000255,0.719454)
C(-443610.000000,-8210.000000,-343680.000000)
p(4,218,220,221,219)
t(220,218,219)
t(219,221,220)
</p>

<p>
c(148,127,115)
n(0.690116,-0.002361,0.723695)
C(-447472.500000,-4175.000000,-339952.500000)
p(4,220,222,223,221)
t(222,220,221)
t(221,223,222)
</p>

<p>
c(130,118,115)
n(-0.122890,-0.000366,0.992420)
C(-76545.000000,-10025.000000,561510.000000)
p(4,224,225,226,227)
t(226,227,224)
t(224,225,226)
</p>

<p>
c(134,120,115)
n(-0.120488,-0.000180,0.992715)
C(-71370.000000,-13190.000000,562140.000000)
p(4,225,228,229,226)
t(226,225,228)
</p>

<p>
c(147,127,115)
n(-0.125923,-0.000231,0.992040)
C(-68565.000000,-15410.000000,562485.000000)
p(4,228,230,231,229)
t(231,229,228)
t(228,230,231)
</p>

<p>
c(150,129,115)
n(-0.122878,0.000270,0.992422)
C(-65100.000000,-15500.000000,562920.000000)
p(4,230,232,233,231)
t(233,231,230)
</p>

<p>
c(128,117,115)
n(-0.121138,0.000452,0.992636)
C(-61905.000000,-12725.000000,563310.000000)
p(4,232,234,235,233)
t(235,233,232)
t(232,234,235)
</p>

<p>
c(147,127,115)
n(-0.124261,0.001255,0.992249)
C(-55942.500000,-7295.000000,564045.000000)
p(4,234,236,237,235)
t(237,235,234)
t(234,236,237)
</p>

<p>
c(139,123,115)
n(-0.469715,-0.000624,0.882818)
C(224415.000000,-9830.000000,-458670.000000)
p(4,238,239,240,241)
t(239,238,241)
t(241,240,239)
</p>

<p>
c(149,128,115)
n(-0.467673,-0.000209,0.883902)
C(217822.500000,-12065.000000,-462172.500000)
p(4,239,242,243,240)
t(242,239,240)
t(240,243,242)
</p>

<p>
c(136,121,115)
n(-0.469319,-0.000397,0.883029)
C(212677.500000,-15567.500000,-464902.500000)
p(4,242,244,245,243)
t(244,242,243)
t(243,245,244)
</p>

<p>
c(164,137,115)
n(-0.469455,0.000147,0.882957)
C(208230.000000,-17922.500000,-467265.000000)
p(4,244,246,247,245)
t(246,244,245)
t(245,247,246)
</p>

<p>
c(154,131,115)
n(-0.470186,0.000392,0.882567)
C(203137.500000,-18920.000000,-469972.500000)
p(4,246,248,249,247)
t(248,246,247)
t(247,249,248)
</p>

<p>
c(132,119,115)
n(0.469682,-0.000003,-0.882835)
C(196642.500000,-18297.500000,-473430.000000)
p(4,248,250,251,249)
t(251,249,248)
t(248,250,251)
</p>

<p>
c(140,123,115)
n(-0.468756,-0.000072,0.883327)
C(191872.500000,-14180.000000,-475965.000000)
p(4,250,252,253,251)
t(252,250,251)
t(251,253,252)
</p>

<p>
c(138,122,115)
n(-0.469709,0.000093,0.882821)
C(188017.500000,-9042.500000,-478012.500000)
p(4,252,254,255,253)
t(254,252,253)
t(253,255,254)
</p>

<p>
c(130,119,115)
n(0.848037,0.000449,-0.529938)
C(497565.000000,-9260.000000,-152925.000000)
p(4,256,257,258,259)
t(258,259,256)
t(256,257,258)
</p>

<p>
c(146,127,115)
n(0.848538,-0.000070,-0.529134)
C(480322.500000,-11592.500000,-180540.000000)
p(4,257,260,261,258)
t(261,258,257)
t(257,260,261)
</p>

<p>
c(157,133,115)
n(-0.847843,-0.000111,0.530248)
C(469110.000000,-12950.000000,-198502.500000)
p(4,260,262,263,261)
t(262,260,261)
t(261,263,262)
</p>

<p>
c(158,134,115)
n(-0.847651,0.000133,0.530554)
C(460275.000000,-13812.500000,-212625.000000)
p(4,262,264,265,263)
t(264,262,263)
t(263,265,264)
</p>

<p>
c(163,137,115)
n(-0.848274,0.000172,0.529558)
C(451800.000000,-15882.500000,-226192.500000)
p(4,264,266,267,265)
t(266,264,265)
t(265,267,266)
</p>

<p>
c(159,134,115)
n(0.847445,-0.000331,-0.530884)
C(443970.000000,-15860.000000,-238725.000000)
p(4,266,268,269,267)
t(269,267,266)
t(266,268,269)
</p>

<p>
c(162,136,115)
n(0.848201,-0.000138,-0.529675)
C(437295.000000,-14045.000000,-249397.500000)
p(4,268,270,271,269)
t(271,269,268)
t(268,270,271)
</p>

<p>
c(167,139,115)
n(-0.847976,0.000411,0.530034)
C(425692.500000,-12852.500000,-267967.500000)
p(4,270,272,273,271)
t(272,270,271)
t(271,273,272)
</p>

<p>
c(129,118,115)
n(-0.848046,0.000676,0.529923)
C(414277.500000,-12875.000000,-286237.500000)
p(4,272,274,275,273)
t(274,272,273)
t(273,275,274)
</p>

<p>
c(168,140,115)
n(0.847907,-0.000213,-0.530145)
C(403365.000000,-12830.000000,-303697.500000)
p(4,274,276,277,275)
t(277,275,274)
t(274,276,277)
</p>

<p>
c(160,135,115)
n(0.848083,-0.000003,-0.529864)
C(394425.000000,-12477.500000,-317992.500000)
p(4,276,278,279,277)
t(279,277,276)
</p>

<p>
c(134,121,115)
n(0.848149,-0.000427,-0.529758)
C(386340.000000,-12912.500000,-330930.000000)
p(4,278,280,281,279)
t(281,279,278)
t(278,280,281)
</p>

<p>
c(136,122,115)
n(0.848067,-0.000800,-0.529889)
C(373545.000000,-11862.500000,-351412.500000)
p(4,280,282,283,281)
t(283,281,280)
t(280,282,283)
</p>

<p>
c(160,135,115)
n(-0.847324,0.000565,0.531076)
C(367065.000000,-10422.500000,-361777.500000)
p(4,282,284,285,283)
t(284,282,283)
</p>

<p>
c(146,127,115)
n(-0.848502,0.000756,0.529191)
C(361635.000000,-10362.500000,-370477.500000)
p(4,284,286,287,285)
t(286,284,285)
t(285,287,286)
</p>

<p>
c(158,134,115)
n(-0.847977,0.000162,0.530032)
C(348240.000000,-8607.500000,-391927.500000)
p(4,286,288,289,287)
t(288,286,287)
t(287,289,288)
</p>

<p>
c(145,127,115)
n(0.847710,0.000682,-0.530460)
C(336817.500000,-5945.000000,-410197.500000)
p(4,288,290,291,289)
t(291,289,288)
t(288,290,291)
</p>

<p>
c(142,127,115)
n(0.191006,-0.002193,0.981587)
C(-76312.500000,-3050.000000,542872.500000)
p(4,292,293,294,295)
t(294,295,292)
t(292,293,294)
</p>

<p>
c(141,126,115)
n(-0.190772,-0.000135,-0.981634)
C(-41310.000000,-3792.500000,536062.500000)
p(4,293,296,297,294)
t(296,293,294)
t(294,297,296)
</p>

<p>
c(149,130,115)
n(0.190791,0.001006,0.981630)
C(-18727.500000,-4580.000000,531675.000000)
p(4,296,298,299,297)
t(299,297,296)
t(296,298,299)
</p>

<p>
c(139,125,115)
n(0.190265,0.000015,0.981733)
C(-10230.000000,-5885.000000,530025.000000)
p(4,298,300,301,299)
t(299,298,300)
</p>

<p>
c(141,126,115)
n(-0.191275,-0.000766,-0.981536)
C(3135.000000,-7932.500000,527422.500000)
p(4,300,302,303,301)
t(302,300,301)
t(301,303,302)
</p>

<p>
c(142,126,115)
n(-0.191052,-0.000221,-0.981580)
C(24870.000000,-8517.500000,523192.500000)
p(4,302,304,305,303)
t(304,302,303)
t(303,305,304)
</p>

<p>
c(169,142,115)
n(0.190576,-0.001202,0.981672)
C(42502.500000,-7850.000000,519765.000000)
p(4,304,306,307,305)
t(307,305,304)
t(304,306,307)
</p>

<p>
c(134,122,115)
n(0.190809,-0.000905,0.981627)
C(64005.000000,-7347.500000,515587.500000)
p(4,306,308,309,307)
t(309,307,306)
t(306,308,309)
</p>

<p>
c(164,139,115)
n(0.190143,0.001478,0.981755)
C(83302.500000,-6672.500000,511837.500000)
p(4,308,310,311,309)
t(311,309,308)
t(308,310,311)
</p>

<p>
c(146,129,115)
n(0.190816,0.001423,0.981625)
C(101812.500000,-5847.500000,508237.500000)
p(4,310,312,313,311)
t(313,311,310)
t(310,312,313)
</p>

<p>
c(168,142,115)
n(0.190842,-0.000379,0.981621)
C(122280.000000,-5922.500000,504255.000000)
p(4,312,314,315,313)
t(315,313,312)
t(312,314,315)
</p>

<p>
c(134,122,115)
n(0.190293,0.000423,0.981727)
C(143715.000000,-7805.000000,500092.500000)
p(4,314,316,317,315)
t(317,315,314)
t(314,316,317)
</p>

<p>
c(152,132,115)
n(0.192300,0.000285,0.981336)
C(162817.500000,-9072.500000,496380.000000)
p(4,316,318,319,317)
t(319,317,316)
t(316,318,319)
</p>

<p>
c(166,141,115)
n(0.190729,-0.000013,0.981643)
C(176677.500000,-8277.500000,493680.000000)
p(4,318,320,321,319)
t(321,319,318)
t(318,320,321)
</p>

<p>
c(170,143,115)
n(0.191125,-0.000740,0.981565)
C(197692.500000,-7745.000000,489592.500000)
p(4,320,322,323,321)
t(323,321,320)
t(320,322,323)
</p>

<p>
c(147,129,115)
n(0.190734,0.000037,0.981642)
C(221100.000000,-7917.500000,485040.000000)
p(4,322,324,325,323)
t(325,323,322)
t(322,324,325)
</p>

<p>
c(150,131,115)
n(0.189869,0.000977,0.981809)
C(241200.000000,-6245.000000,481140.000000)
p(4,324,326,327,325)
t(325,324,326)
t(326,327,325)
</p>

<p>
c(141,126,115)
n(0.191423,-0.002129,0.981505)
C(258412.500000,-4032.500000,477795.000000)
p(4,326,328,329,327)
t(329,327,326)
t(326,328,329)
</p>

<p>
c(168,140,115)
n(-0.390298,0.000048,0.920689)
C(-209257.500000,-8457.500000,471307.500000)
p(4,330,331,332,333)
t(332,333,330)
t(330,331,332)
</p>

<p>
c(144,127,115)
n(-0.390704,-0.000018,0.920516)
C(-200475.000000,-15515.000000,475035.000000)
p(4,331,334,335,332)
t(335,332,331)
t(331,334,335)
</p>

<p>
c(153,132,115)
n(-0.391971,-0.000163,0.919978)
C(-193552.500000,-18507.500000,477982.500000)
p(4,334,336,337,335)
t(337,335,334)
t(334,336,337)
</p>

<p>
c(138,124,115)
n(-0.390378,0.000174,0.920655)
C(-187770.000000,-17435.000000,480442.500000)
p(4,336,338,339,337)
t(339,337,336)
t(336,338,339)
</p>

<p>
c(158,135,115)
n(-0.390429,0.000079,0.920633)
C(-184762.500000,-12665.000000,481710.000000)
p(4,338,340,341,339)
t(339,338,340)
t(340,341,339)
</p>

<p>
c(140,125,115)
n(-0.391759,-0.000407,0.920068)
C(-178515.000000,-6890.000000,484365.000000)
p(4,340,342,343,341)
t(343,341,340)
t(340,342,343)
</p>

<p>
c(140,122,115)
n(0.809165,-0.000835,0.587581)
C(-410647.500000,-1865.000000,-266100.000000)
p(4,344,345,346,347)
t(344,347,346)
t(346,345,344)
</p>

<p>
c(163,135,115)
n(0.809023,-0.000594,0.587776)
C(-417742.500000,-3800.000000,-256335.000000)
p(4,345,348,349,346)
t(348,345,346)
t(346,349,348)
</p>

<p>
c(141,123,115)
n(-0.809094,0.000306,-0.587679)
C(-422430.000000,-5517.500000,-249885.000000)
p(4,348,350,351,349)
t(351,349,348)
t(348,350,351)
</p>

<p>
c(156,131,115)
n(-0.809583,0.001053,-0.587005)
C(-424447.500000,-7340.000000,-247110.000000)
p(4,350,352,353,351)
t(353,351,350)
t(350,352,353)
</p>

<p>
c(154,130,115)
n(-0.809380,0.001317,-0.587284)
C(-428362.500000,-8262.500000,-241717.500000)
p(4,352,354,355,353)
t(355,353,352)
t(352,354,355)
</p>

<p>
c(157,132,115)
n(0.807725,-0.001574,0.589558)
C(-432675.000000,-8112.500000,-235785.000000)
p(4,354,356,357,355)
t(356,354,355)
t(355,357,356)
</p>

<p>
c(158,132,115)
n(0.809896,-0.000094,0.586573)
C(-434805.000000,-7872.500000,-232852.500000)
p(4,356,358,359,357)
t(358,356,357)
</p>

<p>
c(133,119,115)
n(-0.808597,0.000720,-0.588362)
C(-439005.000000,-7430.000000,-227070.000000)
p(4,358,360,361,359)
t(361,359,358)
t(358,360,361)
</p>

<p>
c(132,118,115)
n(-0.812032,0.000777,-0.583613)
C(-442672.500000,-5172.500000,-222022.500000)
p(4,360,362,363,361)
t(361,360,362)
</p>

<p>
c(133,119,115)
n(-0.809099,-0.000861,-0.587672)
C(-445530.000000,-2637.500000,-218085.000000)
p(4,362,364,365,363)
t(365,363,362)
t(362,364,365)
</p>

<p>
c(151,129,115)
n(-0.016461,-0.000097,0.999865)
C(-43545.000000,-10130.000000,497100.000000)
p(4,366,367,368,369)
t(368,369,366)
</p>

<p>
c(168,138,115)
n(-0.016107,0.000369,0.999870)
C(-37162.500000,-12620.000000,497205.000000)
p(4,367,370,371,368)
t(371,368,367)
t(367,370,371)
</p>

<p>
c(134,120,115)
n(-0.019278,0.000036,0.999814)
C(-28597.500000,-15687.500000,497355.000000)
p(4,370,372,373,371)
t(373,371,370)
t(370,372,373)
</p>

<p>
c(146,126,115)
n(-0.016444,-0.000028,0.999865)
C(-19327.500000,-16040.000000,497520.000000)
p(4,372,374,375,373)
t(375,373,372)
t(372,374,375)
</p>

<p>
c(164,136,115)
n(-0.020664,-0.000153,0.999786)
C(-13305.000000,-16715.000000,497625.000000)
p(4,374,376,377,375)
t(377,375,374)
t(374,376,377)
</p>

<p>
c(164,136,115)
n(-0.016305,0.000004,0.999867)
C(-9615.000000,-18350.000000,497685.000000)
p(4,376,378,379,377)
t(379,377,376)
</p>

<p>
c(146,127,115)
n(-0.019087,-0.000030,0.999818)
C(-690.000000,-18560.000000,497842.500000)
p(4,378,380,381,379)
t(381,379,378)
t(378,380,381)
</p>

<p>
c(168,138,115)
n(-0.016941,-0.000069,0.999856)
C(8370.000000,-17000.000000,498007.500000)
p(4,380,382,383,381)
t(383,381,380)
t(380,382,383)
</p>

<p>
c(132,119,115)
n(-0.018360,-0.000075,0.999831)
C(13207.500000,-14277.500000,498090.000000)
p(4,382,384,385,383)
t(385,383,382)
t(382,384,385)
</p>

<p>
c(152,129,115)
n(-0.017288,0.000045,0.999851)
C(21697.500000,-11630.000000,498240.000000)
p(4,384,386,387,385)
t(387,385,384)
t(384,386,387)
</p>

<p>
c(158,133,115)
n(-0.018018,0.000436,0.999838)
C(31620.000000,-7482.500000,498412.500000)
p(4,386,388,389,387)
t(389,387,386)
t(386,388,389)
</p>

<p>
c(133,118,115)
n(-0.137503,-0.000295,0.990501)
C(60337.500000,-7730.000000,-401527.500000)
p(4,390,391,392,393)
t(391,390,393)
t(393,392,391)
</p>

<p>
c(157,131,115)
n(-0.145508,0.000455,0.989357)
C(52500.000000,-13370.000000,-402630.000000)
p(4,391,394,395,392)
t(394,391,392)
t(392,395,394)
</p>

<p>
c(148,126,115)
n(-0.138693,0.000060,0.990335)
C(47137.500000,-15432.500000,-403387.500000)
p(4,394,396,397,395)
t(396,394,395)
t(395,397,396)
</p>

<p>
c(132,118,115)
n(-0.140172,-0.000144,0.990127)
C(39390.000000,-14412.500000,-404475.000000)
p(4,396,398,399,397)
t(398,396,397)
t(397,399,398)
</p>

<p>
c(146,125,115)
n(-0.138157,0.000047,0.990410)
C(28282.500000,-13010.000000,-406035.000000)
p(4,398,400,401,399)
t(400,398,399)
t(399,401,400)
</p>

<p>
c(136,120,115)
n(-0.133186,0.000592,0.991091)
C(22530.000000,-12057.500000,-406845.000000)
p(4,400,402,403,401)
t(403,401,400)
t(400,402,403)
</p>

<p>
c(150,127,115)
n(-0.138405,-0.000180,0.990376)
C(17917.500000,-11030.000000,-407497.500000)
p(4,402,404,405,403)
t(404,402,403)
t(403,405,404)
</p>

<p>
c(139,121,115)
n(-0.138440,-0.000297,0.990371)
C(7477.500000,-10677.500000,-408960.000000)
p(4,404,406,407,405)
t(406,404,405)
t(405,407,406)
</p>

<p>
c(169,137,115)
n(-0.140393,0.000306,0.990096)
C(-615.000000,-12755.000000,-410100.000000)
p(4,406,408,409,407)
t(408,406,407)
t(407,409,408)
</p>

<p>
c(157,131,115)
n(-0.135687,-0.000671,0.990752)
C(-5685.000000,-14915.000000,-410812.500000)
p(4,408,410,411,409)
t(410,408,409)
t(409,411,410)
</p>

<p>
c(135,120,115)
n(-0.138873,-0.000237,0.990310)
C(-13050.000000,-14765.000000,-411840.000000)
p(4,410,412,413,411)
t(412,410,411)
t(411,413,412)
</p>

<p>
c(141,123,115)
n(-0.141686,-0.000521,0.989912)
C(-20685.000000,-15620.000000,-412912.500000)
p(4,412,414,415,413)
t(414,412,413)
t(413,415,414)
</p>

<p>
c(150,127,115)
n(-0.138713,-0.000297,0.990333)
C(-28522.500000,-15747.500000,-414015.000000)
p(4,414,416,417,415)
t(416,414,415)
t(415,417,416)
</p>

<p>
c(142,123,115)
n(-0.139414,0.000149,0.990234)
C(-37027.500000,-11585.000000,-415215.000000)
p(4,416,418,419,417)
t(416,417,419)
</p>

<p>
c(139,121,115)
n(-0.138319,0.000443,0.990388)
C(-43455.000000,-8030.000000,-416122.500000)
p(4,418,420,421,419)
t(420,418,419)
t(419,421,420)
</p>

<p>
c(147,127,115)
n(0.990162,0.002751,0.139898)
C(-433965.000000,-2375.000000,-48630.000000)
p(4,422,423,424,425)
t(422,425,424)
t(424,423,422)
</p>

<p>
c(135,121,115)
n(-0.990042,-0.000711,-0.140768)
C(-434947.500000,-5030.000000,-41670.000000)
p(4,423,426,427,424)
t(427,424,423)
t(423,426,427)
</p>

<p>
c(163,136,115)
n(-0.990456,-0.000085,-0.137826)
C(-436035.000000,-6800.000000,-33922.500000)
p(4,426,428,429,427)
t(429,427,426)
t(426,428,429)
</p>

<p>
c(148,128,115)
n(0.990234,0.000455,0.139413)
C(-436935.000000,-7242.500000,-27480.000000)
p(4,428,430,431,429)
t(430,428,429)
t(429,431,430)
</p>

<p>
c(154,131,115)
n(0.990360,-0.000617,0.138518)
C(-437587.500000,-7422.500000,-22837.500000)
p(4,430,432,433,431)
t(432,430,431)
t(431,433,432)
</p>

<p>
c(169,139,115)
n(0.990215,-0.000530,0.139548)
C(-438630.000000,-8720.000000,-15427.500000)
p(4,432,434,435,433)
t(434,432,433)
t(433,435,434)
</p>

<p>
c(140,123,115)
n(-0.990176,-0.000333,-0.139825)
C(-439837.500000,-8697.500000,-6862.500000)
p(4,434,436,437,435)
t(437,435,434)
t(434,436,437)
</p>

<p>
c(141,124,115)
n(0.990120,0.000129,0.140221)
C(-440872.500000,-8112.500000,495.000000)
p(4,436,438,439,437)
t(438,436,437)
t(437,439,438)
</p>

<p>
c(159,134,115)
n(-0.990333,0.000922,-0.138706)
C(-441810.000000,-8787.500000,7207.500000)
p(4,438,440,441,439)
t(441,439,438)
t(438,440,441)
</p>

<p>
c(146,127,115)
n(-0.989884,0.002142,-0.141861)
C(-442807.500000,-8060.000000,14295.000000)
p(4,440,442,443,441)
t(443,441,440)
t(440,442,443)
</p>

<p>
c(155,132,115)
n(-0.990096,0.001463,-0.140386)
C(-443812.500000,-5795.000000,21375.000000)
p(4,442,444,445,443)
t(445,443,442)
t(442,444,445)
</p>

<p>
c(136,121,115)
n(-0.990421,0.000351,-0.138078)
C(-445207.500000,-3432.500000,31335.000000)
p(4,444,446,447,445)
t(447,445,444)
t(444,446,447)
</p>

<p>
c(170,136,115)
n(0.999877,-0.001073,0.015676)
C(-412050.000000,-6215.000000,-22425.000000)
p(4,448,449,450,451)
t(448,451,450)
t(450,449,448)
</p>

<p>
c(132,117,115)
n(-0.999831,-0.000300,-0.018355)
C(-412155.000000,-11000.000000,-16260.000000)
p(4,449,452,453,450)
t(453,450,449)
</p>

<p>
c(131,117,115)
n(-0.999846,-0.000057,-0.017533)
C(-412267.500000,-12125.000000,-9847.500000)
p(4,452,454,455,453)
t(455,453,452)
t(452,454,455)
</p>

<p>
c(155,129,115)
n(-0.999850,0.000483,-0.017297)
C(-412432.500000,-12155.000000,-352.500000)
p(4,454,456,457,455)
t(457,455,454)
t(454,456,457)
</p>

<p>
c(168,135,115)
n(-0.999855,0.000722,-0.016987)
C(-412567.500000,-11922.500000,7507.500000)
p(4,456,458,459,457)
t(459,457,456)
t(456,458,459)
</p>

<p>
c(161,132,115)
n(-0.999873,-0.000217,-0.015958)
C(-412650.000000,-11922.500000,12390.000000)
p(4,458,460,461,459)
t(461,459,458)
t(458,460,461)
</p>

<p>
c(144,123,115)
n(0.999832,0.000356,0.018348)
C(-412762.500000,-13017.500000,18847.500000)
p(4,460,462,463,461)
t(462,460,461)
t(461,463,462)
</p>

<p>
c(138,120,115)
n(-0.999830,0.000115,-0.018438)
C(-412927.500000,-14450.000000,27840.000000)
p(4,462,464,465,463)
t(465,463,462)
t(462,464,465)
</p>

<p>
c(142,122,115)
n(-0.999879,-0.000558,-0.015569)
C(-413085.000000,-14532.500000,36862.500000)
p(4,464,466,467,465)
t(467,465,464)
t(464,466,467)
</p>

<p>
c(151,127,115)
n(-0.999845,0.000050,-0.017593)
C(-413205.000000,-15342.500000,44272.500000)
p(4,466,468,469,467)
t(469,467,466)
t(466,468,469)
</p>

<p>
c(154,128,115)
n(0.999844,-0.000097,0.017656)
C(-413347.500000,-16047.500000,52492.500000)
p(4,468,470,471,469)
t(470,468,469)
t(469,471,470)
</p>

<p>
c(162,132,115)
n(0.999836,0.000244,0.018099)
C(-413497.500000,-16085.000000,60870.000000)
p(4,470,472,473,471)
t(472,470,471)
t(471,473,472)
</p>

<p>
c(158,130,115)
n(0.999856,-0.000108,0.016967)
C(-413595.000000,-15867.500000,66150.000000)
p(4,472,474,475,473)
t(472,473,475)
</p>

<p>
c(168,135,115)
n(-0.999872,0.000336,-0.016020)
C(-413715.000000,-16302.500000,73312.500000)
p(4,474,476,477,475)
t(477,475,474)
t(474,476,477)
</p>

<p>
c(160,131,115)
n(0.999824,-0.000310,0.018752)
C(-413865.000000,-17300.000000,81892.500000)
p(4,476,478,479,477)
t(478,476,477)
t(477,479,478)
</p>

<p>
c(153,128,115)
n(-0.999869,-0.000098,-0.016161)
C(-413992.500000,-16205.000000,88980.000000)
p(4,478,480,481,479)
t(481,479,478)
t(478,480,481)
</p>

<p>
c(134,118,115)
n(-0.999846,-0.000282,-0.017524)
C(-414142.500000,-13347.500000,97785.000000)
p(4,480,482,483,481)
t(483,481,480)
t(480,482,483)
</p>

<p>
c(128,115,115)
n(-0.999888,0.000001,-0.014959)
C(-414255.000000,-9552.500000,104445.000000)
p(4,482,484,485,483)
t(485,483,482)
t(482,484,485)
</p>

<p>
c(129,119,115)
n(0.405746,-0.000211,0.913986)
C(131812.500000,-4137.500000,360075.000000)
p(4,486,487,488,489)
t(488,489,486)
t(486,487,488)
</p>

<p>
c(138,124,115)
n(0.406731,-0.000201,0.913548)
C(139027.500000,-9455.000000,356865.000000)
p(4,487,490,491,488)
t(491,488,487)
t(487,490,491)
</p>

<p>
c(142,126,115)
n(0.407627,0.000066,0.913149)
C(146745.000000,-12560.000000,353422.500000)
p(4,490,492,493,491)
t(493,491,490)
t(490,492,493)
</p>

<p>
c(130,120,115)
n(0.406812,-0.000081,0.913512)
C(153840.000000,-11757.500000,350257.500000)
p(4,492,494,495,493)
t(495,493,492)
t(492,494,495)
</p>

<p>
c(163,139,115)
n(-0.405536,0.000060,-0.914079)
C(160710.000000,-9545.000000,347205.000000)
p(4,494,496,497,495)
t(496,494,495)
t(495,497,496)
</p>

<p>
c(156,135,115)
n(0.407937,0.000594,0.913010)
C(167347.500000,-7347.500000,344250.000000)
p(4,496,498,499,497)
t(499,497,496)
t(496,498,499)
</p>

<p>
c(148,129,115)
n(0.906166,0.000048,-0.422922)
C(-347632.500000,-4535.000000,186472.500000)
p(4,500,501,502,503)
t(501,500,503)
t(503,502,501)
</p>

<p>
c(169,141,115)
n(0.907300,0.000218,-0.420484)
C(-345465.000000,-6942.500000,191130.000000)
p(4,501,504,505,502)
t(504,501,502)
t(502,505,504)
</p>

<p>
c(167,140,115)
n(-0.905538,-0.000648,0.424265)
C(-343222.500000,-8727.500000,195930.000000)
p(4,504,506,507,505)
t(507,505,504)
t(504,506,507)
</p>

<p>
c(146,128,115)
n(-0.907789,0.000869,0.419427)
C(-340395.000000,-7805.000000,201997.500000)
p(4,506,508,509,507)
t(509,507,506)
t(506,508,509)
</p>

<p>
c(159,135,115)
n(-0.905782,-0.000063,0.423743)
C(-337020.000000,-4430.000000,209242.500000)
p(4,508,510,511,509)
t(509,508,510)
t(510,511,509)
</p>

<p>
c(155,135,115)
n(-0.978011,0.000084,0.208554)
C(325815.000000,-4055.000000,-26715.000000)
p(4,512,513,514,515)
t(512,515,514)
t(514,513,512)
</p>

<p>
c(157,136,115)
n(0.978140,-0.000025,-0.207948)
C(322785.000000,-5697.500000,-40950.000000)
p(4,513,516,517,514)
t(517,514,513)
t(513,516,517)
</p>

<p>
c(133,122,115)
n(-0.978293,0.000422,0.207225)
C(319215.000000,-6605.000000,-57757.500000)
p(4,516,518,519,517)
t(518,516,517)
t(517,519,518)
</p>

<p>
c(139,126,115)
n(-0.978289,-0.000144,0.207245)
C(316972.500000,-7377.500000,-68302.500000)
p(4,518,520,521,519)
t(520,518,519)
</p>

<p>
c(137,125,115)
n(-0.978462,0.000013,0.206425)
C(315157.500000,-7842.500000,-76830.000000)
p(4,520,522,523,521)
t(520,521,523)
</p>

<p>
c(162,140,115)
n(-0.978126,0.000525,0.208015)
C(313327.500000,-6605.000000,-85440.000000)
p(4,522,524,525,523)
t(524,522,523)
t(523,525,524)
</p>

<p>
c(157,136,115)
n(-0.978221,-0.001008,0.207565)
C(309877.500000,-5420.000000,-101685.000000)
p(4,524,526,527,525)
t(526,524,525)
t(525,527,526)
</p>

<p>
c(163,140,115)
n(-0.977891,0.000033,0.209116)
C(306525.000000,-5052.500000,-117457.500000)
p(4,526,528,529,527)
t(528,526,527)
t(527,529,528)
</p>

<p>
c(152,134,115)
n(-0.978051,0.001114,0.208364)
C(303675.000000,-3965.000000,-130822.500000)
p(4,528,530,531,529)
t(530,528,529)
t(529,531,530)
</p>

<p>
c(130,121,115)
n(-0.999859,-0.000064,0.016803)
C(-380025.000000,-7850.000000,-44092.500000)
p(4,532,533,534,535)
t(534,535,532)
</p>

<p>
c(135,124,115)
n(-0.999856,-0.000662,0.016954)
C(-379777.500000,-9305.000000,-29820.000000)
p(4,533,536,537,534)
t(537,534,533)
t(533,536,537)
</p>

<p>
c(158,138,115)
n(-0.999851,0.000072,0.017246)
C(-379455.000000,-10100.000000,-11130.000000)
p(4,536,538,539,537)
t(539,537,536)
t(536,538,539)
</p>

<p>
c(143,129,115)
n(-0.999882,-0.000657,0.015325)
C(-379237.500000,-11637.500000,1372.500000)
p(4,538,540,541,539)
t(541,539,538)
t(538,540,541)
</p>

<p>
c(147,131,115)
n(-0.999844,0.000113,0.017668)
C(-378960.000000,-14352.500000,17302.500000)
p(4,540,542,543,541)
t(543,541,540)
t(540,542,543)
</p>

<p>
c(166,143,115)
n(-0.999822,0.000233,0.018861)
C(-378652.500000,-16040.000000,34530.000000)
p(4,542,544,545,543)
t(545,543,542)
t(542,544,545)
</p>

<p>
c(139,127,115)
n(-0.999859,-0.000058,0.016778)
C(-378427.500000,-15192.500000,47505.000000)
p(4,544,546,547,545)
t(547,545,544)
t(544,546,547)
</p>

<p>
c(128,120,115)
n(-0.999856,-0.000159,0.016966)
C(-378180.000000,-14495.000000,62212.500000)
p(4,546,548,549,547)
t(549,547,546)
t(546,548,549)
</p>

<p>
c(160,139,115)
n(-0.999848,-0.000064,0.017447)
C(-377985.000000,-14547.500000,73485.000000)
p(4,548,550,551,549)
t(551,549,548)
t(548,550,551)
</p>

<p>
c(165,142,115)
n(-0.999835,0.000505,0.018176)
C(-377730.000000,-15005.000000,87690.000000)
p(4,550,552,553,551)
t(553,551,550)
t(550,552,553)
</p>

<p>
c(135,124,115)
n(-0.999854,0.000136,0.017098)
C(-377422.500000,-16182.500000,105150.000000)
p(4,552,554,555,553)
t(555,553,552)
t(552,554,555)
</p>

<p>
c(151,134,115)
n(-0.999842,0.000056,0.017765)
C(-377122.500000,-16235.000000,122437.500000)
p(4,554,556,557,555)
t(557,555,554)
t(554,556,557)
</p>

<p>
c(167,144,115)
n(-0.999831,-0.000031,0.018390)
C(-376875.000000,-12507.500000,136477.500000)
p(4,556,558,559,557)
t(557,556,558)
t(558,559,557)
</p>

<p>
c(160,139,115)
n(0.999849,-0.001419,-0.017323)
C(-376627.500000,-8892.500000,150690.000000)
p(4,558,560,561,559)
t(560,558,559)
t(559,561,560)
</p>

<p>
c(131,119,115)
n(-0.992535,0.000217,-0.121957)
C(325387.500000,-5967.500000,49432.500000)
p(4,562,563,564,565)
t(562,565,564)
t(564,563,562)
</p>

<p>
c(145,126,115)
n(-0.992681,-0.000398,-0.120763)
C(326130.000000,-12342.500000,43387.500000)
p(4,563,566,567,564)
t(566,563,564)
t(564,567,566)
</p>

<p>
c(152,130,115)
n(0.993470,0.000395,0.114092)
C(326407.500000,-14142.500000,41062.500000)
p(4,566,568,569,567)
t(569,567,566)
t(566,568,569)
</p>

<p>
c(129,117,115)
n(-0.992248,0.000461,-0.124276)
C(326947.500000,-11360.000000,36690.000000)
p(4,568,570,571,569)
t(570,568,569)
t(569,571,570)
</p>

<p>
c(152,130,115)
n(-0.993273,0.000073,-0.115793)
C(327397.500000,-7505.000000,33060.000000)
p(4,570,572,573,571)
t(572,570,571)
t(571,573,572)
</p>

<p>
c(148,127,115)
n(-0.992487,-0.000733,-0.122348)
C(327697.500000,-6545.000000,30577.500000)
p(4,572,574,575,573)
t(574,572,573)
t(573,575,574)
</p>

<p>
c(151,128,115)
n(-0.955893,0.000135,0.293714)
C(-363855.000000,-3740.000000,119137.500000)
p(4,576,577,578,579)
t(578,579,576)
t(576,577,578)
</p>

<p>
c(165,136,115)
n(0.956976,0.000927,-0.290167)
C(-361860.000000,-5772.500000,125662.500000)
p(4,577,580,581,578)
t(580,577,578)
t(578,581,580)
</p>

<p>
c(170,139,115)
n(0.956144,-0.000419,-0.292898)
C(-359677.500000,-7227.500000,132810.000000)
p(4,580,582,583,581)
t(582,580,581)
t(581,583,582)
</p>

<p>
c(137,121,115)
n(0.956328,-0.000667,-0.292295)
C(-357037.500000,-7790.000000,141435.000000)
p(4,582,584,585,583)
t(584,582,583)
t(583,585,584)
</p>

<p>
c(170,139,115)
n(0.956354,-0.000835,-0.292211)
C(-355410.000000,-7272.500000,146760.000000)
p(4,584,586,587,585)
t(586,584,585)
t(585,587,586)
</p>

<p>
c(135,120,115)
n(-0.956650,0.000088,0.291239)
C(-354022.500000,-6350.000000,151305.000000)
p(4,586,588,589,587)
t(589,587,586)
t(586,588,589)
</p>

<p>
c(137,121,115)
n(-0.956505,-0.000968,0.291713)
C(-351757.500000,-5720.000000,158730.000000)
p(4,588,590,591,589)
t(591,589,588)
t(588,590,591)
</p>

<p>
c(149,127,115)
n(-0.956316,-0.000301,0.292335)
C(-349222.500000,-5412.500000,167032.500000)
p(4,590,592,593,591)
t(593,591,590)
t(590,592,593)
</p>

<p>
c(167,137,115)
n(-0.953372,-0.002402,0.301789)
C(-347790.000000,-4310.000000,171705.000000)
p(4,592,594,595,593)
t(595,593,592)
</p>

<p>
c(155,131,115)
n(0.956642,-0.001682,-0.291262)
C(-346177.500000,-2622.500000,176977.500000)
p(4,594,596,597,595)
t(596,594,595)
t(595,597,596)
</p>

<p>
c(131,120,115)
n(-0.707107,-0.000000,-0.707107)
C(131677.500000,-2577.500000,356272.500000)
p(4,598,599,600,601)
t(598,601,600)
t(600,599,598)
</p>

<p>
c(133,122,115)
n(-0.707107,0.000000,-0.707107)
C(149085.000000,-4775.000000,338865.000000)
p(4,599,602,603,600)
t(602,599,600)
t(600,603,602)
</p>

<p>
c(153,133,115)
n(-0.706714,-0.000809,-0.707498)
C(161400.000000,-5862.500000,326557.500000)
p(4,602,604,605,603)
t(604,602,603)
t(603,605,604)
</p>

<p>
c(161,138,115)
n(-0.707107,-0.001733,-0.707105)
C(172732.500000,-5870.000000,315232.500000)
p(4,604,606,607,605)
t(604,605,607)
</p>

<p>
c(165,140,115)
n(0.707612,0.000666,0.706600)
C(181770.000000,-5307.500000,306187.500000)
p(4,606,608,609,607)
t(609,607,606)
t(606,608,609)
</p>

<p>
c(169,142,115)
n(-0.707107,-0.000000,-0.707107)
C(192240.000000,-5375.000000,295710.000000)
p(4,608,610,611,609)
t(610,608,609)
t(609,611,610)
</p>

<p>
c(155,134,115)
n(0.706805,0.001087,0.707408)
C(206175.000000,-6447.500000,281782.500000)
p(4,610,612,613,611)
t(613,611,610)
t(610,612,613)
</p>

<p>
c(143,127,115)
n(0.707659,0.001096,0.706553)
C(220402.500000,-6387.500000,267555.000000)
p(4,612,614,615,613)
t(615,613,612)
t(612,614,615)
</p>

<p>
c(131,120,115)
n(0.707107,-0.000000,0.707107)
C(228802.500000,-5795.000000,259147.500000)
p(4,614,616,617,615)
t(617,615,614)
t(614,616,617)
</p>

<p>
c(157,135,115)
n(-0.707107,-0.000000,-0.707107)
C(235207.500000,-6080.000000,252742.500000)
p(4,616,618,619,617)
t(618,616,617)
t(617,619,618)
</p>

<p>
c(158,136,115)
n(0.706937,-0.000781,0.707276)
C(244590.000000,-5765.000000,243367.500000)
p(4,618,620,621,619)
t(621,619,618)
t(618,620,621)
</p>

<p>
c(130,120,115)
n(-0.707081,0.001908,-0.707130)
C(260062.500000,-5345.000000,227902.500000)
p(4,620,622,623,621)
t(622,620,621)
t(621,623,622)
</p>

<p>
c(170,143,115)
n(0.707845,-0.001135,0.706367)
C(273697.500000,-5105.000000,214260.000000)
p(4,622,624,625,623)
t(625,623,622)
t(622,624,625)
</p>

<p>
c(156,135,115)
n(-0.706853,0.001002,-0.707360)
C(287655.000000,-5142.500000,200302.500000)
p(4,624,626,627,625)
t(626,624,625)
t(625,627,626)
</p>

<p>
c(133,121,115)
n(-0.707982,0.000706,-0.706230)
C(300457.500000,-5780.000000,187500.000000)
p(4,626,628,629,627)
t(628,626,627)
t(627,629,628)
</p>

<p>
c(151,132,115)
n(-0.707107,-0.000000,-0.707107)
C(308167.500000,-5382.500000,179782.500000)
p(4,628,630,631,629)
t(630,628,629)
t(629,631,630)
</p>

<p>
c(129,119,115)
n(-0.706060,-0.002703,-0.708147)
C(314917.500000,-5210.000000,173040.000000)
p(4,630,632,633,631)
t(632,630,631)
t(631,633,632)
</p>

<p>
c(141,126,115)
n(-0.707413,-0.000292,-0.706801)
C(325162.500000,-5225.000000,162802.500000)
p(4,632,634,635,633)
t(634,632,633)
t(633,635,634)
</p>

<p>
c(133,122,115)
n(-0.707120,0.002284,-0.707090)
C(340725.000000,-3822.500000,147240.000000)
p(4,634,636,637,635)
t(636,634,635)
t(635,637,636)
</p>

<p>
c(169,142,115)
n(-0.961237,0.000632,-0.275721)
C(287505.000000,-12485.000000,174720.000000)
p(4,638,639,640,641)
t(639,638,641)
t(641,640,639)
</p>

<p>
c(147,129,115)
n(-0.961418,-0.000010,-0.275091)
C(293070.000000,-15155.000000,155302.500000)
p(4,639,642,643,640)
t(642,639,640)
t(640,643,642)
</p>

<p>
c(136,123,115)
n(-0.961230,-0.000199,-0.275747)
C(298065.000000,-17780.000000,137895.000000)
p(4,642,644,645,643)
t(644,642,643)
t(643,645,644)
</p>

<p>
c(144,127,115)
n(0.961353,-0.000158,0.275319)
C(302182.500000,-18507.500000,123540.000000)
p(4,644,646,647,645)
t(647,645,644)
t(644,646,647)
</p>

<p>
c(137,123,115)
n(-0.961150,-0.000148,-0.276028)
C(306165.000000,-19332.500000,109650.000000)
p(4,646,648,649,647)
t(648,646,647)
t(647,649,648)
</p>

<p>
c(137,123,115)
n(-0.961423,0.000192,-0.275072)
C(310282.500000,-20660.000000,95295.000000)
p(4,648,650,651,649)
t(650,648,649)
t(649,651,650)
</p>

<p>
c(167,140,115)
n(-0.961519,0.000374,-0.274739)
C(313567.500000,-19332.500000,83820.000000)
p(4,650,652,653,651)
t(652,650,651)
t(651,653,652)
</p>

<p>
c(156,135,115)
n(-0.961291,-0.000045,-0.275534)
C(317175.000000,-17840.000000,71220.000000)
p(4,652,654,655,653)
t(654,652,653)
t(653,655,654)
</p>

<p>
c(150,131,115)
n(-0.961257,-0.000282,-0.275653)
C(322905.000000,-18792.500000,51232.500000)
p(4,654,656,657,655)
t(656,654,655)
t(655,657,656)
</p>

<p>
c(150,131,115)
n(0.961063,0.000207,0.276329)
C(327397.500000,-18582.500000,35602.500000)
p(4,656,658,659,657)
t(657,656,658)
</p>

<p>
c(134,122,115)
n(-0.961190,-0.000228,-0.275887)
C(330075.000000,-14952.500000,26295.000000)
p(4,658,660,661,659)
t(658,659,661)
</p>

<p>
c(162,138,115)
n(0.961546,-0.000497,0.274645)
C(333712.500000,-8135.000000,13582.500000)
p(4,660,662,663,661)
t(661,660,662)
t(662,663,661)
</p>

