clouds(255,255,255,3,-1062)
snap(0,-20,-65)
sky(134,146,236)
fog(255,207,216)
ground(355,260,209)
texture(0,0,0,20)
fadefrom(7000)
density(4)
mountains(99406)
soundtrack(shedevil,171,106)
nlaps(4)
lightson()
desc(0,No Special Effects On This One, Pal :/)

set(47,0,0,0)p
set(20,0,5600,180)p
chk(42,0,8400,0)
set(17,0,10150,0)pt
set(24,1750,10150,-90)
set(24,5250,10150,90)
set(17,7000,10150,-90)pt
set(15,7000,5600,0)p
set(33,7000,2000,0)pr
set(15,7000,0,0)p
set(33,7000,-2000,0)
set(15,7000,-5600,0)p
chk(42,7000,-8400,0)
set(17,7000,-10150,180)pt
set(17,3500,-10150,90)pt
set(15,3500,-5600,0)p
set(15,3500,0,0)p
set(15,3500,2800,0)p
set(34,3500,3600,0)pr
set(24,3500,5600,0)
set(23,0,14700,0)
set(30,0,15200,180)
set(10,0,17500,0)
set(23,0,20300,180)
set(24,3500,14700,180)
set(15,3500,17500,0)p
chk(42,3500,20300,0)
set(17,3500,22050,0)pt
set(17,7000,22050,-90)pt
set(20,7000,17500,180)p
set(26,7000,13700,180)pr
set(23,7000,14700,0)
set(23,7000,-14000,180)
set(30,7000,-14500,0)
set(10,7000,-16800,0)
set(23,7000,-19600,0)
set(23,3500,-14000,180)
set(30,3500,-14500,0)
set(10,3500,-16800,0)
chk(40,3500,-19600,0)
set(14,3500,-21350,180)pt
set(14,0,-21350,90)pt
set(10,0,-16800,0)p
set(27,0,-14000,0)
set(10,0,-11200,0)p
set(10,0,-5600,0)p
set(38,0,-10000,0)
set(38,0,-8000,0)
set(38,0,-6000,0)
set(38,0,-4000,0)
set(38,0,-2000,0)
fix(41,0,-5000,-2000,0)s

maxr(10,10700,-21100)
maxb(3,-23500,-1300)
maxl(10,-3700,-21100)
maxt(3,24500,-1300)
