v(-630.000000,0.000000,-1230.000000)
v(-630.000000,0.000000,-1150.000000)
v(-670.000000,0.000000,-1150.000000)
v(-700.000000,0.000000,-1050.000000)
v(-20.000000,0.000000,-1050.000000)
v(-20.000000,0.000000,-1470.000000)
v(0.000000,0.000000,-1470.000000)
v(0.000000,0.000000,-1750.000000)
v(-700.000000,0.000000,-1750.000000)
v(-670.000000,0.000000,-1230.000000)
v(20.000000,0.000000,-1470.000000)
v(20.000000,0.000000,-1050.000000)
v(700.000000,0.000000,-1050.000000)
v(670.000000,0.000000,-1150.000000)
v(630.000000,0.000000,-1150.000000)
v(630.000000,0.000000,-1230.000000)
v(670.000000,0.000000,-1230.000000)
v(700.000000,0.000000,-1750.000000)
v(-350.000000,0.000000,-490.000000)
v(0.000000,0.000000,-490.000000)
v(0.000000,0.000000,-996.373391)
v(-20.000000,0.000000,-1035.000000)
v(350.000000,0.000000,-490.000000)
v(213.000000,0.000000,-585.000000)
v(250.000000,0.000000,-600.000000)
v(0.000000,0.000000,-42.000000)
v(17.500000,0.000000,-24.500000)
v(0.000000,0.000000,0.000000)
v(21.000000,0.000000,-70.000000)
v(0.000000,0.000000,-54.250000)
v(37.916667,0.000000,-53.083333)
v(-7.000000,0.000000,-49.000000)
v(24.500000,0.000000,-17.500000)
v(53.083333,0.000000,-37.916667)
v(490.000000,0.000000,-350.000000)
v(1050.000000,0.000000,-700.000000)
v(490.000000,0.000000,0.000000)
v(54.250000,0.000000,0.000000)
v(70.000000,0.000000,-21.000000)
v(42.000000,0.000000,0.000000)
v(49.000000,0.000000,7.000000)
v(490.000000,0.000000,350.000000)
v(1050.000000,0.000000,20.000000)
v(1050.000000,0.000000,700.000000)
v(996.373391,0.000000,0.000000)
v(1035.000000,0.000000,20.000000)
v(1050.000000,0.000000,-20.000000)
v(585.000000,0.000000,-213.000000)
v(600.000000,0.000000,-250.000000)
v(1150.000000,0.000000,670.000000)
v(1150.000000,0.000000,630.000000)
v(1230.000000,0.000000,630.000000)
v(1230.000000,0.000000,670.000000)
v(1750.000000,0.000000,700.000000)
v(1750.000000,0.000000,0.000000)
v(1470.000000,0.000000,0.000000)
v(1470.000000,0.000000,20.000000)
v(1470.000000,0.000000,-20.000000)
v(1750.000000,0.000000,-700.000000)
v(1230.000000,0.000000,-670.000000)
v(1230.000000,0.000000,-630.000000)
v(1150.000000,0.000000,-630.000000)
v(1150.000000,0.000000,-670.000000)
v(-840.000000,0.000000,-1750.000000)
v(-840.000000,0.000000,-1050.000000)
v(840.000000,0.000000,-1750.000000)
v(840.000000,0.000000,-1050.000000)
v(-560.000000,0.000000,-490.000000)
v(-140.000000,0.000000,140.000000)
v(1050.000000,0.000000,840.000000)
v(490.000000,0.000000,560.000000)
v(1050.000000,0.000000,-840.000000)
v(1750.000000,0.000000,-840.000000)
v(1750.000000,0.000000,840.000000)

<p>
c(163,158,147)
n(0.000000,1.000000,0.000000)
C(-404.000000,0.000000,-1330.000000)
p(10,0,1,2,3,4,5,6,7,8,9)
t(8,9,0)
t(1,2,3)
t(3,4,5)
t(5,6,7)
t(7,8,0)
t(1,3,5)
t(5,7,0)
t(0,1,5)
</p>

<p>
c(163,158,147)
n(0.000000,1.000000,0.000000)
C(-685.000000,0.000000,-1295.000000)
p(4,9,8,3,2)
t(3,2,9)
t(9,8,3)
</p>

<p>
c(167,160,146)
n(0.000000,1.000000,0.000000)
C(404.000000,0.000000,-1330.000000)
p(10,6,10,11,12,13,14,15,16,17,7)
t(17,7,6)
t(10,11,12)
t(12,13,14)
t(15,16,17)
t(17,6,10)
t(10,12,14)
t(15,17,10)
t(10,14,15)
</p>

<p>
c(167,160,146)
n(0.000000,1.000000,0.000000)
C(685.000000,0.000000,-1295.000000)
p(4,12,17,16,13)
t(16,13,12)
t(12,17,16)
</p>

<p>
c(163,158,147)
n(0.000000,1.000000,0.000000)
C(-181.666667,0.000000,-851.895565)
p(6,3,18,19,20,21,4)
t(21,4,3)
t(3,18,19)
t(19,20,21)
t(21,3,19)
</p>

<p>
c(167,160,146)
n(0.000000,1.000000,0.000000)
C(219.000000,0.000000,-751.624770)
p(7,12,22,19,20,23,24,11)
t(22,12,11)
t(23,20,19)
t(22,11,24)
t(24,23,19)
t(19,22,24)
</p>

<p>
c(163,158,147)
n(0.000000,1.000000,0.000000)
C(5.833333,0.000000,-22.166667)
p(3,25,26,27)
t(26,25,27)
</p>

<p>
c(163,158,147)
n(0.000000,1.000000,0.000000)
C(81.783333,0.000000,-231.466667)
p(5,28,29,19,22,30)
t(28,30,22)
t(22,19,29)
t(29,28,22)
</p>

<p>
c(163,158,147)
n(0.000000,1.000000,0.000000)
C(-59.500000,0.000000,-187.541667)
p(6,27,18,19,29,31,25)
t(27,25,31)
t(31,29,19)
t(18,27,31)
t(31,19,18)
</p>

<p>
c(163,158,147)
n(0.000000,1.000000,0.000000)
C(14.000000,0.000000,-14.000000)
p(3,26,32,27)
t(32,26,27)
</p>

<p>
c(163,158,147)
n(0.000000,1.000000,0.000000)
C(232.750000,0.000000,-232.750000)
p(4,33,34,22,30)
t(22,30,33)
t(33,34,22)
</p>

<p>
c(167,160,146)
n(0.000000,1.000000,0.000000)
C(647.500000,0.000000,-647.500000)
p(4,22,34,35,12)
t(35,12,22)
t(22,34,35)
</p>

<p>
c(163,158,147)
n(0.000000,1.000000,0.000000)
C(231.466667,0.000000,-81.783333)
p(5,33,34,36,37,38)
t(34,33,38)
t(38,37,36)
t(36,34,38)
</p>

<p>
c(163,158,147)
n(0.000000,1.000000,0.000000)
C(22.166667,0.000000,-5.833333)
p(3,39,27,32)
t(27,39,32)
</p>

<p>
c(163,158,147)
n(0.000000,1.000000,0.000000)
C(187.541667,0.000000,59.500000)
p(6,40,37,36,41,27,39)
t(40,39,27)
t(41,36,37)
t(40,27,41)
t(41,37,40)
</p>

<p>
c(163,158,147)
n(0.000000,1.000000,0.000000)
C(851.895565,0.000000,181.666667)
p(6,42,43,41,36,44,45)
t(43,42,45)
t(45,44,36)
t(36,41,43)
t(43,45,36)
</p>

<p>
c(167,160,146)
n(0.000000,1.000000,0.000000)
C(751.624770,0.000000,-219.000000)
p(7,46,35,34,36,44,47,48)
t(48,46,35)
t(36,44,47)
t(48,35,34)
t(34,36,47)
t(47,48,34)
</p>

<p>
c(163,158,147)
n(0.000000,1.000000,0.000000)
C(1330.000000,0.000000,404.000000)
p(10,42,43,49,50,51,52,53,54,55,56)
t(56,42,43)
t(43,49,50)
t(51,52,53)
t(53,54,55)
t(56,43,50)
t(53,55,56)
t(56,50,51)
t(51,53,56)
</p>

<p>
c(163,158,147)
n(0.000000,1.000000,0.000000)
C(1295.000000,0.000000,685.000000)
p(4,49,52,53,43)
t(52,49,43)
t(43,53,52)
</p>

<p>
c(167,160,146)
n(0.000000,1.000000,0.000000)
C(1330.000000,0.000000,-404.000000)
p(10,57,55,54,58,59,60,61,62,35,46)
t(35,46,57)
t(57,55,54)
t(54,58,59)
t(61,62,35)
t(35,57,54)
t(54,59,60)
t(61,35,54)
t(54,60,61)
</p>

<p>
c(167,160,146)
n(0.000000,1.000000,0.000000)
C(1295.000000,0.000000,-685.000000)
p(4,58,35,62,59)
t(62,59,58)
t(58,35,62)
</p>

<p>
c(182,176,165)
n(0.000000,1.000000,0.000000)
C(-770.000000,0.000000,-1400.000000)
p(4,3,8,63,64)
t(63,64,3)
t(3,8,63)
</p>

<p>
c(182,176,165)
n(0.000000,1.000000,0.000000)
C(770.000000,0.000000,-1400.000000)
p(4,12,17,65,66)
t(17,12,66)
t(66,65,17)
</p>

<p>
c(182,176,165)
n(0.000000,1.000000,0.000000)
C(-612.500000,0.000000,-770.000000)
p(4,3,64,67,18)
t(67,18,3)
t(3,64,67)
</p>

<p>
c(182,176,165)
n(0.000000,1.000000,0.000000)
C(-262.500000,0.000000,-210.000000)
p(4,67,18,27,68)
t(18,67,68)
t(68,27,18)
</p>

<p>
c(182,176,165)
n(0.000000,1.000000,0.000000)
C(770.000000,0.000000,612.500000)
p(4,43,69,70,41)
t(69,43,41)
t(41,70,69)
</p>

<p>
c(182,176,165)
n(0.000000,1.000000,0.000000)
C(210.000000,0.000000,262.500000)
p(4,70,41,27,68)
t(27,68,70)
t(70,41,27)
</p>

<p>
c(182,176,165)
n(0.000000,1.000000,0.000000)
C(910.000000,0.000000,-910.000000)
p(4,71,35,12,66)
t(35,71,66)
t(66,12,35)
</p>

<p>
c(182,176,165)
n(0.000000,1.000000,0.000000)
C(1400.000000,0.000000,-770.000000)
p(4,35,58,72,71)
t(72,71,35)
t(35,58,72)
</p>

<p>
c(182,176,165)
n(0.000000,1.000000,0.000000)
C(1400.000000,0.000000,770.000000)
p(4,43,53,73,69)
t(53,43,69)
t(69,73,53)
</p>

<p>
c(186,183,177)
n(0.000000,1.000000,0.000000)
C(0.000000,0.000000,-1256.250000)
p(4,21,5,10,11)
t(5,21,11)
t(11,10,5)
</p>

<p>
c(186,183,177)
n(0.000000,1.000000,0.000000)
C(1256.250000,0.000000,0.000000)
p(4,46,57,56,45)
t(57,46,45)
t(45,56,57)
</p>

<p>
c(186,183,177)
n(0.000000,1.000000,0.000000)
C(115.750000,0.000000,-817.500000)
p(4,11,21,23,24)
t(23,24,11)
t(11,21,23)
</p>

<p>
c(186,183,177)
n(0.000000,1.000000,0.000000)
C(817.500000,0.000000,-115.750000)
p(4,46,45,47,48)
t(45,46,48)
t(48,47,45)
</p>

<p>
c(206,140,19)
light()
n(0.000000,1.000000,0.000000)
C(-650.000000,0.000000,-1190.000000)
p(4,2,9,0,1)
t(9,2,1)
t(1,0,9)
</p>

<p>
c(206,140,19)
light()
n(0.000000,1.000000,0.000000)
C(650.000000,0.000000,-1190.000000)
p(4,13,16,15,14)
t(15,14,13)
t(13,16,15)
</p>

<p>
c(206,140,19)
light()
n(0.000000,1.000000,0.000000)
C(1190.000000,0.000000,-650.000000)
p(4,62,59,60,61)
t(59,62,61)
t(61,60,59)
</p>

<p>
c(206,140,19)
light()
n(0.000000,1.000000,0.000000)
C(1190.000000,0.000000,650.000000)
p(4,49,52,51,50)
t(51,50,49)
t(49,52,51)
</p>

<p>
c(206,140,19)
light()
n(0.000000,1.000000,0.000000)
C(33.250000,0.000000,-33.250000)
p(4,40,38,28,31)
t(28,31,40)
t(40,38,28)
</p>

