v(0.000000,0.000000,-800.000000)
v(0.000000,-270.000000,-800.000000)
v(-50.000000,-230.000000,-700.000000)
v(-50.000000,0.000000,-700.000000)
v(0.000000,0.000000,0.000000)
v(0.000000,-270.000000,0.000000)
v(-50.000000,-230.000000,-100.000000)
v(-50.000000,0.000000,-100.000000)
v(0.000000,-270.000000,-150.000000)
v(0.000000,-270.000000,-200.000000)
v(0.000000,-270.000000,-400.000000)
v(0.000000,-270.000000,-450.000000)
v(0.000000,-270.000000,-650.000000)
v(0.000000,-270.000000,-700.000000)
v(0.000000,-450.000000,-150.000000)
v(0.000000,-450.000000,-200.000000)
v(-50.000000,-550.000000,-200.000000)
v(-50.000000,-550.000000,-150.000000)
v(0.000000,-450.000000,-400.000000)
v(0.000000,-450.000000,-450.000000)
v(-50.000000,-550.000000,-450.000000)
v(-50.000000,-550.000000,-400.000000)
v(0.000000,-450.000000,-650.000000)
v(0.000000,-450.000000,-700.000000)
v(-50.000000,-550.000000,-700.000000)
v(-50.000000,-550.000000,-650.000000)
v(0.000000,0.000000,-1600.000000)
v(0.000000,-270.000000,-1600.000000)
v(-50.000000,-230.000000,-1500.000000)
v(-50.000000,0.000000,-1500.000000)
v(-50.000000,-230.000000,-900.000000)
v(-50.000000,0.000000,-900.000000)
v(0.000000,-270.000000,-950.000000)
v(0.000000,-270.000000,-1000.000000)
v(0.000000,-270.000000,-1200.000000)
v(0.000000,-270.000000,-1250.000000)
v(0.000000,-270.000000,-1450.000000)
v(0.000000,-270.000000,-1500.000000)
v(0.000000,-450.000000,-950.000000)
v(0.000000,-450.000000,-1000.000000)
v(-50.000000,-550.000000,-1000.000000)
v(-50.000000,-550.000000,-950.000000)
v(0.000000,-450.000000,-1200.000000)
v(0.000000,-450.000000,-1250.000000)
v(-50.000000,-550.000000,-1250.000000)
v(-50.000000,-550.000000,-1200.000000)
v(0.000000,-450.000000,-1450.000000)
v(0.000000,-450.000000,-1500.000000)
v(-50.000000,-550.000000,-1500.000000)
v(-50.000000,-550.000000,-1450.000000)
v(0.000000,0.000000,-2400.000000)
v(0.000000,-270.000000,-2400.000000)
v(-50.000000,-230.000000,-2300.000000)
v(-50.000000,0.000000,-2300.000000)
v(-50.000000,-230.000000,-1700.000000)
v(-50.000000,0.000000,-1700.000000)
v(0.000000,-270.000000,-1750.000000)
v(0.000000,-270.000000,-1800.000000)
v(0.000000,-270.000000,-2000.000000)
v(0.000000,-270.000000,-2050.000000)
v(0.000000,-270.000000,-2250.000000)
v(0.000000,-270.000000,-2300.000000)
v(0.000000,-450.000000,-1750.000000)
v(0.000000,-450.000000,-1800.000000)
v(-50.000000,-550.000000,-1800.000000)
v(-50.000000,-550.000000,-1750.000000)
v(0.000000,-450.000000,-2000.000000)
v(0.000000,-450.000000,-2050.000000)
v(-50.000000,-550.000000,-2050.000000)
v(-50.000000,-550.000000,-2000.000000)
v(0.000000,-450.000000,-2250.000000)
v(0.000000,-450.000000,-2300.000000)
v(-50.000000,-550.000000,-2300.000000)
v(-50.000000,-550.000000,-2250.000000)
v(0.000000,0.000000,800.000000)
v(0.000000,-270.000000,800.000000)
v(-50.000000,-230.000000,700.000000)
v(-50.000000,0.000000,700.000000)
v(-50.000000,-230.000000,100.000000)
v(-50.000000,0.000000,100.000000)
v(0.000000,-270.000000,150.000000)
v(0.000000,-270.000000,200.000000)
v(0.000000,-270.000000,400.000000)
v(0.000000,-270.000000,450.000000)
v(0.000000,-270.000000,650.000000)
v(0.000000,-270.000000,700.000000)
v(0.000000,-450.000000,150.000000)
v(0.000000,-450.000000,200.000000)
v(-50.000000,-550.000000,200.000000)
v(-50.000000,-550.000000,150.000000)
v(0.000000,-450.000000,400.000000)
v(0.000000,-450.000000,450.000000)
v(-50.000000,-550.000000,450.000000)
v(-50.000000,-550.000000,400.000000)
v(0.000000,-450.000000,650.000000)
v(0.000000,-450.000000,700.000000)
v(-50.000000,-550.000000,700.000000)
v(-50.000000,-550.000000,650.000000)
v(0.000000,0.000000,1600.000000)
v(0.000000,-270.000000,1600.000000)
v(-50.000000,-230.000000,1500.000000)
v(-50.000000,0.000000,1500.000000)
v(-50.000000,-230.000000,900.000000)
v(-50.000000,0.000000,900.000000)
v(0.000000,-270.000000,950.000000)
v(0.000000,-270.000000,1000.000000)
v(0.000000,-270.000000,1200.000000)
v(0.000000,-270.000000,1250.000000)
v(0.000000,-270.000000,1450.000000)
v(0.000000,-270.000000,1500.000000)
v(0.000000,-450.000000,950.000000)
v(0.000000,-450.000000,1000.000000)
v(-50.000000,-550.000000,1000.000000)
v(-50.000000,-550.000000,950.000000)
v(0.000000,-450.000000,1200.000000)
v(0.000000,-450.000000,1250.000000)
v(-50.000000,-550.000000,1250.000000)
v(-50.000000,-550.000000,1200.000000)
v(0.000000,-450.000000,1450.000000)
v(0.000000,-450.000000,1500.000000)
v(-50.000000,-550.000000,1500.000000)
v(-50.000000,-550.000000,1450.000000)
v(0.000000,0.000000,2400.000000)
v(0.000000,-270.000000,2400.000000)
v(-50.000000,-230.000000,2300.000000)
v(-50.000000,0.000000,2300.000000)
v(-50.000000,-230.000000,1700.000000)
v(-50.000000,0.000000,1700.000000)
v(0.000000,-270.000000,1750.000000)
v(0.000000,-270.000000,1800.000000)
v(0.000000,-270.000000,2000.000000)
v(0.000000,-270.000000,2050.000000)
v(0.000000,-270.000000,2250.000000)
v(0.000000,-270.000000,2300.000000)
v(0.000000,-450.000000,1750.000000)
v(0.000000,-450.000000,1800.000000)
v(-50.000000,-550.000000,1800.000000)
v(-50.000000,-550.000000,1750.000000)
v(0.000000,-450.000000,2000.000000)
v(0.000000,-450.000000,2050.000000)
v(-50.000000,-550.000000,2050.000000)
v(-50.000000,-550.000000,2000.000000)
v(0.000000,-450.000000,2250.000000)
v(0.000000,-450.000000,2300.000000)
v(-50.000000,-550.000000,2300.000000)
v(-50.000000,-550.000000,2250.000000)

<p>
c(160,150,137)
n(-0.894427,0.000000,-0.447214)
p(4,0,1,2,3)
t(2,3,0)
t(0,1,2)
</p>

<p>
c(160,150,137)
n(-0.894427,0.000000,0.447214)
p(4,4,5,6,7)
t(5,4,7)
t(7,6,5)
</p>

<p>
c(167,157,146)
n(1.000000,0.000000,0.000000)
p(4,3,2,6,7)
t(2,3,7)
t(7,6,2)
</p>

<p>
c(179,170,159)
n(-0.624695,-0.780869,0.000000)
p(10,1,2,6,5,8,9,10,11,12,13)
t(2,1,13)
t(13,12,11)
t(11,10,9)
t(8,5,6)
t(6,2,13)
t(11,9,8)
t(6,13,11)
t(11,8,6)
</p>

<p>
c(176,176,176)
n(1.000000,0.000000,0.000000)
p(4,9,8,14,15)
t(14,15,9)
t(9,8,14)
</p>

<p>
c(167,167,167)
n(-0.894427,0.447214,0.000000)
p(4,16,17,14,15)
t(14,15,16)
t(16,17,14)
</p>

<p>
c(176,176,176)
n(1.000000,0.000000,0.000000)
p(4,11,10,18,19)
t(18,19,11)
t(11,10,18)
</p>

<p>
c(167,167,167)
n(-0.894427,0.447214,0.000000)
p(4,20,21,18,19)
t(18,19,20)
t(20,21,18)
</p>

<p>
c(176,176,176)
n(1.000000,0.000000,0.000000)
p(4,13,12,22,23)
t(22,23,13)
t(13,12,22)
</p>

<p>
c(167,167,167)
n(-0.894427,0.447214,0.000000)
p(4,24,25,22,23)
t(22,23,24)
t(24,25,22)
</p>

<p>
c(160,150,137)
n(-0.894427,0.000000,-0.447214)
p(4,26,27,28,29)
t(28,29,26)
t(26,27,28)
</p>

<p>
c(160,150,137)
n(-0.894427,0.000000,0.447214)
p(4,0,1,30,31)
t(1,0,31)
t(31,30,1)
</p>

<p>
c(167,157,146)
n(1.000000,0.000000,0.000000)
p(4,29,28,30,31)
t(28,29,31)
t(31,30,28)
</p>

<p>
c(179,170,159)
n(-0.624695,-0.780869,0.000000)
p(10,27,28,30,1,32,33,34,35,36,37)
t(28,27,37)
t(36,35,34)
t(33,32,1)
t(1,30,28)
t(28,37,36)
t(34,33,1)
t(28,36,34)
t(34,1,28)
</p>

<p>
c(176,176,176)
n(1.000000,0.000000,0.000000)
p(4,33,32,38,39)
t(38,39,33)
t(33,32,38)
</p>

<p>
c(167,167,167)
n(-0.894427,0.447214,0.000000)
p(4,40,41,38,39)
t(38,39,40)
t(40,41,38)
</p>

<p>
c(176,176,176)
n(1.000000,0.000000,0.000000)
p(4,35,34,42,43)
t(42,43,35)
t(35,34,42)
</p>

<p>
c(167,167,167)
n(-0.894427,0.447214,0.000000)
p(4,44,45,42,43)
t(42,43,44)
t(44,45,42)
</p>

<p>
c(176,176,176)
n(1.000000,0.000000,0.000000)
p(4,37,36,46,47)
t(46,47,37)
t(37,36,46)
</p>

<p>
c(167,167,167)
n(-0.894427,0.447214,0.000000)
p(4,48,49,46,47)
t(46,47,48)
t(48,49,46)
</p>

<p>
c(160,150,137)
n(-0.894427,0.000000,-0.447214)
p(4,50,51,52,53)
t(52,53,50)
t(50,51,52)
</p>

<p>
c(160,150,137)
n(-0.894427,0.000000,0.447214)
p(4,26,27,54,55)
t(27,26,55)
t(55,54,27)
</p>

<p>
c(167,157,146)
n(1.000000,0.000000,0.000000)
p(4,53,52,54,55)
t(52,53,55)
t(55,54,52)
</p>

<p>
c(179,170,159)
n(-0.624695,-0.780869,0.000000)
p(10,51,52,54,27,56,57,58,59,60,61)
t(52,51,61)
t(60,59,58)
t(57,56,27)
t(27,54,52)
t(52,61,60)
t(60,58,57)
t(57,27,52)
t(52,60,57)
</p>

<p>
c(176,176,176)
n(1.000000,0.000000,0.000000)
p(4,57,56,62,63)
t(62,63,57)
t(57,56,62)
</p>

<p>
c(167,167,167)
n(-0.894427,0.447214,0.000000)
p(4,64,65,62,63)
t(62,63,64)
t(64,65,62)
</p>

<p>
c(176,176,176)
n(1.000000,0.000000,0.000000)
p(4,59,58,66,67)
t(66,67,59)
t(59,58,66)
</p>

<p>
c(167,167,167)
n(-0.894427,0.447214,0.000000)
p(4,68,69,66,67)
t(66,67,68)
t(68,69,66)
</p>

<p>
c(176,176,176)
n(1.000000,0.000000,0.000000)
p(4,61,60,70,71)
t(70,71,61)
t(61,60,70)
</p>

<p>
c(167,167,167)
n(-0.894427,0.447214,0.000000)
p(4,72,73,70,71)
t(70,71,72)
t(72,73,70)
</p>

<p>
c(160,150,137)
n(-0.894427,0.000000,0.447214)
p(4,74,75,76,77)
t(75,74,77)
t(77,76,75)
</p>

<p>
c(160,150,137)
n(-0.894427,0.000000,-0.447214)
p(4,4,5,78,79)
t(78,79,4)
t(4,5,78)
</p>

<p>
c(167,157,146)
n(1.000000,0.000000,0.000000)
p(4,77,76,78,79)
t(78,79,77)
t(77,76,78)
</p>

<p>
c(179,170,159)
n(-0.624695,-0.780869,-0.000000)
p(10,75,76,78,5,80,81,82,83,84,85)
t(84,85,75)
t(75,76,78)
t(78,5,80)
t(82,83,84)
t(84,75,78)
t(78,80,81)
t(82,84,78)
t(78,81,82)
</p>

<p>
c(176,176,176)
n(1.000000,0.000000,0.000000)
p(4,81,80,86,87)
t(80,81,87)
t(87,86,80)
</p>

<p>
c(167,167,167)
n(-0.894427,0.447214,0.000000)
p(4,88,89,86,87)
t(89,88,87)
t(87,86,89)
</p>

<p>
c(176,176,176)
n(1.000000,0.000000,0.000000)
p(4,83,82,90,91)
t(82,83,91)
t(91,90,82)
</p>

<p>
c(167,167,167)
n(-0.894427,0.447214,0.000000)
p(4,92,93,90,91)
t(93,92,91)
t(91,90,93)
</p>

<p>
c(176,176,176)
n(1.000000,0.000000,0.000000)
p(4,85,84,94,95)
t(84,85,95)
t(95,94,84)
</p>

<p>
c(167,167,167)
n(-0.894427,0.447214,0.000000)
p(4,96,97,94,95)
t(97,96,95)
t(95,94,97)
</p>

<p>
c(160,150,137)
n(-0.894427,0.000000,0.447214)
p(4,98,99,100,101)
t(99,98,101)
t(101,100,99)
</p>

<p>
c(160,150,137)
n(-0.894427,0.000000,-0.447214)
p(4,74,75,102,103)
t(102,103,74)
t(74,75,102)
</p>

<p>
c(167,157,146)
n(1.000000,0.000000,0.000000)
p(4,101,100,102,103)
t(102,103,101)
t(101,100,102)
</p>

<p>
c(179,170,159)
n(-0.624695,-0.780869,-0.000000)
p(10,99,100,102,75,104,105,106,107,108,109)
t(108,109,99)
t(99,100,102)
t(102,75,104)
t(104,105,106)
t(108,99,102)
t(102,104,106)
t(107,108,102)
t(102,106,107)
</p>

<p>
c(176,176,176)
n(1.000000,0.000000,0.000000)
p(4,105,104,110,111)
t(104,105,111)
t(111,110,104)
</p>

<p>
c(167,167,167)
n(-0.894427,0.447214,0.000000)
p(4,112,113,110,111)
t(113,112,111)
t(111,110,113)
</p>

<p>
c(176,176,176)
n(1.000000,0.000000,0.000000)
p(4,107,106,114,115)
t(106,107,115)
t(115,114,106)
</p>

<p>
c(167,167,167)
n(-0.894427,0.447214,0.000000)
p(4,116,117,114,115)
t(117,116,115)
t(115,114,117)
</p>

<p>
c(176,176,176)
n(1.000000,0.000000,0.000000)
p(4,109,108,118,119)
t(108,109,119)
t(119,118,108)
</p>

<p>
c(167,167,167)
n(-0.894427,0.447214,0.000000)
p(4,120,121,118,119)
t(121,120,119)
t(119,118,121)
</p>

<p>
c(160,150,137)
n(-0.894427,0.000000,0.447214)
p(4,122,123,124,125)
t(123,122,125)
t(125,124,123)
</p>

<p>
c(160,150,137)
n(-0.894427,0.000000,-0.447214)
p(4,98,99,126,127)
t(126,127,98)
t(98,99,126)
</p>

<p>
c(167,157,146)
n(1.000000,0.000000,0.000000)
p(4,125,124,126,127)
t(126,127,125)
t(125,124,126)
</p>

<p>
c(179,170,159)
n(-0.624695,-0.780869,-0.000000)
p(10,123,124,126,99,128,129,130,131,132,133)
t(133,123,124)
t(124,126,99)
t(128,129,130)
t(131,132,133)
t(124,99,128)
t(128,130,131)
t(131,133,124)
t(124,128,131)
</p>

<p>
c(176,176,176)
n(1.000000,0.000000,0.000000)
p(4,129,128,134,135)
t(128,129,135)
t(135,134,128)
</p>

<p>
c(167,167,167)
n(-0.894427,0.447214,0.000000)
p(4,136,137,134,135)
t(137,136,135)
t(135,134,137)
</p>

<p>
c(176,176,176)
n(1.000000,0.000000,0.000000)
p(4,131,130,138,139)
t(130,131,139)
t(139,138,130)
</p>

<p>
c(167,167,167)
n(-0.894427,0.447214,0.000000)
p(4,140,141,138,139)
t(141,140,139)
t(139,138,141)
</p>

<p>
c(176,176,176)
n(1.000000,0.000000,0.000000)
p(4,133,132,142,143)
t(132,133,143)
t(143,142,132)
</p>

<p>
c(167,167,167)
n(-0.894427,0.447214,0.000000)
p(4,144,145,142,143)
t(145,144,143)
t(143,142,145)
</p>

