v(28.000000,-2.800000,-28.000000)
v(28.000000,-2.800000,25.200000)
v(-25.200000,-2.800000,25.200000)
v(-25.200000,-2.800000,-28.000000)
v(5.600000,-876.400000,-5.600000)
v(0.000000,-876.400000,-5.600000)
v(0.000000,-876.400000,2.800000)
v(5.600000,-876.400000,2.800000)
v(11.200000,-308.000000,0.000000)
v(11.200000,-285.600000,14.000000)
v(8.400000,-288.400000,-19.600000)
v(95.200000,-296.800000,-16.800000)
v(95.200000,-296.800000,11.200000)
v(238.000000,-344.400000,0.000000)
v(238.000000,-344.400000,-16.800000)
v(95.200000,-313.600000,-2.800000)
v(238.000000,-355.600000,-5.600000)
v(299.600000,-414.400000,-14.000000)
v(294.000000,-420.000000,-8.400000)
v(299.600000,-414.400000,-2.800000)
v(-11.200000,-442.400000,-19.600000)
v(-8.400000,-442.400000,11.200000)
v(-2.800000,-462.000000,0.000000)
v(-84.000000,-481.600000,14.000000)
v(-84.000000,-481.600000,-14.000000)
v(-204.400000,-579.600000,-2.800000)
v(-201.600000,-579.600000,14.000000)
v(-78.400000,-498.400000,0.000000)
v(-308.000000,-630.000000,11.200000)
v(-302.400000,-635.600000,5.600000)
v(-198.800000,-588.000000,2.800000)
v(-308.000000,-630.000000,0.000000)
v(-2.800000,-506.800000,-16.800000)
v(2.800000,-526.400000,0.000000)
v(22.400000,-506.800000,5.600000)
v(47.600000,-546.000000,-70.000000)
v(70.000000,-546.000000,-47.600000)
v(145.600000,-644.000000,-140.000000)
v(131.600000,-644.000000,-154.000000)
v(56.000000,-560.000000,-53.200000)
v(238.000000,-714.000000,-187.600000)
v(238.000000,-716.800000,-184.800000)
v(137.200000,-652.400000,-145.600000)
v(243.600000,-714.000000,-184.800000)
v(5.600000,-406.000000,0.000000)
v(-5.600000,-392.000000,2.800000)
v(19.600000,-392.000000,8.400000)
v(-36.400000,-582.400000,198.800000)
v(-19.600000,-582.400000,201.600000)
v(5.600000,-428.400000,81.200000)
v(-22.400000,-428.400000,75.600000)
v(-5.600000,-445.200000,72.800000)
v(-28.000000,-590.800000,198.800000)
v(2.800000,-243.600000,-19.600000)
v(-14.000000,-243.600000,8.400000)
v(-2.800000,-266.000000,-5.600000)
v(-67.200000,-254.800000,-58.800000)
v(-198.800000,-302.400000,-126.000000)
v(-207.200000,-302.400000,-109.200000)
v(-84.000000,-254.800000,-33.600000)
v(-75.600000,-271.600000,-47.600000)
v(-204.400000,-313.600000,-117.600000)
v(-263.200000,-383.600000,-140.000000)
v(-254.800000,-389.200000,-145.600000)
v(-254.800000,-372.400000,-154.000000)
v(-58.800000,0.000000,-92.400000)
v(-168.000000,0.000000,-151.200000)
v(-268.800000,0.000000,-176.400000)
v(-308.000000,0.000000,-173.600000)
v(-322.000000,0.000000,-137.200000)
v(-257.600000,0.000000,-89.600000)
v(-156.800000,0.000000,-44.800000)
v(-235.200000,0.000000,-25.200000)
v(-324.800000,0.000000,-22.400000)
v(-355.600000,0.000000,0.000000)
v(-324.800000,0.000000,47.600000)
v(-151.200000,0.000000,50.400000)
v(-86.800000,0.000000,44.800000)
v(-78.400000,0.000000,89.600000)
v(-75.600000,0.000000,193.200000)
v(-53.200000,0.000000,232.400000)
v(-2.800000,0.000000,229.600000)
v(25.200000,0.000000,179.200000)
v(36.400000,0.000000,70.000000)
v(64.400000,0.000000,47.600000)
v(190.400000,0.000000,25.200000)
v(282.800000,0.000000,22.400000)
v(327.600000,0.000000,14.000000)
v(341.600000,0.000000,-14.000000)
v(322.000000,0.000000,-36.400000)
v(109.200000,0.000000,-42.000000)
v(134.400000,0.000000,-92.400000)
v(176.400000,0.000000,-114.800000)
v(266.000000,0.000000,-151.200000)
v(288.400000,0.000000,-198.800000)
v(268.800000,0.000000,-232.400000)
v(212.800000,0.000000,-229.600000)
v(70.000000,0.000000,-156.800000)
v(25.200000,0.000000,-117.600000)

<p>
c(121,75,27)
n(0.000000,1.000000,0.000000)
p(4,0,1,2,3)
t(1,0,3)
t(3,2,1)
</p>

<p>
c(121,75,27)
n(0.000000,1.000000,0.000000)
p(4,4,5,6,7)
t(6,7,4)
t(4,5,6)
</p>

<p>
c(121,75,27)
n(-0.999671,0.025633,-0.000000)
p(4,1,0,4,7)
t(4,7,1)
t(1,0,4)
</p>

<p>
c(121,75,27)
n(0.000000,0.025633,0.999671)
p(4,0,3,5,4)
t(5,4,0)
t(0,3,5)
</p>

<p>
c(121,75,27)
n(-0.999584,-0.028834,0.000000)
p(4,3,2,6,5)
t(2,3,5)
t(5,6,2)
</p>

<p>
c(121,75,27)
n(0.000000,-0.025633,0.999671)
p(4,2,1,7,6)
t(1,2,6)
t(6,7,1)
</p>

<p>
c(121,75,27)
n(-0.994669,-0.054652,0.087443)
p(3,8,9,10)
t(9,10,8)
</p>

<p>
c(121,75,27)
n(-0.316228,-0.948683,-0.000000)
p(4,11,12,13,14)
t(12,11,14)
t(14,13,12)
</p>

<p>
c(121,75,27)
n(0.055838,0.683497,0.727814)
p(4,11,15,8,10)
t(15,11,10)
t(10,8,15)
</p>

<p>
c(121,75,27)
n(0.113627,0.992028,-0.054488)
p(4,9,12,11,10)
t(11,10,9)
t(9,12,11)
</p>

<p>
c(121,75,27)
n(-0.030356,-0.575794,0.817031)
p(4,9,8,15,12)
t(15,12,9)
t(9,8,15)
</p>

<p>
c(121,75,27)
n(0.571347,0.500998,0.650049)
p(4,16,14,17,18)
t(14,16,18)
t(18,17,14)
</p>

<p>
c(121,75,27)
n(-0.146156,-0.589887,0.794148)
p(4,12,15,16,13)
t(16,13,12)
t(12,15,16)
</p>

<p>
c(121,75,27)
n(0.210769,0.648959,0.731046)
p(4,14,16,15,11)
t(16,14,11)
t(11,15,16)
</p>

<p>
c(121,75,27)
n(-0.707107,0.707107,-0.000000)
p(3,18,17,19)
t(17,18,19)
</p>

<p>
c(121,75,27)
n(-0.750714,-0.660628,-0.000000)
p(4,14,13,19,17)
t(13,14,17)
t(17,19,13)
</p>

<p>
c(121,75,27)
n(-0.420539,-0.401899,0.813403)
p(4,13,16,18,19)
t(18,19,13)
t(13,16,18)
</p>

<p>
c(121,75,27)
n(0.943951,0.318737,-0.085814)
p(3,20,21,22)
t(21,22,20)
</p>

<p>
c(121,75,27)
n(0.634620,-0.772312,-0.028155)
p(4,23,24,25,26)
t(24,23,26)
t(26,25,24)
</p>

<p>
c(121,75,27)
n(0.261909,-0.492726,0.829834)
p(4,27,22,21,23)
t(21,23,27)
t(27,22,21)
</p>

<p>
c(121,75,27)
n(0.465874,-0.884546,-0.023241)
p(4,21,20,24,23)
t(20,21,23)
t(23,24,20)
</p>

<p>
c(121,75,27)
n(-0.275453,0.596317,0.754010)
p(4,22,27,24,20)
t(27,22,20)
t(20,24,27)
</p>

<p>
c(121,75,27)
n(-0.311343,0.667665,-0.676231)
p(4,28,29,30,26)
t(29,28,26)
t(26,30,29)
</p>

<p>
c(121,75,27)
n(-0.341892,0.498439,0.796661)
p(4,24,27,30,25)
t(27,24,25)
t(25,30,27)
</p>

<p>
c(121,75,27)
n(0.435116,-0.541206,0.719563)
p(4,26,30,27,23)
t(27,23,26)
t(26,30,27)
</p>

<p>
c(121,75,27)
n(0.707107,0.707107,0.000000)
p(3,29,28,31)
t(28,29,31)
</p>

<p>
c(121,75,27)
n(0.432160,-0.900414,-0.049920)
p(4,26,25,31,28)
t(25,26,28)
t(28,31,25)
</p>

<p>
c(121,75,27)
n(-0.211397,0.495014,0.842777)
p(4,29,31,25,30)
t(31,29,30)
t(30,25,31)
</p>

<p>
c(121,75,27)
n(0.605662,-0.410985,-0.681370)
p(3,32,33,34)
t(33,32,34)
</p>

<p>
c(121,75,27)
n(-0.449977,-0.771389,0.449977)
p(4,35,36,37,38)
t(36,35,38)
t(38,37,36)
</p>

<p>
c(121,75,27)
n(-0.737270,-0.602663,-0.305337)
p(4,39,33,32,35)
t(32,35,39)
t(39,33,32)
</p>

<p>
c(121,75,27)
n(-0.326232,-0.879194,0.347262)
p(4,32,34,36,35)
t(34,32,35)
t(35,36,34)
</p>

<p>
c(121,75,27)
n(0.348689,-0.586174,0.731311)
p(4,36,34,33,39)
t(33,39,36)
t(36,34,33)
</p>

<p>
c(121,75,27)
n(-0.593441,-0.718687,-0.362376)
p(4,40,41,42,38)
t(42,38,40)
t(40,41,42)
</p>

<p>
c(121,75,27)
n(0.214078,-0.583850,0.783128)
p(4,36,39,42,37)
t(42,37,36)
t(36,39,42)
</p>

<p>
c(121,75,27)
n(0.794153,0.600081,0.096036)
p(4,39,35,38,42)
t(35,39,42)
t(42,38,35)
</p>

<p>
c(121,75,27)
n(-0.333333,0.666667,0.666667)
p(3,41,40,43)
t(40,41,43)
</p>

<p>
c(121,75,27)
n(-0.398281,-0.816096,0.418761)
p(4,38,37,43,40)
t(37,38,40)
t(40,43,37)
</p>

<p>
c(121,75,27)
n(0.012756,-0.516482,0.856203)
p(4,41,43,37,42)
t(37,42,41)
t(41,43,37)
</p>

<p>
c(121,75,27)
n(0.203531,0.346003,-0.915891)
p(3,44,45,46)
t(45,46,44)
</p>

<p>
c(121,75,27)
n(-0.146603,0.625047,0.766696)
p(4,47,48,49,50)
t(49,50,47)
t(47,48,49)
</p>

<p>
c(121,75,27)
n(-0.805088,0.571810,0.157691)
p(4,46,49,51,44)
t(49,46,44)
t(44,51,49)
</p>

<p>
c(121,75,27)
n(-0.090294,0.898285,0.430036)
p(4,50,49,46,45)
t(46,45,50)
t(50,49,46)
</p>

<p>
c(121,75,27)
n(-0.700614,-0.569192,-0.430302)
p(4,51,50,45,44)
t(45,44,51)
t(51,50,45)
</p>

<p>
c(121,75,27)
n(0.571815,0.482449,0.663529)
p(4,51,52,47,50)
t(52,51,50)
t(50,47,52)
</p>

<p>
c(121,75,27)
n(-0.822021,0.433925,0.368770)
p(4,48,52,51,49)
t(52,48,49)
t(49,51,52)
</p>

<p>
c(121,75,27)
n(-0.852609,-0.106576,-0.511565)
p(3,53,54,55)
t(54,53,55)
</p>

<p>
c(121,75,27)
n(0.263821,-0.950698,0.163007)
p(4,56,57,58,59)
t(57,56,59)
t(59,58,57)
</p>

<p>
c(121,75,27)
n(-0.328282,-0.647968,0.687291)
p(4,59,60,55,54)
t(55,54,59)
t(59,60,55)
</p>

<p>
c(121,75,27)
n(0.116049,-0.990546,0.073146)
p(4,54,53,56,59)
t(53,54,59)
t(59,56,53)
</p>

<p>
c(121,75,27)
n(-0.451201,0.586145,0.672943)
p(4,56,53,55,60)
t(53,56,60)
t(60,55,53)
</p>

<p>
c(121,75,27)
n(0.277517,-0.496948,0.822209)
p(4,61,58,62,63)
t(62,63,61)
t(61,58,62)
</p>

<p>
c(121,75,27)
n(0.517630,-0.646932,-0.559945)
p(4,61,57,56,60)
t(56,60,61)
t(61,57,56)
</p>

<p>
c(121,75,27)
n(-0.181994,-0.665015,0.724316)
p(4,58,61,60,59)
t(60,59,58)
t(58,61,60)
</p>

<p>
c(121,75,27)
n(-0.666667,-0.333333,-0.666667)
p(3,64,63,62)
t(63,62,64)
</p>

<p>
c(121,75,27)
n(-0.753343,0.629671,-0.189707)
p(4,64,62,58,57)
t(58,57,64)
t(64,62,58)
</p>

<p>
c(121,75,27)
n(-0.790515,0.399657,0.464069)
p(4,63,64,57,61)
t(64,63,61)
t(61,57,64)
</p>

<p>
n(0.000000,1.000000,0.000000)
p(34,65,66,67,68,69,70,71,72,73,74,75,76,77,78,79,80,81,82,83,84,85,86,87,88,89,90,91,92,93,94,95,96,97,98)
t(65,66,67)
t(67,68,69)
t(69,70,71)
t(72,73,74)
t(74,75,76)
t(78,79,80)
t(80,81,82)
t(85,86,87)
t(87,88,89)
t(92,93,94)
t(94,95,96)
t(96,97,98)
t(65,67,69)
t(72,74,76)
t(78,80,82)
t(85,87,89)
t(91,92,94)
t(94,96,98)
t(65,69,71)
t(71,72,76)
t(77,78,82)
t(84,85,89)
t(91,94,98)
t(98,65,71)
t(71,76,77)
t(77,82,83)
t(84,89,90)
t(90,91,98)
t(98,71,77)
t(77,83,84)
t(84,90,98)
t(98,77,84)
</p>

