v(140.000000,0.000000,-2240.000000)
v(70.000000,0.000000,-2800.000000)
v(840.000000,0.000000,-2800.000000)
v(910.000000,0.000000,-2240.000000)
v(-910.000000,0.000000,-2240.000000)
v(-840.000000,0.000000,-2800.000000)
v(-70.000000,0.000000,-1680.000000)
v(770.000000,0.000000,-1680.000000)
v(-770.000000,0.000000,-1680.000000)
v(0.000000,0.000000,-1120.000000)
v(840.000000,0.000000,-1120.000000)
v(-840.000000,0.000000,-1120.000000)
v(-770.000000,0.000000,-560.000000)
v(-140.000000,0.000000,-560.000000)
v(840.000000,0.000000,-560.000000)
v(-840.000000,0.000000,0.000000)
v(-70.000000,0.000000,0.000000)
v(700.000000,0.000000,0.000000)
v(-770.000000,0.000000,560.000000)
v(0.000000,0.000000,560.000000)
v(700.000000,0.000000,560.000000)
v(-700.000000,0.000000,1120.000000)
v(0.000000,0.000000,1120.000000)
v(910.000000,0.000000,1120.000000)
v(-770.000000,0.000000,1680.000000)
v(-70.000000,0.000000,1680.000000)
v(840.000000,0.000000,1680.000000)
v(-910.000000,0.000000,2240.000000)
v(140.000000,0.000000,2240.000000)
v(770.000000,0.000000,2240.000000)
v(-840.000000,0.000000,2800.000000)
v(70.000000,0.000000,2800.000000)
v(840.000000,0.000000,2800.000000)
v(1260.000000,0.000000,2240.000000)
v(1190.000000,0.000000,2800.000000)
v(1260.000000,0.000000,1680.000000)
v(1190.000000,0.000000,1120.000000)
v(1120.000000,0.000000,560.000000)
v(1190.000000,0.000000,0.000000)
v(1260.000000,0.000000,-2240.000000)
v(1190.000000,0.000000,-2800.000000)
v(1120.000000,0.000000,-1680.000000)
v(1190.000000,0.000000,-1120.000000)
v(1190.000000,0.000000,-560.000000)
v(-1120.000000,0.000000,2240.000000)
v(-1190.000000,0.000000,2800.000000)
v(-1190.000000,0.000000,1680.000000)
v(-1120.000000,0.000000,1120.000000)
v(-1260.000000,0.000000,560.000000)
v(-1190.000000,0.000000,0.000000)
v(-1120.000000,0.000000,-2240.000000)
v(-1190.000000,0.000000,-2800.000000)
v(-1120.000000,0.000000,-1680.000000)
v(-1260.000000,0.000000,-1120.000000)
v(-1260.000000,0.000000,-560.000000)
v(-20.000000,0.000000,280.000000)
v(-20.000000,0.000000,-280.000000)
v(20.000000,0.000000,-280.000000)
v(20.000000,0.000000,280.000000)
v(-20.000000,0.000000,1400.000000)
v(-20.000000,0.000000,840.000000)
v(20.000000,0.000000,840.000000)
v(20.000000,0.000000,1400.000000)
v(-20.000000,0.000000,-1400.000000)
v(-20.000000,0.000000,-840.000000)
v(20.000000,0.000000,-840.000000)
v(20.000000,0.000000,-1400.000000)
v(-20.000000,0.000000,1960.000000)
v(-20.000000,0.000000,2520.000000)
v(20.000000,0.000000,2520.000000)
v(20.000000,0.000000,1960.000000)
v(-20.000000,0.000000,-1960.000000)
v(-20.000000,0.000000,-2520.000000)
v(20.000000,0.000000,-2520.000000)
v(20.000000,0.000000,-1960.000000)

<p>
c(218,191,135)
n(0.000000,1.000000,0.000000)
p(4,0,1,2,3)
t(1,0,3)
t(3,2,1)
</p>

<p>
c(217,188,128)
n(0.000000,1.000000,0.000000)
p(4,4,5,1,0)
t(5,4,0)
t(0,1,5)
</p>

<p>
c(218,191,135)
n(0.000000,1.000000,0.000000)
p(4,0,6,7,3)
t(7,3,0)
t(0,6,7)
</p>

<p>
c(217,188,128)
n(0.000000,1.000000,0.000000)
p(4,4,8,6,0)
t(6,0,4)
t(4,8,6)
</p>

<p>
c(218,191,135)
n(0.000000,1.000000,0.000000)
p(4,9,6,7,10)
t(6,9,10)
t(10,7,6)
</p>

<p>
c(218,191,135)
n(0.000000,1.000000,0.000000)
p(4,11,8,6,9)
t(8,11,9)
t(9,6,8)
</p>

<p>
c(218,191,135)
n(0.000000,1.000000,0.000000)
p(4,11,12,13,9)
t(13,9,11)
t(11,12,13)
</p>

<p>
c(217,188,128)
n(0.000000,1.000000,0.000000)
p(4,9,13,14,10)
t(14,10,9)
t(9,13,14)
</p>

<p>
c(217,188,128)
n(0.000000,1.000000,0.000000)
p(4,15,12,13,16)
t(12,15,16)
t(16,13,12)
</p>

<p>
c(217,188,128)
n(0.000000,1.000000,0.000000)
p(4,16,13,14,17)
t(13,16,17)
t(17,14,13)
</p>

<p>
c(218,191,135)
n(0.000000,1.000000,0.000000)
p(4,15,18,19,16)
t(19,16,15)
t(15,18,19)
</p>

<p>
c(217,188,128)
n(0.000000,1.000000,0.000000)
p(4,16,19,20,17)
t(20,17,16)
t(16,19,20)
</p>

<p>
c(218,191,135)
n(0.000000,1.000000,0.000000)
p(4,21,18,19,22)
t(18,21,22)
t(22,19,18)
</p>

<p>
c(218,191,135)
n(0.000000,1.000000,0.000000)
p(4,22,19,20,23)
t(19,22,23)
t(23,20,19)
</p>

<p>
c(217,188,128)
n(0.000000,1.000000,0.000000)
p(4,21,24,25,22)
t(25,22,21)
t(21,24,25)
</p>

<p>
c(217,188,128)
n(0.000000,1.000000,0.000000)
p(4,22,25,26,23)
t(26,23,22)
t(22,25,26)
</p>

<p>
c(218,191,135)
n(0.000000,1.000000,0.000000)
p(4,27,24,25,28)
t(24,27,28)
t(28,25,24)
</p>

<p>
c(217,188,128)
n(0.000000,1.000000,0.000000)
p(4,28,25,26,29)
t(25,28,29)
t(29,26,25)
</p>

<p>
c(218,191,135)
n(0.000000,1.000000,0.000000)
p(4,27,30,31,28)
t(31,28,27)
t(27,30,31)
</p>

<p>
c(217,188,128)
n(0.000000,1.000000,0.000000)
p(4,28,31,32,29)
t(32,29,28)
t(28,31,32)
</p>

<p>
c(191,159,100)
n(0.000000,1.000000,0.000000)
p(4,33,34,32,29)
t(34,33,29)
t(29,32,34)
</p>

<p>
c(191,159,100)
n(0.000000,1.000000,0.000000)
p(4,35,33,29,26)
t(33,35,26)
t(26,29,33)
</p>

<p>
c(191,159,100)
n(0.000000,1.000000,0.000000)
p(4,35,36,23,26)
t(23,26,35)
t(35,36,23)
</p>

<p>
c(191,159,100)
n(0.000000,1.000000,0.000000)
p(4,36,37,20,23)
t(20,23,36)
t(36,37,20)
</p>

<p>
c(191,159,100)
n(0.000000,1.000000,0.000000)
p(4,38,37,20,17)
t(37,38,17)
t(17,20,37)
</p>

<p>
c(191,159,100)
n(0.000000,1.000000,0.000000)
p(4,39,40,2,3)
t(2,3,39)
t(39,40,2)
</p>

<p>
c(191,159,100)
n(0.000000,1.000000,0.000000)
p(4,41,39,3,7)
t(3,7,41)
t(41,39,3)
</p>

<p>
c(191,159,100)
n(0.000000,1.000000,0.000000)
p(4,41,42,10,7)
t(42,41,7)
t(7,10,42)
</p>

<p>
c(191,159,100)
n(0.000000,1.000000,0.000000)
p(4,42,43,14,10)
t(43,42,10)
t(10,14,43)
</p>

<p>
c(191,159,100)
n(0.000000,1.000000,0.000000)
p(4,38,43,14,17)
t(14,17,38)
t(38,43,14)
</p>

<p>
c(191,159,100)
n(0.000000,1.000000,0.000000)
p(4,44,45,30,27)
t(30,27,44)
t(44,45,30)
</p>

<p>
c(191,159,100)
n(0.000000,1.000000,0.000000)
p(4,46,44,27,24)
t(27,24,46)
t(46,44,27)
</p>

<p>
c(191,159,100)
n(0.000000,1.000000,0.000000)
p(4,46,47,21,24)
t(47,46,24)
t(24,21,47)
</p>

<p>
c(191,159,100)
n(0.000000,1.000000,0.000000)
p(4,47,48,18,21)
t(48,47,21)
t(21,18,48)
</p>

<p>
c(191,159,100)
n(0.000000,1.000000,0.000000)
p(4,49,48,18,15)
t(18,15,49)
t(49,48,18)
</p>

<p>
c(191,159,100)
n(0.000000,1.000000,0.000000)
p(4,50,51,5,4)
t(51,50,4)
t(4,5,51)
</p>

<p>
c(191,159,100)
n(0.000000,1.000000,0.000000)
p(4,52,50,4,8)
t(50,52,8)
t(8,4,50)
</p>

<p>
c(191,159,100)
n(0.000000,1.000000,0.000000)
p(4,52,53,11,8)
t(11,8,52)
t(52,53,11)
</p>

<p>
c(191,159,100)
n(0.000000,1.000000,0.000000)
p(4,53,54,12,11)
t(12,11,53)
t(53,54,12)
</p>

<p>
c(191,159,100)
n(0.000000,1.000000,0.000000)
p(4,49,54,12,15)
t(54,49,15)
t(15,12,54)
</p>

<p>
c(211,196,167)
n(0.000000,1.000000,0.000000)
p(4,55,56,57,58)
t(56,55,58)
t(58,57,56)
</p>

<p>
c(211,196,167)
n(0.000000,1.000000,0.000000)
p(4,59,60,61,62)
t(60,59,62)
t(62,61,60)
</p>

<p>
c(211,196,167)
n(0.000000,1.000000,0.000000)
p(4,63,64,65,66)
t(65,66,63)
t(63,64,65)
</p>

<p>
c(211,196,167)
n(0.000000,1.000000,0.000000)
p(4,67,68,69,70)
t(69,70,67)
t(67,68,69)
</p>

<p>
c(211,196,167)
n(0.000000,1.000000,0.000000)
p(4,71,72,73,74)
t(72,71,74)
t(74,73,72)
</p>

