v(-700.000000,0.000000,175.000000)
v(-840.000000,0.000000,175.000000)
v(-840.000000,-840.000000,175.000000)
v(-700.000000,-840.000000,175.000000)
v(700.000000,0.000000,175.000000)
v(840.000000,0.000000,175.000000)
v(840.000000,-840.000000,175.000000)
v(700.000000,-840.000000,175.000000)
v(-700.000000,0.000000,-175.000000)
v(-840.000000,0.000000,-175.000000)
v(-840.000000,-840.000000,-175.000000)
v(-700.000000,-840.000000,-175.000000)
v(700.000000,0.000000,-175.000000)
v(840.000000,0.000000,-175.000000)
v(840.000000,-840.000000,-175.000000)
v(700.000000,-840.000000,-175.000000)
v(-700.000000,-700.000000,-175.000000)
v(-560.000000,-700.000000,-175.000000)
v(-560.000000,-770.000000,-175.000000)
v(560.000000,-770.000000,-175.000000)
v(560.000000,-700.000000,-175.000000)
v(700.000000,-700.000000,-175.000000)
v(-700.000000,-700.000000,175.000000)
v(-560.000000,-700.000000,175.000000)
v(-560.000000,-770.000000,175.000000)
v(560.000000,-770.000000,175.000000)
v(560.000000,-700.000000,175.000000)
v(700.000000,-700.000000,175.000000)
v(-490.000000,-770.000000,175.000000)
v(-490.000000,-700.000000,175.000000)
v(-420.000000,-770.000000,175.000000)
v(-350.000000,-770.000000,175.000000)
v(-420.000000,-700.000000,175.000000)
v(-350.000000,-700.000000,175.000000)
v(-280.000000,-770.000000,175.000000)
v(-210.000000,-770.000000,175.000000)
v(-280.000000,-700.000000,175.000000)
v(-210.000000,-700.000000,175.000000)
v(-140.000000,-770.000000,175.000000)
v(-70.000000,-770.000000,175.000000)
v(-140.000000,-700.000000,175.000000)
v(-70.000000,-700.000000,175.000000)
v(0.000000,-770.000000,175.000000)
v(490.000000,-770.000000,175.000000)
v(490.000000,-700.000000,175.000000)
v(420.000000,-770.000000,175.000000)
v(350.000000,-770.000000,175.000000)
v(420.000000,-700.000000,175.000000)
v(350.000000,-700.000000,175.000000)
v(280.000000,-770.000000,175.000000)
v(210.000000,-770.000000,175.000000)
v(280.000000,-700.000000,175.000000)
v(210.000000,-700.000000,175.000000)
v(140.000000,-770.000000,175.000000)
v(70.000000,-770.000000,175.000000)
v(140.000000,-700.000000,175.000000)
v(70.000000,-700.000000,175.000000)
v(-490.000000,-770.000000,-175.000000)
v(-490.000000,-700.000000,-175.000000)
v(-420.000000,-770.000000,-175.000000)
v(-350.000000,-770.000000,-175.000000)
v(-420.000000,-700.000000,-175.000000)
v(-350.000000,-700.000000,-175.000000)
v(-280.000000,-770.000000,-175.000000)
v(-210.000000,-770.000000,-175.000000)
v(-280.000000,-700.000000,-175.000000)
v(-210.000000,-700.000000,-175.000000)
v(-140.000000,-770.000000,-175.000000)
v(-70.000000,-770.000000,-175.000000)
v(-140.000000,-700.000000,-175.000000)
v(-70.000000,-700.000000,-175.000000)
v(0.000000,-770.000000,-175.000000)
v(490.000000,-770.000000,-175.000000)
v(490.000000,-700.000000,-175.000000)
v(420.000000,-770.000000,-175.000000)
v(350.000000,-770.000000,-175.000000)
v(420.000000,-700.000000,-175.000000)
v(350.000000,-700.000000,-175.000000)
v(280.000000,-770.000000,-175.000000)
v(210.000000,-770.000000,-175.000000)
v(280.000000,-700.000000,-175.000000)
v(210.000000,-700.000000,-175.000000)
v(140.000000,-770.000000,-175.000000)
v(70.000000,-770.000000,-175.000000)
v(140.000000,-700.000000,-175.000000)
v(70.000000,-700.000000,-175.000000)

<p>
c(170,170,170)
n(0.000000,0.000000,1.000000)
C(-770.000000,-420.000000,175.000000)
p(4,0,1,2,3)
t(2,3,0)
t(0,1,2)
</p>

<p>
c(170,170,170)
n(0.000000,0.000000,1.000000)
C(770.000000,-420.000000,175.000000)
p(4,4,5,6,7)
t(5,4,7)
t(7,6,5)
</p>

<p>
c(170,170,170)
n(0.000000,0.000000,1.000000)
C(-770.000000,-420.000000,-175.000000)
p(4,8,9,10,11)
t(10,11,8)
t(8,9,10)
</p>

<p>
c(170,170,170)
n(0.000000,0.000000,1.000000)
C(770.000000,-420.000000,-175.000000)
p(4,12,13,14,15)
t(13,12,15)
t(15,14,13)
</p>

<p>
c(150,150,150)
n(0.000000,1.000000,0.000000)
C(0.000000,-840.000000,0.000000)
p(4,10,2,6,14)
t(6,14,10)
t(10,2,6)
</p>

<p>
c(190,190,190)
n(1.000000,0.000000,0.000000)
C(-840.000000,-420.000000,0.000000)
p(4,10,2,1,9)
t(2,10,9)
t(9,1,2)
</p>

<p>
c(190,190,190)
n(1.000000,0.000000,0.000000)
C(840.000000,-420.000000,0.000000)
p(4,14,6,5,13)
t(6,14,13)
t(13,5,6)
</p>

<p>
c(170,170,170)
n(0.000000,0.000000,1.000000)
C(0.000000,-752.500000,-175.000000)
p(8,11,16,17,18,19,20,21,15)
t(15,21,20)
t(18,17,16)
t(15,20,19)
t(18,16,11)
t(11,15,19)
t(19,18,11)
</p>

<p>
c(170,170,170)
n(0.000000,0.000000,1.000000)
C(0.000000,-752.500000,175.000000)
p(8,3,22,23,24,25,26,27,7)
t(7,27,26)
t(24,23,22)
t(7,26,25)
t(24,22,3)
t(3,7,25)
t(25,24,3)
</p>

<p>
c(150,150,150)
n(0.000000,1.000000,0.000000)
C(0.000000,-700.000000,0.000000)
p(4,22,27,21,16)
t(21,16,22)
t(22,27,21)
</p>

<p>
c(150,150,150)
n(1.000000,0.000000,0.000000)
C(-700.000000,-350.000000,0.000000)
p(4,22,16,8,0)
t(8,0,22)
t(22,16,8)
</p>

<p>
c(150,150,150)
n(1.000000,0.000000,0.000000)
C(700.000000,-350.000000,0.000000)
p(4,27,21,12,4)
t(12,4,27)
t(27,21,12)
</p>

<p>
c(40,40,40)
n(0.000000,0.000000,1.000000)
C(-536.666667,-746.666667,175.000000)
p(3,23,24,28)
t(24,28,23)
</p>

<p>
c(201,177,10)
n(0.000000,0.000000,1.000000)
C(-490.000000,-735.000000,175.000000)
p(4,29,30,28,23)
t(30,29,23)
t(23,28,30)
</p>

<p>
c(40,40,40)
n(0.000000,0.000000,1.000000)
C(-420.000000,-735.000000,175.000000)
p(4,29,30,31,32)
t(31,32,29)
t(29,30,31)
</p>

<p>
c(201,177,10)
n(0.000000,0.000000,1.000000)
C(-350.000000,-735.000000,175.000000)
p(4,33,34,31,32)
t(34,33,32)
t(32,31,34)
</p>

<p>
c(40,40,40)
n(0.000000,0.000000,1.000000)
C(-280.000000,-735.000000,175.000000)
p(4,33,34,35,36)
t(35,36,33)
t(33,34,35)
</p>

<p>
c(201,177,10)
n(0.000000,0.000000,1.000000)
C(-210.000000,-735.000000,175.000000)
p(4,37,38,35,36)
t(38,37,36)
t(36,35,38)
</p>

<p>
c(40,40,40)
n(0.000000,0.000000,1.000000)
C(-140.000000,-735.000000,175.000000)
p(4,37,38,39,40)
t(39,40,37)
t(37,38,39)
</p>

<p>
c(201,177,10)
n(0.000000,0.000000,1.000000)
C(-70.000000,-735.000000,175.000000)
p(4,41,42,39,40)
t(42,41,40)
t(40,39,42)
</p>

<p>
c(40,40,40)
n(0.000000,0.000000,1.000000)
C(536.666667,-746.666667,175.000000)
p(3,26,25,43)
t(25,26,43)
</p>

<p>
c(201,177,10)
n(0.000000,0.000000,1.000000)
C(490.000000,-735.000000,175.000000)
p(4,44,45,43,26)
t(43,26,44)
t(44,45,43)
</p>

<p>
c(40,40,40)
n(0.000000,0.000000,1.000000)
C(420.000000,-735.000000,175.000000)
p(4,44,45,46,47)
t(45,44,47)
t(47,46,45)
</p>

<p>
c(201,177,10)
n(0.000000,0.000000,1.000000)
C(350.000000,-735.000000,175.000000)
p(4,48,49,46,47)
t(46,47,48)
t(48,49,46)
</p>

<p>
c(40,40,40)
n(0.000000,0.000000,1.000000)
C(280.000000,-735.000000,175.000000)
p(4,48,49,50,51)
t(49,48,51)
t(51,50,49)
</p>

<p>
c(201,177,10)
n(0.000000,0.000000,1.000000)
C(210.000000,-735.000000,175.000000)
p(4,52,53,50,51)
t(50,51,52)
t(52,53,50)
</p>

<p>
c(40,40,40)
n(0.000000,0.000000,1.000000)
C(140.000000,-735.000000,175.000000)
p(4,52,53,54,55)
t(53,52,55)
t(55,54,53)
</p>

<p>
c(201,177,10)
n(0.000000,0.000000,1.000000)
C(70.000000,-735.000000,175.000000)
p(4,56,42,54,55)
t(54,55,56)
t(56,42,54)
</p>

<p>
c(40,40,40)
n(0.000000,0.000000,1.000000)
C(0.000000,-723.333333,175.000000)
p(3,41,42,56)
t(42,56,41)
</p>

<p>
c(40,40,40)
n(0.000000,0.000000,1.000000)
C(-536.666667,-746.666667,-175.000000)
p(3,17,18,57)
t(18,57,17)
</p>

<p>
c(201,177,10)
n(0.000000,0.000000,1.000000)
C(-490.000000,-735.000000,-175.000000)
p(4,58,59,57,17)
t(59,58,17)
t(17,57,59)
</p>

<p>
c(40,40,40)
n(0.000000,0.000000,1.000000)
C(-420.000000,-735.000000,-175.000000)
p(4,58,59,60,61)
t(60,61,58)
t(58,59,60)
</p>

<p>
c(201,177,10)
n(0.000000,0.000000,1.000000)
C(-350.000000,-735.000000,-175.000000)
p(4,62,63,60,61)
t(63,62,61)
t(61,60,63)
</p>

<p>
c(40,40,40)
n(0.000000,0.000000,1.000000)
C(-280.000000,-735.000000,-175.000000)
p(4,62,63,64,65)
t(64,65,62)
t(62,63,64)
</p>

<p>
c(201,177,10)
n(0.000000,0.000000,1.000000)
C(-210.000000,-735.000000,-175.000000)
p(4,66,67,64,65)
t(67,66,65)
t(65,64,67)
</p>

<p>
c(40,40,40)
n(0.000000,0.000000,1.000000)
C(-140.000000,-735.000000,-175.000000)
p(4,66,67,68,69)
t(68,69,66)
t(66,67,68)
</p>

<p>
c(201,177,10)
n(0.000000,0.000000,1.000000)
C(-70.000000,-735.000000,-175.000000)
p(4,70,71,68,69)
t(71,70,69)
t(69,68,71)
</p>

<p>
c(40,40,40)
n(0.000000,0.000000,1.000000)
C(536.666667,-746.666667,-175.000000)
p(3,20,19,72)
t(19,20,72)
</p>

<p>
c(201,177,10)
n(0.000000,0.000000,1.000000)
C(490.000000,-735.000000,-175.000000)
p(4,73,74,72,20)
t(72,20,73)
t(73,74,72)
</p>

<p>
c(40,40,40)
n(0.000000,0.000000,1.000000)
C(420.000000,-735.000000,-175.000000)
p(4,73,74,75,76)
t(74,73,76)
t(76,75,74)
</p>

<p>
c(201,177,10)
n(0.000000,0.000000,1.000000)
C(350.000000,-735.000000,-175.000000)
p(4,77,78,75,76)
t(75,76,77)
t(77,78,75)
</p>

<p>
c(40,40,40)
n(0.000000,0.000000,1.000000)
C(280.000000,-735.000000,-175.000000)
p(4,77,78,79,80)
t(78,77,80)
t(80,79,78)
</p>

<p>
c(201,177,10)
n(0.000000,0.000000,1.000000)
C(210.000000,-735.000000,-175.000000)
p(4,81,82,79,80)
t(79,80,81)
t(81,82,79)
</p>

<p>
c(40,40,40)
n(0.000000,0.000000,1.000000)
C(140.000000,-735.000000,-175.000000)
p(4,81,82,83,84)
t(82,81,84)
t(84,83,82)
</p>

<p>
c(201,177,10)
n(0.000000,0.000000,1.000000)
C(70.000000,-735.000000,-175.000000)
p(4,85,71,83,84)
t(83,84,85)
t(85,71,83)
</p>

<p>
c(40,40,40)
n(0.000000,0.000000,1.000000)
C(0.000000,-723.333333,-175.000000)
p(3,70,71,85)
t(71,85,70)
</p>

