v(37.200000,-744.000000,-34.100000)
v(34.100000,-740.900000,-37.200000)
v(46.500000,-697.500000,-37.200000)
v(49.600000,-700.600000,-34.100000)
v(52.700000,-660.300000,-37.200000)
v(58.900000,-663.400000,-31.000000)
v(55.800000,-660.300000,-40.300000)
v(-145.700000,-337.900000,-49.600000)
v(-142.600000,-337.900000,-49.600000)
v(127.100000,-344.100000,-142.600000)
v(130.200000,-344.100000,-142.600000)
v(-21.700000,-685.100000,-52.700000)
v(-18.600000,-685.100000,-52.700000)
v(-12.400000,-685.100000,-46.500000)
v(-77.500000,-688.200000,-3.100000)
v(-74.400000,-688.200000,-3.100000)
v(-71.300000,-688.200000,0.000000)
v(-130.200000,-647.900000,46.500000)
v(-130.200000,-647.900000,49.600000)
v(-133.300000,-651.000000,49.600000)
v(-145.700000,-502.200000,96.100000)
v(-145.700000,-508.400000,93.000000)
v(-170.500000,-561.100000,114.700000)
v(-170.500000,-558.000000,114.700000)
v(-173.600000,-517.700000,139.500000)
v(-158.100000,-505.300000,111.600000)
v(-155.000000,-502.200000,111.600000)
v(-158.100000,-499.100000,111.600000)
v(-173.600000,-511.500000,139.500000)
v(-139.500000,-632.400000,58.900000)
v(-136.400000,-629.300000,58.900000)
v(-142.600000,-610.700000,71.300000)
v(-139.500000,-607.600000,71.300000)
v(-142.600000,-604.500000,68.200000)
v(-111.600000,-511.500000,37.200000)
v(-114.700000,-523.900000,37.200000)
v(-158.100000,-626.200000,83.700000)
v(-158.100000,-623.100000,89.900000)
v(-182.900000,-623.100000,108.500000)
v(-186.000000,-626.200000,102.300000)
v(-151.900000,-610.700000,74.400000)
v(-145.700000,-620.000000,65.100000)
v(-158.100000,-629.300000,83.700000)
v(-182.900000,-626.200000,105.400000)
v(-111.600000,-508.400000,27.900000)
v(-99.200000,-508.400000,40.300000)
v(-117.800000,-564.200000,55.800000)
v(-124.000000,-570.400000,49.600000)
v(-139.500000,-613.800000,74.400000)
v(-93.000000,-393.700000,0.000000)
v(-111.600000,-508.400000,43.400000)
v(-62.000000,-399.900000,12.400000)
v(-86.800000,-396.800000,-9.300000)
v(-68.200000,-657.200000,-3.100000)
v(-71.300000,-657.200000,-6.200000)
v(-65.100000,-629.300000,-18.600000)
v(-62.000000,-629.300000,-15.500000)
v(-58.900000,-613.800000,-34.100000)
v(-49.600000,-613.800000,-31.000000)
v(-62.000000,-629.300000,-21.700000)
v(-55.800000,-616.900000,-40.300000)
v(-55.800000,-632.400000,-34.100000)
v(-52.700000,-635.500000,-37.200000)
v(-46.500000,-632.400000,-27.900000)
v(-58.900000,-626.200000,-34.100000)
v(-49.600000,-626.200000,-27.900000)
v(-55.800000,-629.300000,-37.200000)
v(-62.000000,-576.600000,-40.300000)
v(-52.700000,-576.600000,-37.200000)
v(-58.900000,-576.600000,-46.500000)
v(-62.000000,-517.700000,-43.400000)
v(-46.500000,-517.700000,-43.400000)
v(-55.800000,-517.700000,-52.700000)
v(-43.400000,-480.500000,-46.500000)
v(-55.800000,-483.600000,-46.500000)
v(-49.600000,-483.600000,-52.700000)
v(43.400000,-651.000000,-37.200000)
v(52.700000,-651.000000,-31.000000)
v(99.200000,-719.200000,-3.100000)
v(93.000000,-719.200000,-9.300000)
v(46.500000,-651.000000,-40.300000)
v(99.200000,-719.200000,-12.400000)
v(-37.200000,-492.900000,-55.800000)
v(-46.500000,-496.000000,-68.200000)
v(-65.100000,-461.900000,-37.200000)
v(-74.400000,-461.900000,-24.800000)
v(-52.700000,-496.000000,-55.800000)
v(-58.900000,-458.800000,-24.800000)
v(-93.000000,-399.900000,-3.100000)
v(-55.800000,-396.800000,6.200000)
v(-80.600000,-399.900000,-9.300000)
v(-86.800000,-409.200000,15.500000)
v(-62.000000,-409.200000,15.500000)
v(-58.900000,-409.200000,-3.100000)
v(-93.000000,-409.200000,-3.100000)
v(-74.400000,-409.200000,-15.500000)
v(-58.900000,-285.200000,6.200000)
v(-40.300000,-285.200000,0.000000)
v(-71.300000,-285.200000,-9.300000)
v(-58.900000,-285.200000,-27.900000)
v(-37.200000,-285.200000,-21.700000)
v(-46.500000,-139.500000,3.100000)
v(-21.700000,-139.500000,21.700000)
v(6.200000,-139.500000,6.200000)
v(-34.100000,-139.500000,-24.800000)
v(-3.100000,-139.500000,-21.700000)
v(3.100000,0.000000,-49.600000)
v(-49.600000,0.000000,-9.300000)
v(55.800000,0.000000,-9.300000)
v(37.200000,0.000000,49.600000)
v(-27.900000,0.000000,49.600000)
v(-241.900000,0.000000,90.200000)
v(-287.000000,0.000000,118.900000)
v(-278.800000,0.000000,159.900000)
v(-250.100000,0.000000,192.700000)
v(-188.600000,0.000000,184.500000)
v(-86.100000,0.000000,53.300000)
v(-65.600000,0.000000,86.100000)
v(69.700000,0.000000,90.200000)
v(90.200000,0.000000,12.300000)
v(143.500000,0.000000,20.500000)
v(159.900000,0.000000,-49.200000)
v(102.500000,0.000000,-77.900000)
v(-49.200000,0.000000,-110.700000)
v(-176.300000,0.000000,20.500000)

<p>
c(176,136,95)
n(-0.604708,0.172774,0.777482)
C(41.850000,-720.750000,-35.650000)
p(4,0,1,2,3)
t(1,0,3)
t(3,2,1)
</p>

<p>
c(176,136,95)
n(-0.669267,0.108735,0.735023)
C(51.925000,-680.450000,-34.875000)
p(4,2,4,5,3)
t(4,2,3)
t(3,5,4)
</p>

<p>
c(176,136,95)
n(-0.702247,0.117041,-0.702247)
C(51.666667,-672.700000,-38.233333)
p(3,2,4,6)
t(4,6,2)
</p>

<p>
c(176,136,95)
n(-0.864859,0.215364,0.453472)
C(52.700000,-680.450000,-35.650000)
p(4,3,2,6,5)
t(2,3,5)
t(5,6,2)
</p>

<p>
c(176,136,95)
n(0.000000,1.000000,0.000000)
C(-144.150000,-337.900000,-49.600000)
p(2,7,8)
</p>

<p>
c(176,136,95)
n(0.000000,1.000000,0.000000)
C(-144.150000,-337.900000,-49.600000)
p(2,8,7)
</p>

<p>
c(176,136,95)
n(0.000000,1.000000,0.000000)
C(-144.150000,-337.900000,-49.600000)
p(2,8,7)
</p>

<p>
c(176,136,95)
n(0.000000,1.000000,0.000000)
C(128.650000,-344.100000,-142.600000)
p(2,9,10)
</p>

<p>
c(176,136,95)
n(0.000000,1.000000,0.000000)
C(128.650000,-344.100000,-142.600000)
p(2,10,9)
</p>

<p>
c(176,136,95)
n(0.000000,1.000000,0.000000)
C(128.650000,-344.100000,-142.600000)
p(2,10,9)
</p>

<p>
c(176,136,95)
n(0.000000,1.000000,0.000000)
C(-17.566667,-685.100000,-50.633333)
p(3,11,12,13)
t(12,11,13)
</p>

<p>
c(176,136,95)
n(0.000000,1.000000,0.000000)
C(-74.400000,-688.200000,-2.066667)
p(3,14,15,16)
t(15,14,16)
</p>

<p>
c(176,136,95)
n(-0.707107,0.707107,0.000000)
C(-131.233333,-648.933333,48.566667)
p(3,17,18,19)
t(18,17,19)
</p>

<p>
c(176,136,95)
n(-0.851998,0.211444,-0.478947)
C(-158.100000,-532.425000,104.625000)
p(4,20,21,22,23)
t(22,23,20)
t(20,21,22)
</p>

<p>
c(176,136,95)
n(-0.704934,0.704934,-0.078326)
C(-162.233333,-508.400000,120.900000)
p(3,24,25,26)
t(25,24,26)
</p>

<p>
c(176,136,95)
n(-0.784251,-0.207357,-0.584767)
C(-165.075000,-507.625000,125.550000)
p(4,26,27,28,24)
t(27,26,24)
t(24,28,27)
</p>

<p>
c(176,136,95)
n(1.000000,0.000000,0.000000)
C(-173.600000,-514.600000,139.500000)
p(2,28,24)
</p>

<p>
c(176,136,95)
n(0.331295,-0.331295,0.883452)
C(-134.850000,-640.150000,54.250000)
p(4,18,19,29,30)
t(19,18,30)
t(30,29,19)
</p>

<p>
c(176,136,95)
n(0.643148,-0.216549,0.734484)
C(-134.850000,-640.150000,53.475000)
p(4,29,30,17,19)
t(30,29,19)
t(19,17,30)
</p>

<p>
c(176,136,95)
n(0.948683,0.316228,0.000000)
C(-132.266667,-641.700000,51.666667)
p(3,30,18,17)
t(18,17,30)
</p>

<p>
c(176,136,95)
n(0.408248,-0.408248,0.816497)
C(-139.500000,-620.000000,65.100000)
p(4,30,29,31,32)
t(29,30,32)
t(32,31,29)
</p>

<p>
c(176,136,95)
n(0.911167,-0.010396,0.411905)
C(-140.275000,-619.225000,64.325000)
p(4,30,29,31,33)
t(29,30,33)
t(33,31,29)
</p>

<p>
c(176,136,95)
n(0.815374,0.370625,-0.444750)
C(-139.500000,-613.800000,66.133333)
p(3,30,33,32)
t(33,32,30)
</p>

<p>
c(176,136,95)
n(0.874157,0.000000,0.485643)
C(-165.850000,-508.400000,125.550000)
p(4,24,28,27,25)
t(28,24,25)
t(25,27,28)
</p>

<p>
c(176,136,95)
n(0.827960,-0.167506,0.535186)
C(-135.625000,-509.950000,74.400000)
p(4,34,35,25,27)
t(35,34,27)
t(27,25,35)
</p>

<p>
c(176,136,95)
n(-0.261874,0.890514,-0.372030)
C(-171.275000,-624.650000,96.100000)
p(4,36,37,38,39)
t(37,36,39)
t(39,38,37)
</p>

<p>
c(176,136,95)
n(0.885995,-0.041416,0.461842)
C(-153.450000,-620.775000,78.275000)
p(4,40,41,42,37)
t(41,40,37)
t(37,42,41)
</p>

<p>
c(176,136,95)
n(-0.029528,-0.998820,0.038567)
C(-171.275000,-626.975000,93.775000)
p(4,43,42,36,39)
t(42,43,39)
</p>

<p>
c(176,136,95)
n(-0.692912,0.375337,0.615625)
C(-113.150000,-537.850000,43.400000)
p(4,44,45,46,47)
t(45,44,47)
t(47,46,45)
</p>

<p>
c(176,136,95)
n(-0.836542,0.465509,0.288959)
C(-131.750000,-592.100000,61.225000)
p(4,48,41,47,46)
t(41,48,46)
t(46,47,41)
</p>

<p>
c(176,136,95)
n(-0.234255,0.349336,0.907243)
C(-91.450000,-452.600000,24.025000)
p(4,49,50,45,51)
t(45,51,49)
t(49,50,45)
</p>

<p>
c(176,136,95)
n(-0.971053,0.110382,-0.211828)
C(-100.750000,-451.825000,15.500000)
p(4,52,44,50,49)
t(50,49,52)
t(52,44,50)
</p>

<p>
c(176,136,95)
n(-0.599035,0.377543,0.706129)
C(-89.900000,-453.375000,17.825000)
p(4,45,44,52,51)
t(44,45,51)
t(51,52,44)
</p>

<p>
c(176,136,95)
n(0.251577,0.955994,-0.150946)
C(-80.600000,-396.800000,1.033333)
p(3,52,49,51)
t(49,51,52)
</p>

<p>
c(176,136,95)
n(-0.700140,0.140028,0.700140)
C(-71.300000,-672.700000,-3.100000)
p(4,53,16,15,54)
t(16,53,54)
t(54,15,16)
</p>

<p>
c(176,136,95)
n(-0.639602,0.426401,0.639602)
C(-66.650000,-643.250000,-10.850000)
p(4,53,54,55,56)
t(54,53,56)
t(56,55,54)
</p>

<p>
c(176,136,95)
n(-0.251732,0.756663,0.603400)
C(-58.900000,-621.550000,-24.800000)
p(4,55,57,58,56)
t(57,55,56)
t(56,58,57)
</p>

<p>
c(176,136,95)
n(-0.879382,-0.155607,-0.449970)
C(-60.450000,-622.325000,-28.675000)
p(4,59,55,57,60)
t(57,60,59)
t(59,55,57)
</p>

<p>
c(176,136,95)
n(-0.694240,0.695466,0.185359)
C(-57.350000,-622.325000,-27.125000)
p(4,58,56,59,60)
t(56,58,60)
t(60,59,56)
</p>

<p>
c(176,136,95)
n(0.231286,-0.166465,0.958539)
C(-37.200000,-659.525000,-44.175000)
p(4,12,11,61,62)
t(11,12,62)
t(62,61,11)
</p>

<p>
c(176,136,95)
n(-0.577350,-0.577350,0.577350)
C(-32.550000,-659.525000,-41.075000)
p(4,63,13,12,62)
t(13,63,62)
t(62,12,13)
</p>

<p>
c(176,136,95)
n(0.534522,0.267261,-0.801784)
C(-52.700000,-629.300000,-31.000000)
p(4,63,61,64,65)
t(64,65,63)
t(63,61,64)
</p>

<p>
c(176,136,95)
n(-0.816497,-0.408248,-0.408248)
C(-55.800000,-630.850000,-35.650000)
p(4,62,61,64,66)
t(64,66,62)
t(62,61,64)
</p>

<p>
c(176,136,95)
n(-0.717137,-0.358569,0.597614)
C(-51.150000,-630.850000,-32.550000)
p(4,63,62,66,65)
t(62,63,65)
t(65,66,62)
</p>

<p>
c(176,136,95)
n(-0.452264,0.110109,0.885061)
C(-55.800000,-601.400000,-34.875000)
p(4,65,64,67,68)
t(64,65,68)
t(68,67,64)
</p>

<p>
c(176,136,95)
n(0.855327,0.128321,0.501946)
C(-58.900000,-602.175000,-39.525000)
p(4,64,67,69,66)
t(67,64,66)
t(66,69,67)
</p>

<p>
c(176,136,95)
n(0.834895,-0.049033,-0.548220)
C(-54.250000,-602.175000,-37.200000)
p(4,66,69,68,65)
t(68,65,66)
t(66,69,68)
</p>

<p>
c(176,136,95)
n(-0.089576,0.083153,0.992503)
C(-55.800000,-547.150000,-41.075000)
p(4,68,67,70,71)
t(67,68,71)
t(71,70,67)
</p>

<p>
c(176,136,95)
n(-0.850493,-0.019118,-0.525639)
C(-59.675000,-547.150000,-45.725000)
p(4,69,67,70,72)
t(70,72,69)
t(69,67,70)
</p>

<p>
c(176,136,95)
n(-0.756791,0.127286,0.641144)
C(-53.475000,-547.150000,-44.950000)
p(4,68,69,72,71)
t(69,68,71)
t(71,72,69)
</p>

<p>
c(176,136,95)
n(-0.008368,0.087509,0.996129)
C(-51.925000,-499.875000,-44.950000)
p(4,73,71,70,74)
t(71,73,74)
t(74,70,71)
</p>

<p>
c(176,136,95)
n(-0.783100,0.114689,-0.611229)
C(-55.800000,-500.650000,-48.825000)
p(4,72,70,74,75)
t(74,75,72)
t(72,70,74)
</p>

<p>
c(176,136,95)
n(-0.711006,0.122528,0.692429)
C(-48.825000,-499.875000,-48.825000)
p(4,73,71,72,75)
t(71,73,75)
t(75,72,71)
</p>

<p>
c(176,136,95)
n(0.612251,0.111138,-0.782814)
C(72.075000,-685.100000,-20.150000)
p(4,76,77,78,79)
t(78,79,76)
t(76,77,78)
</p>

<p>
c(176,136,95)
n(0.424737,0.597022,0.680561)
C(70.525000,-685.100000,-24.800000)
p(4,80,76,79,81)
t(79,81,80)
t(80,76,79)
</p>

<p>
c(176,136,95)
n(0.000000,-1.000000,0.000000)
C(97.133333,-719.200000,-8.266667)
p(3,78,81,79)
t(81,78,79)
</p>

<p>
c(176,136,95)
n(0.737609,0.331874,-0.588041)
C(3.875000,-572.725000,-48.825000)
p(4,80,77,82,83)
t(77,80,83)
t(83,82,77)
</p>

<p>
c(176,136,95)
n(-0.826834,-0.486697,0.281907)
C(74.400000,-685.100000,-21.700000)
p(4,81,78,77,80)
t(77,80,81)
t(81,78,77)
</p>

<p>
c(176,136,95)
n(0.845281,0.013923,0.534140)
C(-59.675000,-478.950000,-46.500000)
p(4,84,85,86,83)
t(86,83,84)
t(84,85,86)
</p>

<p>
c(176,136,95)
n(-0.480877,-0.728385,0.488070)
C(-51.925000,-477.400000,-46.500000)
p(4,87,84,83,82)
t(83,82,87)
t(87,84,83)
</p>

<p>
c(176,136,95)
n(0.753357,0.519954,0.402618)
C(-2.325000,-573.500000,-50.375000)
p(4,76,80,83,86)
t(83,86,76)
t(76,80,83)
</p>

<p>
c(176,136,95)
n(-0.153130,-0.402612,0.902471)
C(-70.525000,-429.350000,-11.625000)
p(4,88,89,87,85)
t(89,88,85)
t(85,87,89)
</p>

<p>
c(176,136,95)
n(0.654700,-0.118893,0.746480)
C(-78.275000,-430.900000,-18.600000)
p(4,90,88,85,84)
t(85,84,90)
t(90,88,85)
</p>

<p>
c(176,136,95)
n(-0.501203,-0.413901,0.759922)
C(-65.100000,-429.350000,-16.275000)
p(4,89,90,84,87)
t(84,87,89)
t(89,90,84)
</p>

<p>
c(176,136,95)
n(0.124573,-0.622863,0.772350)
C(-55.800000,-477.400000,-40.300000)
p(4,82,86,85,87)
t(86,82,87)
t(87,85,86)
</p>

<p>
c(176,136,95)
n(0.055132,-0.992372,0.110264)
C(-76.466667,-398.866667,-2.066667)
p(3,89,88,90)
t(88,90,89)
</p>

<p>
c(176,136,95)
n(0.000000,1.000000,0.000000)
C(-69.233333,-409.200000,9.300000)
p(3,91,92,93)
t(92,93,91)
</p>

<p>
c(176,136,95)
n(0.000000,1.000000,0.000000)
C(-79.566667,-409.200000,3.100000)
p(3,93,94,91)
t(94,91,93)
</p>

<p>
c(176,136,95)
n(0.000000,1.000000,0.000000)
C(-75.433333,-409.200000,-7.233333)
p(3,94,93,95)
t(93,95,94)
</p>

<p>
c(176,136,95)
n(0.121445,0.074748,0.989780)
C(-62.000000,-347.200000,9.300000)
p(4,96,97,92,91)
t(97,96,91)
t(91,92,97)
</p>

<p>
c(176,136,95)
n(-0.859479,0.201410,0.469819)
C(-77.500000,-347.200000,2.325000)
p(4,91,94,98,96)
t(94,91,96)
t(96,98,94)
</p>

<p>
c(176,136,95)
n(-0.706358,0.053080,-0.705862)
C(-74.400000,-347.200000,-13.950000)
p(4,94,95,99,98)
t(95,94,98)
t(98,99,95)
</p>

<p>
c(176,136,95)
n(0.977249,-0.150466,0.149479)
C(-49.600000,-347.200000,-2.325000)
p(4,93,92,97,100)
t(92,93,100)
t(100,97,92)
</p>

<p>
c(176,136,95)
n(-0.428587,0.175270,0.886337)
C(-57.350000,-347.200000,-17.050000)
p(4,93,95,99,100)
t(95,93,100)
t(100,99,95)
</p>

<p>
c(176,136,95)
n(-0.655029,0.067339,0.752597)
C(-49.600000,-212.350000,5.425000)
p(4,96,98,101,102)
t(98,96,102)
t(102,101,98)
</p>

<p>
c(176,136,95)
n(0.433207,-0.190081,0.881023)
C(-28.675000,-212.350000,8.525000)
p(4,97,96,102,103)
t(96,97,103)
t(103,102,96)
</p>

<p>
c(176,136,95)
n(-0.874882,0.173016,-0.452380)
C(-52.700000,-212.350000,-14.725000)
p(4,98,99,104,101)
t(99,98,101)
t(101,104,99)
</p>

<p>
c(176,136,95)
n(0.953084,-0.260718,-0.153809)
C(-18.600000,-212.350000,-9.300000)
p(4,103,105,100,97)
t(105,103,97)
t(97,100,105)
</p>

<p>
c(176,136,95)
n(-0.160176,0.021883,0.986846)
C(-33.325000,-212.350000,-24.025000)
p(4,100,99,104,105)
t(99,100,105)
t(105,104,99)
</p>

<p>
c(176,136,95)
n(0.668242,0.017573,0.743736)
C(-31.775000,-69.750000,-20.150000)
p(4,106,107,101,104)
t(101,104,106)
t(106,107,101)
</p>

<p>
c(176,136,95)
n(-0.523925,0.218280,0.823320)
C(5.425000,-69.750000,-26.350000)
p(4,105,104,106,108)
t(104,105,108)
t(108,106,104)
</p>

<p>
c(176,136,95)
n(0.920746,-0.337734,0.195351)
C(24.025000,-69.750000,6.200000)
p(4,109,108,105,103)
t(108,109,103)
t(103,105,108)
</p>

<p>
c(176,136,95)
n(0.087140,-0.255077,0.962986)
C(-1.550000,-69.750000,31.775000)
p(4,103,102,110,109)
t(102,103,109)
t(109,110,102)
</p>

<p>
c(176,136,95)
n(-0.897851,-0.054536,0.436910)
C(-36.425000,-69.750000,16.275000)
p(4,102,101,107,110)
t(101,102,110)
t(110,107,101)
</p>

<p>
n(0.000000,1.000000,0.000000)
C(-75.557143,0.000000,56.521429)
p(14,111,112,113,114,115,116,117,118,119,120,121,122,123,124)
t(123,124,111)
t(111,112,113)
t(113,114,115)
t(116,117,118)
t(119,120,121)
t(121,122,123)
t(123,111,113)
t(113,115,116)
t(116,118,119)
t(119,121,123)
t(123,113,116)
t(116,119,123)
</p>

