v(41.440000,-4.360000,104.640000)
v(38.080000,0.000000,110.090000)
v(38.080000,4.360000,114.450000)
v(41.440000,10.900000,117.720000)
v(49.280000,10.900000,116.630000)
v(52.640000,5.450000,111.180000)
v(52.640000,0.000000,106.820000)
v(49.280000,-4.360000,104.640000)
v(-41.440000,-4.360000,104.640000)
v(-38.080000,0.000000,110.090000)
v(-38.080000,4.360000,114.450000)
v(-41.440000,10.900000,117.720000)
v(-49.280000,10.900000,116.630000)
v(-52.640000,5.450000,111.180000)
v(-52.640000,0.000000,106.820000)
v(-49.280000,-4.360000,104.640000)
v(28.000000,6.540000,122.080000)
v(19.040000,4.360000,123.170000)
v(0.000000,4.360000,124.260000)
v(-19.040000,4.360000,123.170000)
v(-28.000000,6.540000,122.080000)
v(-33.600000,14.170000,122.080000)
v(-30.240000,14.170000,123.170000)
v(-29.120000,10.900000,123.170000)
v(-26.880000,8.720000,123.170000)
v(-24.640000,7.630000,123.170000)
v(-20.160000,6.540000,123.170000)
v(0.000000,6.540000,124.260000)
v(20.160000,6.540000,123.170000)
v(24.640000,7.630000,123.170000)
v(26.880000,8.720000,123.170000)
v(29.120000,10.900000,123.170000)
v(30.240000,14.170000,123.170000)
v(33.600000,14.170000,122.080000)
v(-20.160000,7.630000,123.170000)
v(0.000000,7.630000,124.260000)
v(20.160000,7.630000,123.170000)
v(-20.160000,8.720000,124.260000)
v(0.000000,8.720000,125.350000)
v(20.160000,8.720000,124.260000)
v(-20.160000,10.900000,124.260000)
v(-10.080000,10.900000,124.260000)
v(0.000000,10.900000,125.350000)
v(10.080000,10.900000,124.260000)
v(20.160000,10.900000,124.260000)
v(-16.800000,14.170000,125.350000)
v(0.000000,14.170000,125.350000)
v(16.800000,14.170000,125.350000)
v(0.000000,15.260000,128.620000)
v(15.680000,15.260000,128.620000)
v(30.240000,15.260000,125.350000)
v(33.600000,15.260000,125.350000)
v(42.560000,15.260000,123.170000)
v(45.920000,15.260000,122.080000)
v(50.400000,15.260000,119.900000)
v(54.880000,15.260000,116.630000)
v(57.120000,14.170000,112.270000)
v(51.520000,14.170000,116.630000)
v(41.440000,14.170000,119.900000)
v(-15.680000,15.260000,128.620000)
v(-30.240000,15.260000,125.350000)
v(-33.600000,15.260000,125.350000)
v(-42.560000,15.260000,123.170000)
v(-45.920000,15.260000,122.080000)
v(-50.400000,15.260000,119.900000)
v(-54.880000,15.260000,116.630000)
v(-57.120000,14.170000,112.270000)
v(-51.520000,14.170000,116.630000)
v(-41.440000,14.170000,119.900000)
v(40.320000,19.620000,123.170000)
v(43.680000,21.800000,122.080000)
v(47.040000,18.530000,120.990000)
v(-40.320000,19.620000,123.170000)
v(-43.680000,21.800000,122.080000)
v(-47.040000,18.530000,120.990000)
v(-28.000000,18.530000,125.350000)
v(-15.680000,18.530000,127.530000)
v(0.000000,18.530000,128.620000)
v(15.680000,18.530000,127.530000)
v(28.000000,18.530000,125.350000)
v(-30.240000,20.710000,125.350000)
v(-15.680000,20.710000,128.620000)
v(0.000000,20.710000,128.620000)
v(15.680000,20.710000,128.620000)
v(30.240000,20.710000,125.350000)
v(0.000000,21.800000,128.620000)
v(15.680000,21.800000,128.620000)
v(20.160000,21.800000,127.530000)
v(20.160000,29.430000,127.530000)
v(22.400000,29.430000,126.440000)
v(28.000000,33.790000,124.260000)
v(36.960000,33.790000,123.170000)
v(48.160000,32.700000,119.900000)
v(49.280000,27.250000,120.990000)
v(35.840000,27.250000,124.260000)
v(23.520000,27.250000,126.440000)
v(23.520000,22.890000,126.440000)
v(35.840000,22.890000,124.260000)
v(50.400000,22.890000,120.990000)
v(-15.680000,21.800000,128.620000)
v(-20.160000,21.800000,127.530000)
v(-20.160000,29.430000,127.530000)
v(-22.400000,29.430000,126.440000)
v(-28.000000,33.790000,124.260000)
v(-36.960000,33.790000,123.170000)
v(-48.160000,32.700000,119.900000)
v(-49.280000,27.250000,120.990000)
v(-35.840000,27.250000,124.260000)
v(-23.520000,27.250000,126.440000)
v(-23.520000,22.890000,126.440000)
v(-35.840000,22.890000,124.260000)
v(-50.400000,22.890000,120.990000)
v(50.400000,25.070000,119.900000)
v(-50.400000,25.070000,119.900000)
v(-15.680000,29.430000,127.530000)
v(0.000000,29.430000,128.620000)
v(15.680000,29.430000,127.530000)
v(-23.520000,37.060000,125.350000)
v(-11.200000,37.060000,126.440000)
v(0.000000,37.060000,126.440000)
v(11.200000,37.060000,126.440000)
v(23.520000,37.060000,125.350000)
v(-45.920000,38.150000,120.990000)
v(-23.520000,38.150000,126.440000)
v(0.000000,38.150000,127.530000)
v(23.520000,38.150000,126.440000)
v(45.920000,38.150000,120.990000)
v(52.640000,31.610000,117.720000)
v(54.880000,22.890000,115.540000)
v(-52.640000,31.610000,117.720000)
v(-54.880000,22.890000,115.540000)
v(51.520000,37.060000,118.810000)
v(0.000000,39.240000,122.080000)
v(11.200000,39.240000,122.080000)
v(29.120000,39.240000,119.900000)
v(38.080000,39.240000,118.810000)
v(52.640000,38.150000,115.540000)
v(56.000000,33.790000,112.270000)
v(57.120000,32.700000,113.360000)
v(-51.520000,37.060000,118.810000)
v(-11.200000,39.240000,122.080000)
v(-29.120000,39.240000,119.900000)
v(-38.080000,39.240000,118.810000)
v(-52.640000,38.150000,115.540000)
v(-56.000000,33.790000,112.270000)
v(-57.120000,32.700000,113.360000)
v(30.240000,41.420000,112.270000)
v(38.080000,41.420000,112.270000)
v(52.640000,39.240000,112.270000)
v(56.000000,33.790000,111.180000)
v(-30.240000,41.420000,112.270000)
v(-38.080000,41.420000,112.270000)
v(-52.640000,39.240000,112.270000)
v(-56.000000,33.790000,111.180000)
v(59.360000,22.890000,111.180000)
v(61.600000,14.170000,107.910000)
v(-59.360000,22.890000,111.180000)
v(-61.600000,14.170000,107.910000)
v(-35.840000,1.090000,113.360000)
v(-34.720000,5.450000,118.810000)
v(-30.240000,0.000000,118.810000)
v(35.840000,1.090000,113.360000)
v(34.720000,5.450000,118.810000)
v(30.240000,0.000000,118.810000)
v(58.240000,0.000000,95.920000)
v(58.240000,6.540000,106.820000)
v(-58.240000,0.000000,95.920000)
v(-58.240000,6.540000,106.820000)
v(21.280000,0.000000,119.900000)
v(0.000000,0.000000,120.990000)
v(-21.280000,0.000000,119.900000)
v(38.080000,-10.900000,65.400000)
v(28.000000,-10.900000,67.580000)
v(25.760000,-7.630000,88.290000)
v(23.520000,-4.360000,106.820000)
v(21.280000,-1.090000,116.630000)
v(31.360000,0.000000,115.540000)
v(32.480000,-3.270000,106.820000)
v(34.720000,-7.630000,88.290000)
v(-38.080000,-10.900000,65.400000)
v(-28.000000,-10.900000,67.580000)
v(-25.760000,-7.630000,88.290000)
v(-23.520000,-4.360000,106.820000)
v(-21.280000,-1.090000,116.630000)
v(-31.360000,0.000000,115.540000)
v(-32.480000,-3.270000,106.820000)
v(-34.720000,-7.630000,88.290000)
v(17.920000,-11.990000,69.760000)
v(7.840000,-11.990000,70.850000)
v(7.840000,-9.810000,86.110000)
v(6.720000,-4.360000,109.000000)
v(3.360000,-2.180000,113.360000)
v(0.000000,-2.180000,114.450000)
v(-3.360000,-2.180000,113.360000)
v(-6.720000,-4.360000,109.000000)
v(-7.840000,-9.810000,86.110000)
v(-7.840000,-11.990000,70.850000)
v(-17.920000,-11.990000,69.760000)
v(43.680000,-9.810000,62.130000)
v(38.080000,-3.270000,101.370000)
v(42.560000,-8.720000,67.580000)
v(-43.680000,-9.810000,62.130000)
v(-38.080000,-3.270000,101.370000)
v(-42.560000,-8.720000,67.580000)
v(0.000000,-11.990000,70.850000)
v(42.560000,-6.540000,89.380000)
v(42.560000,-8.720000,74.120000)
v(-42.560000,-6.540000,89.380000)
v(-42.560000,-8.720000,74.120000)
v(57.120000,-5.450000,92.650000)
v(57.120000,-8.720000,63.220000)
v(52.640000,-9.810000,62.130000)
v(-57.120000,-5.450000,92.650000)
v(-57.120000,-8.720000,63.220000)
v(-52.640000,-9.810000,62.130000)
v(-58.240000,-4.360000,66.490000)
v(-59.360000,1.090000,71.940000)
v(-59.360000,0.000000,83.930000)
v(58.240000,-4.360000,66.490000)
v(59.360000,1.090000,71.940000)
v(59.360000,0.000000,83.930000)
v(61.600000,9.810000,103.550000)
v(61.600000,5.450000,95.920000)
v(61.600000,3.270000,83.930000)
v(61.600000,5.450000,74.120000)
v(-61.600000,9.810000,103.550000)
v(-61.600000,5.450000,95.920000)
v(-61.600000,3.270000,83.930000)
v(-61.600000,5.450000,74.120000)
v(61.600000,10.900000,65.400000)
v(61.600000,18.530000,58.860000)
v(61.600000,27.250000,56.680000)
v(60.480000,30.520000,56.680000)
v(59.360000,30.520000,52.320000)
v(59.360000,26.160000,53.410000)
v(59.360000,16.350000,55.590000)
v(59.360000,7.630000,62.130000)
v(-61.600000,10.900000,65.400000)
v(-61.600000,18.530000,58.860000)
v(-61.600000,27.250000,56.680000)
v(-60.480000,30.520000,56.680000)
v(-59.360000,30.520000,52.320000)
v(-59.360000,26.160000,53.410000)
v(-59.360000,16.350000,55.590000)
v(-59.360000,7.630000,62.130000)
v(59.360000,22.890000,110.090000)
v(61.600000,14.170000,104.640000)
v(-59.360000,22.890000,110.090000)
v(-61.600000,14.170000,104.640000)
v(61.600000,7.630000,97.010000)
v(61.600000,5.450000,86.110000)
v(61.600000,6.540000,75.210000)
v(-61.600000,7.630000,97.010000)
v(-61.600000,5.450000,86.110000)
v(-61.600000,6.540000,75.210000)
v(60.480000,30.520000,58.860000)
v(61.600000,11.990000,66.490000)
v(61.600000,19.620000,61.040000)
v(61.600000,27.250000,58.860000)
v(-60.480000,30.520000,58.860000)
v(-61.600000,11.990000,66.490000)
v(-61.600000,19.620000,61.040000)
v(-61.600000,27.250000,58.860000)
v(60.480000,40.330000,58.860000)
v(60.480000,40.330000,56.680000)
v(-60.480000,40.330000,58.860000)
v(-60.480000,40.330000,56.680000)
v(58.240000,-5.450000,46.870000)
v(58.240000,-3.270000,52.320000)
v(58.240000,-3.270000,55.590000)
v(58.240000,-3.270000,64.310000)
v(59.360000,0.000000,67.580000)
v(59.360000,0.000000,55.590000)
v(59.360000,0.000000,52.320000)
v(59.360000,-1.090000,50.140000)
v(59.360000,1.090000,47.960000)
v(59.360000,19.620000,47.960000)
v(58.240000,30.520000,46.870000)
v(-58.240000,-5.450000,46.870000)
v(-58.240000,-3.270000,52.320000)
v(-58.240000,-3.270000,55.590000)
v(-58.240000,-3.270000,64.310000)
v(-59.360000,0.000000,67.580000)
v(-59.360000,0.000000,55.590000)
v(-59.360000,0.000000,52.320000)
v(-59.360000,-1.090000,50.140000)
v(-59.360000,1.090000,47.960000)
v(-59.360000,19.620000,47.960000)
v(-58.240000,30.520000,46.870000)
v(-57.120000,-8.720000,44.690000)
v(57.120000,-8.720000,44.690000)
v(50.400000,-10.900000,47.960000)
v(53.760000,-10.900000,38.150000)
v(52.640000,-10.900000,44.690000)
v(-50.400000,-10.900000,47.960000)
v(-53.760000,-10.900000,38.150000)
v(-52.640000,-10.900000,44.690000)
v(7.840000,-11.990000,62.130000)
v(0.000000,-11.990000,62.130000)
v(-7.840000,-11.990000,62.130000)
v(22.400000,-11.990000,61.040000)
v(39.200000,-10.900000,63.220000)
v(33.600000,-10.900000,64.310000)
v(21.280000,-11.990000,67.580000)
v(11.200000,-11.990000,68.670000)
v(11.200000,-11.990000,63.220000)
v(25.760000,-11.990000,61.040000)
v(40.320000,-10.900000,56.680000)
v(40.320000,-11.990000,54.500000)
v(-22.400000,-11.990000,61.040000)
v(-39.200000,-10.900000,63.220000)
v(-33.600000,-10.900000,64.310000)
v(-21.280000,-11.990000,67.580000)
v(-11.200000,-11.990000,68.670000)
v(-11.200000,-11.990000,63.220000)
v(-25.760000,-11.990000,61.040000)
v(-40.320000,-10.900000,56.680000)
v(-40.320000,-11.990000,54.500000)
v(41.440000,-10.900000,58.860000)
v(-41.440000,-10.900000,58.860000)
v(57.120000,-8.720000,-38.150000)
v(53.760000,-11.990000,-35.970000)
v(53.760000,-11.990000,-32.700000)
v(-57.120000,-8.720000,-38.150000)
v(-53.760000,-11.990000,-35.970000)
v(-53.760000,-11.990000,-32.700000)
v(58.240000,30.520000,-35.970000)
v(59.360000,19.620000,-39.240000)
v(59.360000,2.180000,-41.420000)
v(58.240000,-5.450000,-40.330000)
v(-58.240000,30.520000,-35.970000)
v(-59.360000,19.620000,-39.240000)
v(-59.360000,2.180000,-41.420000)
v(-58.240000,-5.450000,-40.330000)
v(49.280000,-13.080000,-101.370000)
v(51.520000,-13.080000,-80.660000)
v(53.760000,-11.990000,-39.240000)
v(57.120000,-9.810000,-93.740000)
v(53.760000,-9.810000,-107.910000)
v(-49.280000,-13.080000,-101.370000)
v(-51.520000,-13.080000,-80.660000)
v(-53.760000,-11.990000,-39.240000)
v(-57.120000,-9.810000,-93.740000)
v(-53.760000,-9.810000,-107.910000)
v(58.240000,31.610000,-59.950000)
v(58.240000,19.620000,-62.130000)
v(59.360000,9.810000,-69.760000)
v(59.360000,3.270000,-79.570000)
v(59.360000,1.090000,-92.650000)
v(59.360000,4.360000,-105.730000)
v(58.240000,10.900000,-114.450000)
v(56.000000,-3.270000,-111.180000)
v(-58.240000,31.610000,-59.950000)
v(-58.240000,19.620000,-62.130000)
v(-59.360000,9.810000,-69.760000)
v(-59.360000,3.270000,-79.570000)
v(-59.360000,1.090000,-92.650000)
v(-59.360000,4.360000,-105.730000)
v(-58.240000,10.900000,-114.450000)
v(-56.000000,-3.270000,-111.180000)
v(42.560000,-34.880000,16.350000)
v(40.320000,-40.330000,11.990000)
v(40.320000,-40.330000,18.530000)
v(39.200000,-40.330000,20.710000)
v(-42.560000,-34.880000,16.350000)
v(-40.320000,-40.330000,11.990000)
v(-40.320000,-40.330000,18.530000)
v(-39.200000,-40.330000,20.710000)
v(41.440000,-38.150000,9.810000)
v(41.440000,-37.060000,-33.790000)
v(40.320000,-39.240000,-39.240000)
v(-40.320000,-39.240000,-39.240000)
v(-41.440000,-37.060000,-33.790000)
v(-41.440000,-38.150000,9.810000)
v(41.440000,-34.880000,-86.110000)
v(39.200000,-39.240000,-89.380000)
v(40.320000,-39.240000,-79.570000)
v(51.520000,-15.260000,-45.780000)
v(42.560000,-34.880000,-45.780000)
v(-41.440000,-34.880000,-86.110000)
v(-42.560000,-34.880000,-45.780000)
v(-51.520000,-15.260000,-45.780000)
v(-40.320000,-39.240000,-79.570000)
v(-39.200000,-39.240000,-89.380000)
v(43.680000,-13.080000,-106.820000)
v(49.280000,-16.350000,-93.740000)
v(50.400000,-15.260000,-79.570000)
v(-50.400000,-15.260000,-79.570000)
v(-49.280000,-16.350000,-93.740000)
v(-43.680000,-13.080000,-106.820000)
v(34.720000,-45.780000,11.990000)
v(12.320000,-45.780000,18.530000)
v(0.000000,-45.780000,19.620000)
v(-12.320000,-45.780000,18.530000)
v(-34.720000,-45.780000,11.990000)
v(-31.360000,-40.330000,25.070000)
v(-13.440000,-40.330000,30.520000)
v(0.000000,-40.330000,30.520000)
v(13.440000,-40.330000,30.520000)
v(31.360000,-40.330000,25.070000)
v(35.840000,-39.240000,-91.560000)
v(33.600000,-42.510000,-88.290000)
v(34.720000,-44.690000,-38.150000)
v(-35.840000,-39.240000,-91.560000)
v(-33.600000,-42.510000,-88.290000)
v(-34.720000,-44.690000,-38.150000)
v(0.000000,-42.510000,-95.920000)
v(-10.080000,-41.420000,-95.920000)
v(-12.320000,-39.240000,-97.010000)
v(-23.520000,-39.240000,-95.920000)
v(-23.520000,-43.600000,-87.200000)
v(-10.080000,-44.690000,-89.380000)
v(0.000000,-44.690000,-88.290000)
v(10.080000,-41.420000,-95.920000)
v(12.320000,-39.240000,-97.010000)
v(23.520000,-39.240000,-95.920000)
v(23.520000,-43.600000,-87.200000)
v(10.080000,-44.690000,-89.380000)
v(0.000000,-39.240000,-98.100000)
v(0.000000,-35.970000,-100.280000)
v(41.440000,-13.080000,-107.910000)
v(20.160000,-13.080000,-113.360000)
v(0.000000,-13.080000,-114.450000)
v(0.000000,-18.530000,-111.180000)
v(4.480000,-18.530000,-111.180000)
v(7.840000,-15.260000,-113.360000)
v(20.160000,-15.260000,-112.270000)
v(39.200000,-15.260000,-106.820000)
v(35.840000,-35.970000,-94.830000)
v(24.640000,-35.970000,-98.100000)
v(11.200000,-35.970000,-99.190000)
v(-4.480000,-18.530000,-111.180000)
v(-20.160000,-13.080000,-113.360000)
v(-41.440000,-13.080000,-107.910000)
v(-11.200000,-35.970000,-99.190000)
v(-24.640000,-35.970000,-98.100000)
v(-35.840000,-35.970000,-94.830000)
v(-39.200000,-15.260000,-106.820000)
v(-20.160000,-15.260000,-112.270000)
v(-7.840000,-15.260000,-113.360000)
v(51.520000,-9.810000,-111.180000)
v(44.800000,-9.810000,-112.270000)
v(42.560000,-9.810000,-113.360000)
v(-51.520000,-9.810000,-111.180000)
v(-44.800000,-9.810000,-112.270000)
v(-42.560000,-9.810000,-113.360000)
v(21.280000,-9.810000,-117.720000)
v(0.000000,-9.810000,-117.720000)
v(-21.280000,-9.810000,-117.720000)
v(53.760000,10.900000,-116.630000)
v(36.960000,10.900000,-120.990000)
v(39.200000,5.450000,-119.900000)
v(42.560000,-5.450000,-117.720000)
v(43.680000,-4.360000,-117.720000)
v(41.440000,5.450000,-119.900000)
v(41.440000,8.720000,-119.900000)
v(50.400000,8.720000,-116.630000)
v(53.760000,6.540000,-116.630000)
v(52.640000,-4.360000,-113.360000)
v(-53.760000,10.900000,-116.630000)
v(-36.960000,10.900000,-120.990000)
v(-39.200000,5.450000,-119.900000)
v(-42.560000,-5.450000,-117.720000)
v(-43.680000,-4.360000,-117.720000)
v(-41.440000,5.450000,-119.900000)
v(-41.440000,8.720000,-119.900000)
v(-50.400000,8.720000,-116.630000)
v(-53.760000,6.540000,-116.630000)
v(-52.640000,-4.360000,-113.360000)
v(58.240000,40.330000,46.870000)
v(58.240000,40.330000,-59.950000)
v(59.360000,40.330000,-64.310000)
v(59.360000,31.610000,-64.310000)
v(-58.240000,40.330000,46.870000)
v(-58.240000,40.330000,-59.950000)
v(-59.360000,40.330000,-64.310000)
v(-59.360000,31.610000,-64.310000)
v(60.480000,21.800000,-65.400000)
v(61.600000,13.080000,-71.940000)
v(61.600000,6.540000,-81.750000)
v(-60.480000,21.800000,-65.400000)
v(-61.600000,13.080000,-71.940000)
v(-61.600000,6.540000,-81.750000)
v(61.600000,5.450000,-91.560000)
v(61.600000,6.540000,-102.460000)
v(61.600000,13.080000,-111.180000)
v(-61.600000,5.450000,-91.560000)
v(-61.600000,6.540000,-102.460000)
v(-61.600000,13.080000,-111.180000)
v(53.760000,33.790000,-119.900000)
v(53.760000,28.340000,-120.990000)
v(57.120000,20.710000,-119.900000)
v(61.600000,20.710000,-116.630000)
v(59.360000,30.520000,-118.810000)
v(-53.760000,33.790000,-119.900000)
v(-53.760000,28.340000,-120.990000)
v(-57.120000,20.710000,-119.900000)
v(-61.600000,20.710000,-116.630000)
v(-59.360000,30.520000,-118.810000)
v(59.360000,40.330000,-65.400000)
v(59.360000,31.610000,-66.490000)
v(-59.360000,40.330000,-65.400000)
v(-59.360000,31.610000,-66.490000)
v(60.480000,21.800000,-68.670000)
v(61.600000,14.170000,-74.120000)
v(61.600000,8.720000,-81.750000)
v(61.600000,7.630000,-91.560000)
v(61.600000,8.720000,-101.370000)
v(61.600000,14.170000,-110.090000)
v(-60.480000,21.800000,-68.670000)
v(-61.600000,14.170000,-74.120000)
v(-61.600000,8.720000,-81.750000)
v(-61.600000,7.630000,-91.560000)
v(-61.600000,8.720000,-101.370000)
v(-61.600000,14.170000,-110.090000)
v(61.600000,20.710000,-114.450000)
v(59.360000,30.520000,-116.630000)
v(54.880000,34.880000,-117.720000)
v(-61.600000,20.710000,-114.450000)
v(-59.360000,30.520000,-116.630000)
v(-54.880000,34.880000,-117.720000)
v(34.720000,13.080000,-122.080000)
v(12.320000,13.080000,-123.170000)
v(0.000000,13.080000,-123.170000)
v(0.000000,7.630000,-123.170000)
v(16.800000,7.630000,-123.170000)
v(22.400000,6.540000,-122.080000)
v(24.640000,2.180000,-122.080000)
v(24.640000,-5.450000,-119.900000)
v(15.680000,-7.630000,-119.900000)
v(0.000000,-8.720000,-119.900000)
v(-34.720000,13.080000,-122.080000)
v(-12.320000,13.080000,-123.170000)
v(-16.800000,7.630000,-123.170000)
v(-22.400000,6.540000,-122.080000)
v(-24.640000,2.180000,-122.080000)
v(-24.640000,-5.450000,-119.900000)
v(-15.680000,-7.630000,-119.900000)
v(15.680000,-5.450000,-122.080000)
v(0.000000,-5.450000,-122.080000)
v(-15.680000,-5.450000,-122.080000)
v(17.920000,-5.450000,-118.810000)
v(0.000000,-5.450000,-118.810000)
v(-17.920000,-5.450000,-118.810000)
v(20.160000,5.450000,-120.990000)
v(20.160000,-4.360000,-118.810000)
v(-20.160000,5.450000,-120.990000)
v(-20.160000,-4.360000,-118.810000)
v(0.000000,-3.270000,-119.900000)
v(-17.920000,-3.270000,-119.900000)
v(-17.920000,3.270000,-120.990000)
v(0.000000,3.270000,-122.080000)
v(17.920000,3.270000,-120.990000)
v(17.920000,-3.270000,-119.900000)
v(54.880000,15.260000,-119.900000)
v(41.440000,15.260000,-123.170000)
v(19.040000,15.260000,-126.440000)
v(0.000000,15.260000,-127.530000)
v(-54.880000,15.260000,-119.900000)
v(-41.440000,15.260000,-123.170000)
v(-19.040000,15.260000,-126.440000)
v(53.760000,18.530000,-120.990000)
v(-53.760000,18.530000,-120.990000)
v(51.520000,19.620000,-120.990000)
v(49.280000,17.440000,-122.080000)
v(39.200000,17.440000,-124.260000)
v(19.040000,17.440000,-126.440000)
v(0.000000,17.440000,-127.530000)
v(-19.040000,17.440000,-126.440000)
v(-39.200000,17.440000,-124.260000)
v(-49.280000,17.440000,-122.080000)
v(-51.520000,19.620000,-120.990000)
v(48.160000,30.520000,-122.080000)
v(20.160000,31.610000,-126.440000)
v(0.000000,31.610000,-127.530000)
v(-20.160000,31.610000,-126.440000)
v(-48.160000,30.520000,-122.080000)
v(-48.160000,25.070000,-122.080000)
v(-39.200000,25.070000,-123.170000)
v(-19.040000,25.070000,-126.440000)
v(0.000000,25.070000,-127.530000)
v(19.040000,25.070000,-126.440000)
v(39.200000,25.070000,-123.170000)
v(48.160000,25.070000,-122.080000)
v(35.840000,34.880000,-125.350000)
v(21.280000,34.880000,-128.620000)
v(0.000000,34.880000,-128.620000)
v(-21.280000,34.880000,-128.620000)
v(-35.840000,34.880000,-125.350000)
v(-38.080000,40.330000,58.860000)
v(38.080000,40.330000,58.860000)
v(-38.080000,40.330000,-65.400000)
v(38.080000,40.330000,-65.400000)
v(38.080000,34.880000,-117.720000)
v(-38.080000,34.880000,-117.720000)
v(0.000000,34.880000,-117.720000)

<p>
c(250,250,250)
light()
outline()
n(-0.163337,0.629082,-0.759985)
C(45.360000,2.861250,110.771250)
p(8,0,1,2,3,4,5,6,7)
t(6,7,0)
t(0,1,2)
t(2,3,4)
t(4,5,6)
t(6,0,2)
t(2,4,6)
</p>

<p>
c(250,250,250)
light()
outline()
n(-0.163337,-0.629082,0.759985)
C(-45.360000,2.861250,110.771250)
p(8,8,9,10,11,12,13,14,15)
t(14,15,8)
t(8,9,10)
t(10,11,12)
t(12,13,14)
t(14,8,10)
t(10,12,14)
</p>

<p>
c(150,150,150)
outline()
n(0.000000,0.069176,0.997604)
C(0.000000,8.720000,123.048889)
p(18,16,17,18,19,20,21,22,23,24,25,26,27,28,29,30,31,32,33)
t(16,33,32)
t(23,22,21)
t(20,19,18)
t(18,17,16)
t(16,32,31)
t(24,23,21)
t(16,31,30)
t(24,21,20)
t(16,30,29)
t(25,24,20)
t(16,29,28)
t(26,25,20)
t(18,16,28)
t(26,20,18)
t(18,28,27)
t(27,26,18)
</p>

<p>
c(150,150,150)
outline()
n(-0.000000,0.447214,0.894427)
C(0.000000,7.221250,123.442500)
p(8,29,28,27,26,25,34,35,36)
t(28,29,36)
t(35,34,25)
t(25,26,27)
t(27,28,36)
t(35,25,27)
t(27,36,35)
</p>

<p>
c(150,150,150)
outline()
n(-0.000000,-0.881675,0.471858)
C(0.000000,8.175000,123.715000)
p(10,29,36,35,34,25,24,37,38,39,30)
t(36,29,30)
t(30,39,38)
t(38,37,24)
t(24,25,34)
t(35,36,30)
t(38,24,34)
t(35,30,38)
t(38,34,35)
</p>

<p>
c(150,150,150)
outline()
n(0.000000,0.055300,-0.998470)
C(-0.000000,9.991667,124.078333)
p(12,30,39,38,37,24,23,40,41,42,43,44,31)
t(44,31,30)
t(37,24,23)
t(23,40,41)
t(41,42,43)
t(43,44,30)
t(38,37,23)
t(23,41,43)
t(43,30,39)
t(39,38,23)
t(23,43,39)
</p>

<p>
c(150,150,150)
outline()
n(-0.000000,-0.158151,0.987415)
C(-0.000000,12.262500,124.260000)
p(12,23,22,45,46,47,32,31,44,43,42,41,40)
t(22,23,40)
t(40,41,42)
t(42,43,44)
t(44,31,32)
t(32,47,46)
t(46,45,22)
t(22,40,42)
t(42,44,32)
t(32,46,22)
t(22,42,32)
</p>

<p>
c(86,179,52)
outline()
n(-0.034849,0.986313,-0.161160)
C(33.600000,14.751333,122.298000)
p(15,33,32,47,46,48,49,50,51,52,53,54,55,56,57,58)
t(58,33,32)
t(47,46,48)
t(48,49,50)
t(50,51,52)
t(52,53,54)
t(54,55,56)
t(32,47,48)
t(48,50,52)
t(54,56,57)
t(32,48,52)
t(52,54,57)
t(58,32,52)
t(52,57,58)
</p>

<p>
c(86,179,52)
outline()
n(0.034849,0.986313,-0.161160)
C(-33.600000,14.751333,122.298000)
p(15,21,22,45,46,48,59,60,61,62,63,64,65,66,67,68)
t(22,21,68)
t(67,66,65)
t(65,64,63)
t(63,62,61)
t(60,59,48)
t(48,46,45)
t(68,67,65)
t(65,63,61)
t(60,48,45)
t(22,68,65)
t(65,61,60)
t(60,45,22)
t(22,65,60)
</p>

<p>
c(250,250,250)
light()
outline()
n(0.319237,0.123155,0.939639)
C(43.904000,18.094000,122.298000)
p(5,52,69,70,71,53)
t(69,52,53)
t(53,71,70)
t(70,69,53)
</p>

<p>
c(250,250,250)
light()
outline()
n(0.319237,-0.123155,-0.939639)
C(-43.904000,18.094000,122.298000)
p(5,62,72,73,74,63)
t(72,62,63)
t(63,74,73)
t(73,72,63)
</p>

<p>
c(150,150,150)
outline()
n(-0.000000,0.466803,0.884361)
C(-0.000000,16.895000,127.094000)
p(10,49,48,59,60,75,76,77,78,79,50)
t(48,49,50)
t(50,79,78)
t(76,75,60)
t(60,59,48)
t(48,50,78)
t(77,76,60)
t(60,48,78)
t(78,77,60)
</p>

<p>
c(150,150,150)
outline()
n(-0.000000,-0.450250,0.892903)
C(0.000000,18.374286,126.595714)
p(14,51,50,79,78,77,76,75,60,61,80,81,82,83,84)
t(50,51,84)
t(84,83,82)
t(82,81,80)
t(80,61,60)
t(79,50,84)
t(84,82,80)
t(80,60,75)
t(78,79,84)
t(80,75,76)
t(77,78,84)
t(80,76,77)
t(77,84,80)
</p>

<p>
c(86,179,52)
outline()
n(-0.183786,-0.032980,-0.982413)
C(31.640000,23.253333,124.532500)
p(24,54,53,71,70,69,52,51,84,83,82,85,86,87,88,89,90,91,92,93,94,95,96,97,98)
t(98,54,53)
t(69,52,51)
t(84,83,82)
t(82,85,86)
t(87,88,89)
t(89,90,91)
t(91,92,93)
t(93,94,95)
t(98,53,71)
t(69,51,84)
t(84,82,86)
t(89,91,93)
t(98,71,70)
t(70,69,84)
t(84,86,87)
t(89,93,95)
t(97,98,70)
t(70,84,87)
t(87,89,95)
t(96,97,70)
t(87,95,96)
t(96,70,87)
</p>

<p>
c(86,179,52)
outline()
n(0.183786,-0.032980,-0.982413)
C(-31.640000,23.253333,124.532500)
p(24,64,63,74,73,72,62,61,80,81,82,85,99,100,101,102,103,104,105,106,107,108,109,110,111)
t(63,64,111)
t(108,107,106)
t(106,105,104)
t(104,103,102)
t(102,101,100)
t(99,85,82)
t(82,81,80)
t(80,61,62)
t(74,63,111)
t(108,106,104)
t(100,99,82)
t(80,62,72)
t(73,74,111)
t(108,104,102)
t(100,82,80)
t(80,72,73)
t(73,111,110)
t(109,108,102)
t(100,80,73)
t(73,110,109)
t(109,102,100)
t(100,73,109)
</p>

<p>
c(86,179,52)
outline()
n(-0.217597,-0.019291,-0.975848)
C(38.400000,25.070000,123.325714)
p(7,97,96,95,94,93,112,98)
t(112,98,97)
t(97,96,95)
t(94,93,112)
t(112,97,95)
t(95,94,112)
</p>

<p>
c(86,179,52)
outline()
n(0.217597,-0.019291,-0.975848)
C(-38.400000,25.070000,123.325714)
p(7,110,109,108,107,106,113,111)
t(109,110,111)
t(111,113,106)
t(107,108,109)
t(109,111,106)
t(106,107,109)
</p>

<p>
c(235,235,235)
outline()
n(0.000000,-0.057990,-0.998317)
C(0.000000,25.615000,127.966000)
p(10,86,85,99,100,101,114,115,116,88,87)
t(88,87,86)
t(85,99,100)
t(100,101,114)
t(115,116,88)
t(88,86,85)
t(85,100,114)
t(115,88,85)
t(85,114,115)
</p>

<p>
c(100,100,100)
outline()
n(-0.000000,0.218998,0.975725)
C(0.000000,32.777857,126.440000)
p(14,101,102,103,117,118,119,120,121,90,89,88,116,115,114)
t(102,101,114)
t(114,115,116)
t(116,88,89)
t(89,90,121)
t(118,117,103)
t(103,102,114)
t(114,116,89)
t(89,121,120)
t(119,118,103)
t(103,114,89)
t(89,120,119)
t(119,103,89)
</p>

<p>
c(35,35,35)
outline()
n(-0.000000,-0.806437,0.591320)
C(0.000000,36.038125,124.191875)
p(16,92,91,90,121,120,119,118,117,103,104,105,122,123,124,125,126)
t(91,92,126)
t(125,124,123)
t(123,122,105)
t(104,103,117)
t(121,90,91)
t(91,126,125)
t(123,105,104)
t(121,91,125)
t(123,104,117)
t(120,121,125)
t(123,117,118)
t(119,120,125)
t(125,123,118)
t(118,119,125)
</p>

<p>
c(86,179,52)
outline()
n(0.731859,0.054132,0.679303)
C(52.017778,23.011111,118.204444)
p(9,55,54,98,112,93,92,127,128,56)
t(55,56,128)
t(128,127,92)
t(92,93,112)
t(112,98,54)
t(54,55,128)
t(128,92,112)
t(112,54,128)
</p>

<p>
c(86,179,52)
outline()
n(-0.731859,0.054132,0.679303)
C(-52.017778,23.011111,118.204444)
p(9,65,64,111,113,106,105,129,130,66)
t(130,66,65)
t(65,64,111)
t(113,106,105)
t(105,129,130)
t(130,65,111)
t(113,105,130)
t(130,111,113)
</p>

<p>
c(35,35,35)
outline()
n(-0.005628,-0.950945,0.309310)
C(33.192727,37.555455,119.800909)
p(11,131,126,125,124,132,133,134,135,136,137,138)
t(137,138,131)
t(131,126,125)
t(125,124,132)
t(136,137,131)
t(125,132,133)
t(135,136,131)
t(131,125,133)
t(134,135,131)
t(131,133,134)
</p>

<p>
c(35,35,35)
outline()
n(0.005628,-0.950945,0.309310)
C(-33.192727,37.555455,119.800909)
p(11,139,122,123,124,132,140,141,142,143,144,145)
t(139,145,144)
t(140,132,124)
t(124,123,122)
t(139,144,143)
t(141,140,124)
t(124,122,139)
t(139,143,142)
t(142,141,124)
t(124,139,142)
</p>

<p>
c(35,35,35)
outline()
n(0.232338,0.933793,0.272122)
C(44.100000,38.286250,114.313750)
p(8,137,136,135,134,146,147,148,149)
t(136,137,149)
t(149,148,147)
t(147,146,134)
t(134,135,136)
t(136,149,147)
t(147,134,136)
</p>

<p>
c(35,35,35)
outline()
n(-0.232338,0.933793,0.272122)
C(-44.100000,38.286250,114.313750)
p(8,144,143,142,141,150,151,152,153)
t(152,153,144)
t(144,143,142)
t(142,141,150)
t(150,151,152)
t(152,144,142)
t(142,150,152)
</p>

<p>
c(35,35,35)
outline()
n(0.589852,-0.065133,0.804880)
C(54.257778,27.371111,115.297778)
p(9,92,126,131,138,154,155,56,128,127)
t(126,92,127)
t(127,128,56)
t(56,155,154)
t(154,138,131)
t(131,126,127)
t(127,56,154)
t(154,131,127)
</p>

<p>
c(35,35,35)
outline()
n(-0.589852,-0.065133,0.804880)
C(-54.257778,27.371111,115.297778)
p(9,105,122,139,145,156,157,66,130,129)
t(129,105,122)
t(122,139,145)
t(156,157,66)
t(66,130,129)
t(129,122,145)
t(145,156,66)
t(66,129,145)
</p>

<p>
c(86,179,52)
outline()
n(-0.446421,-0.427981,0.785838)
C(-33.973333,6.903333,119.173333)
p(6,158,159,68,21,20,160)
t(159,158,160)
t(160,20,21)
t(21,68,159)
t(159,160,21)
</p>

<p>
c(86,179,52)
outline()
n(0.446421,-0.427981,0.785838)
C(33.973333,6.903333,119.173333)
p(6,161,162,58,33,16,163)
t(16,163,161)
t(162,58,33)
t(16,161,162)
t(162,33,16)
</p>

<p>
c(86,179,52)
outline()
n(0.276168,-0.571844,0.772480)
C(42.560000,7.387778,115.418889)
p(9,161,162,58,57,5,4,3,2,1)
t(162,161,1)
t(4,5,57)
t(162,1,2)
t(3,4,57)
t(58,162,2)
t(3,57,58)
t(58,2,3)
</p>

<p>
c(86,179,52)
outline()
n(-0.276168,-0.571844,0.772480)
C(-42.560000,7.387778,115.418889)
p(9,158,159,68,67,13,12,11,10,9)
t(10,9,158)
t(158,159,68)
t(67,13,12)
t(11,10,158)
t(68,67,12)
t(11,158,68)
t(68,12,11)
</p>

<p>
c(86,179,52)
outline()
n(0.724944,-0.439641,0.530257)
C(55.066667,6.721667,108.273333)
p(6,164,6,5,57,56,165)
t(6,164,165)
t(165,56,57)
t(57,5,6)
t(6,165,57)
</p>

<p>
c(86,179,52)
outline()
n(-0.724944,-0.439641,0.530257)
C(-55.066667,6.721667,108.273333)
p(6,166,14,13,67,66,167)
t(167,166,14)
t(14,13,67)
t(67,66,167)
t(167,14,67)
</p>

<p>
c(86,179,52)
outline()
n(0.000000,-0.613695,0.789543)
C(0.000000,2.180000,121.898333)
p(6,17,168,169,170,19,18)
t(168,17,18)
t(18,19,170)
t(169,168,18)
t(18,170,169)
</p>

<p>
c(206,255,189)
outline()
n(-0.163885,0.446917,-0.879435)
C(24.640000,2.725000,120.990000)
p(4,163,168,17,16)
t(17,16,163)
t(163,168,17)
</p>

<p>
c(206,255,189)
outline()
n(0.163885,0.446917,-0.879435)
C(-24.640000,2.725000,120.990000)
p(4,160,170,19,20)
t(170,160,20)
t(20,19,170)
</p>

<p>
c(206,255,189)
outline()
n(0.063477,-0.974936,0.213238)
C(28.672000,-4.578000,99.408000)
p(10,171,172,173,174,175,168,163,176,177,178)
t(172,171,178)
t(177,176,163)
t(163,168,175)
t(173,172,178)
t(178,177,163)
t(163,175,174)
t(174,173,178)
t(178,163,174)
</p>

<p>
c(206,255,189)
outline()
n(-0.063477,-0.974936,0.213238)
C(-28.672000,-4.578000,99.408000)
p(10,179,180,181,182,183,170,160,184,185,186)
t(186,179,180)
t(182,183,170)
t(170,160,184)
t(185,186,180)
t(182,170,184)
t(184,185,180)
t(181,182,184)
t(184,180,181)
</p>

<p>
c(86,179,52)
outline()
n(-0.000000,0.976501,-0.215513)
C(-0.000000,-5.945455,96.910909)
p(22,173,172,187,188,189,190,191,192,193,194,195,196,197,180,181,182,183,170,169,168,175,174)
t(175,174,173)
t(173,172,187)
t(187,188,189)
t(195,196,197)
t(197,180,181)
t(181,182,183)
t(183,170,169)
t(169,168,175)
t(175,173,187)
t(187,189,190)
t(194,195,197)
t(197,181,183)
t(183,169,175)
t(175,187,190)
t(194,197,183)
t(175,190,191)
t(193,194,183)
t(175,191,192)
t(192,193,183)
t(183,175,192)
</p>

<p>
c(86,179,52)
outline()
n(0.370110,-0.897573,0.239543)
C(36.337778,-4.723333,93.255556)
p(9,198,171,178,177,176,163,161,199,200)
t(171,198,200)
t(199,161,163)
t(176,177,178)
t(178,171,200)
t(199,163,176)
t(176,178,200)
t(200,199,176)
</p>

<p>
c(86,179,52)
outline()
n(-0.370110,-0.897573,0.239543)
C(-36.337778,-4.723333,93.255556)
p(9,201,179,186,185,184,160,158,202,203)
t(203,201,179)
t(179,186,185)
t(184,160,158)
t(202,203,179)
t(179,185,184)
t(184,158,202)
t(202,179,184)
</p>

<p>
c(86,179,52)
outline()
n(-0.000000,0.975424,-0.220336)
C(-0.000000,-7.085000,94.394000)
p(10,189,188,204,196,195,194,193,192,191,190)
t(191,190,189)
t(189,188,204)
t(204,196,195)
t(195,194,193)
t(193,192,191)
t(191,189,204)
t(204,195,193)
t(193,191,204)
</p>

<p>
c(86,179,52)
outline()
n(-0.637297,-0.767200,0.072501)
C(40.600000,-5.041250,90.333750)
p(8,161,1,0,205,206,198,200,199)
t(1,161,199)
t(199,200,198)
t(206,205,0)
t(0,1,199)
t(199,198,206)
t(206,0,199)
</p>

<p>
c(86,179,52)
outline()
n(0.637297,-0.767200,0.072501)
C(-40.600000,-5.041250,90.333750)
p(8,158,9,8,207,208,201,203,202)
t(202,158,9)
t(9,8,207)
t(208,201,203)
t(202,9,207)
t(207,208,203)
t(203,202,207)
</p>

<p>
c(86,179,52)
outline()
n(-0.107187,0.981925,-0.155992)
C(48.782222,-6.418889,84.414444)
p(9,198,206,205,0,7,6,209,210,211)
t(210,211,198)
t(198,206,205)
t(205,0,7)
t(7,6,209)
t(209,210,198)
t(198,205,7)
t(7,209,198)
</p>

<p>
c(86,179,52)
outline()
n(0.107187,0.981925,-0.155992)
C(-48.782222,-6.418889,84.414444)
p(9,201,208,207,8,15,14,212,213,214)
t(208,201,214)
t(214,213,212)
t(212,14,15)
t(15,8,207)
t(207,208,214)
t(214,212,15)
t(15,207,214)
</p>

<p>
c(86,179,52)
outline()
n(0.929923,0.348752,-0.116685)
C(-57.440000,-2.491429,82.995714)
p(7,14,212,213,215,216,217,166)
t(217,166,14)
t(14,212,213)
t(213,215,216)
t(216,217,14)
t(14,213,216)
</p>

<p>
c(86,179,52)
outline()
n(-0.929923,0.348752,-0.116685)
C(57.440000,-2.491429,82.995714)
p(7,6,209,210,218,219,220,164)
t(209,6,164)
t(220,219,218)
t(218,210,209)
t(209,164,220)
t(220,218,209)
</p>

<p>
c(35,35,35)
outline()
n(0.966815,-0.236025,0.097775)
C(60.032000,5.995000,93.631000)
p(10,155,221,222,223,224,219,220,164,165,56)
t(221,155,56)
t(56,165,164)
t(164,220,219)
t(219,224,223)
t(222,221,56)
t(164,219,223)
t(222,56,164)
t(164,223,222)
</p>

<p>
c(35,35,35)
outline()
n(-0.966815,-0.236025,0.097775)
C(-60.032000,5.995000,93.631000)
p(10,157,225,226,227,228,216,217,166,167,66)
t(167,66,157)
t(227,228,216)
t(216,217,166)
t(166,167,157)
t(226,227,216)
t(166,157,225)
t(226,216,166)
t(166,225,226)
</p>

<p>
c(35,35,35)
outline()
n(-0.974813,0.115097,0.191029)
C(60.368000,17.440000,60.713000)
p(10,219,224,229,230,231,232,233,234,235,236)
t(235,236,219)
t(219,224,229)
t(231,232,233)
t(234,235,219)
t(219,229,230)
t(230,231,233)
t(234,219,230)
t(230,233,234)
</p>

<p>
c(35,35,35)
outline()
n(-0.974813,-0.115097,-0.191029)
C(-60.368000,17.440000,60.713000)
p(10,216,228,237,238,239,240,241,242,243,244)
t(243,244,216)
t(216,228,237)
t(239,240,241)
t(242,243,216)
t(216,237,238)
t(238,239,241)
t(242,216,238)
t(238,241,242)
</p>

<p>
c(35,35,35)
outline()
n(-0.950780,-0.291456,0.105213)
C(58.720000,24.914286,110.090000)
p(7,155,154,138,137,149,245,246)
t(245,246,155)
t(155,154,138)
t(138,137,149)
t(245,155,138)
t(138,149,245)
</p>

<p>
c(35,35,35)
outline()
n(0.950780,-0.291456,0.105213)
C(-58.720000,24.914286,110.090000)
p(7,157,156,145,144,153,247,248)
t(156,157,248)
t(247,153,144)
t(144,145,156)
t(156,248,247)
t(247,144,156)
</p>

<p>
c(35,35,35)
outline()
n(1.000000,0.000000,0.000000)
C(61.600000,7.993333,92.044444)
p(9,155,246,249,250,251,224,223,222,221)
t(246,155,221)
t(221,222,223)
t(223,224,251)
t(249,246,221)
t(223,251,250)
t(249,221,223)
t(223,250,249)
</p>

<p>
c(35,35,35)
outline()
n(1.000000,0.000000,0.000000)
C(-61.600000,7.993333,92.044444)
p(9,157,248,252,253,254,228,227,226,225)
t(248,157,225)
t(225,226,227)
t(227,228,254)
t(252,248,225)
t(227,254,253)
t(252,225,227)
t(227,253,252)
</p>

<p>
c(35,35,35)
outline()
n(-0.994777,-0.075096,-0.069133)
C(61.376000,18.857000,63.220000)
p(10,255,232,231,230,229,224,251,256,257,258)
t(258,255,232)
t(232,231,230)
t(230,229,224)
t(224,251,256)
t(257,258,232)
t(230,224,256)
t(257,232,230)
t(230,256,257)
</p>

<p>
c(35,35,35)
outline()
n(0.994777,-0.075096,-0.069133)
C(-61.376000,18.857000,63.220000)
p(10,259,240,239,238,237,228,254,260,261,262)
t(240,259,262)
t(260,254,228)
t(228,237,238)
t(238,239,240)
t(240,262,261)
t(260,228,238)
t(238,240,261)
t(261,260,238)
</p>

<p>
c(35,35,35)
outline()
n(1.000000,0.000000,0.000000)
C(60.480000,35.425000,57.770000)
p(4,232,255,263,264)
t(255,232,264)
t(264,263,255)
</p>

<p>
c(35,35,35)
outline()
n(1.000000,0.000000,0.000000)
C(-60.480000,35.425000,57.770000)
p(4,240,259,265,266)
t(259,240,266)
t(266,265,259)
</p>

<p>
c(86,179,52)
outline()
n(1.000000,0.000000,0.000000)
C(58.240000,-3.924000,57.116000)
p(5,267,268,269,270,218)
t(270,218,267)
t(267,268,269)
t(269,270,267)
</p>

<p>
c(86,179,52)
outline()
n(-0.999882,0.012005,0.009635)
C(59.010000,7.221250,55.862500)
p(16,218,270,271,272,273,274,268,267,275,276,277,233,234,235,236,219)
t(270,218,219)
t(235,234,233)
t(233,277,276)
t(275,267,268)
t(273,272,271)
t(271,270,219)
t(235,233,276)
t(275,268,274)
t(273,271,219)
t(236,235,276)
t(276,275,274)
t(273,219,236)
t(236,276,274)
t(274,273,236)
</p>

<p>
c(86,179,52)
outline()
n(1.000000,0.000000,0.000000)
C(-58.240000,-3.924000,57.116000)
p(5,278,279,280,281,215)
t(281,215,278)
t(278,279,280)
t(280,281,278)
</p>

<p>
c(86,179,52)
outline()
n(-0.999882,-0.012005,-0.009635)
C(-59.010000,7.221250,55.862500)
p(16,215,281,282,283,284,285,279,278,286,287,288,241,242,243,244,216)
t(281,215,216)
t(243,242,241)
t(241,288,287)
t(286,278,279)
t(282,281,216)
t(243,241,287)
t(286,279,285)
t(283,282,216)
t(244,243,287)
t(287,286,285)
t(284,283,216)
t(244,287,285)
t(284,216,244)
t(244,285,284)
</p>

<p>
c(86,179,52)
outline()
n(-0.959279,-0.282342,0.008146)
C(-57.680000,-6.812500,55.317500)
p(4,213,215,278,289)
t(278,289,213)
t(213,215,278)
</p>

<p>
c(86,179,52)
outline()
n(-0.959279,0.282342,-0.008146)
C(57.680000,-6.812500,55.317500)
p(4,210,218,267,290)
t(267,290,210)
t(210,218,267)
</p>

<p>
c(25,25,25)
outline()
n(-0.946047,0.324028,0.000000)
C(58.800000,-1.635000,60.767500)
p(4,270,271,272,269)
t(272,269,270)
t(270,271,272)
</p>

<p>
c(200,100,0)
outline()
n(-0.942429,0.331007,-0.047563)
C(58.912000,-1.526000,53.192000)
p(5,268,269,272,273,274)
t(273,274,268)
t(268,269,272)
t(272,273,268)
</p>

<p>
c(25,25,25)
outline()
n(-0.946047,-0.324028,-0.000000)
C(-58.800000,-1.635000,60.767500)
p(4,281,282,283,280)
t(283,280,281)
t(281,282,283)
</p>

<p>
c(200,100,0)
outline()
n(-0.942429,-0.331007,0.047563)
C(-58.912000,-1.526000,53.192000)
p(5,279,280,283,284,285)
t(284,285,279)
t(279,280,283)
t(283,284,279)
</p>

<p>
c(86,179,52)
outline()
n(0.303570,-0.952001,0.039246)
C(53.946667,-9.991667,50.140000)
p(6,291,211,210,290,292,293)
t(211,291,293)
t(293,292,290)
t(290,210,211)
t(211,293,290)
</p>

<p>
c(86,179,52)
outline()
n(-0.303570,-0.952001,0.039246)
C(-53.946667,-9.991667,50.140000)
p(6,294,214,213,289,295,296)
t(296,294,214)
t(214,213,289)
t(289,295,296)
t(296,214,289)
</p>

<p>
c(86,179,52)
outline()
n(0.000000,1.000000,0.000000)
C(0.000000,-11.990000,66.490000)
p(6,204,188,297,298,299,196)
t(299,196,204)
t(204,188,297)
t(298,299,204)
t(204,297,298)
</p>

<p>
c(86,179,52)
outline()
n(-0.041870,0.997867,-0.050090)
C(24.640000,-11.600714,63.998571)
p(14,300,297,188,187,172,171,301,302,303,304,305,306,307,308)
t(307,308,300)
t(188,187,172)
t(172,171,301)
t(301,302,303)
t(306,307,300)
t(188,172,301)
t(305,306,300)
t(188,301,303)
t(305,300,297)
t(188,303,304)
t(304,305,297)
t(297,188,304)
</p>

<p>
c(86,179,52)
outline()
n(0.041870,0.997867,-0.050090)
C(-24.640000,-11.600714,63.998571)
p(14,309,299,196,197,180,179,310,311,312,313,314,315,316,317)
t(309,317,316)
t(312,311,310)
t(310,179,180)
t(180,197,196)
t(309,316,315)
t(312,310,180)
t(299,309,315)
t(313,312,180)
t(299,315,314)
t(313,180,196)
t(196,299,314)
t(314,313,196)
</p>

<p>
c(35,35,35)
outline()
n(-0.045665,0.998824,-0.016278)
C(28.000000,-11.445000,62.947500)
p(8,306,305,304,303,302,301,318,307)
t(318,307,306)
t(306,305,304)
t(304,303,302)
t(302,301,318)
t(318,306,304)
t(304,302,318)
</p>

<p>
c(35,35,35)
outline()
n(0.045665,0.998824,-0.016278)
C(-28.000000,-11.445000,62.947500)
p(8,315,314,313,312,311,310,319,316)
t(315,316,319)
t(319,310,311)
t(311,312,313)
t(313,314,315)
t(315,319,311)
t(311,313,315)
</p>

<p>
c(86,179,52)
outline()
n(0.102029,0.990897,-0.087829)
C(-43.260000,-10.763750,58.860000)
p(8,317,294,214,201,179,310,319,316)
t(319,316,317)
t(317,294,214)
t(201,179,310)
t(319,317,214)
t(201,310,319)
t(319,214,201)
</p>

<p>
c(86,179,52)
outline()
n(-0.102029,0.990897,-0.087829)
C(43.260000,-10.763750,58.860000)
p(8,308,291,211,198,171,301,318,307)
t(291,308,307)
t(301,171,198)
t(198,211,291)
t(291,307,318)
t(318,301,198)
t(198,291,318)
</p>

<p>
c(86,179,52)
outline()
n(0.647439,-0.762096,0.005699)
C(55.104000,-10.464000,-4.796000)
p(5,290,320,321,322,292)
t(320,290,292)
t(292,322,321)
t(321,320,292)
</p>

<p>
c(86,179,52)
outline()
n(-0.647439,-0.762096,0.005699)
C(-55.104000,-10.464000,-4.796000)
p(5,289,323,324,325,295)
t(325,295,289)
t(289,323,324)
t(324,325,289)
</p>

<p>
c(86,179,52)
outline()
n(0.999756,-0.022069,0.000040)
C(58.464000,7.521000,3.924000)
p(10,326,327,328,329,320,290,267,275,276,277)
t(327,326,277)
t(277,276,275)
t(275,267,290)
t(290,320,329)
t(329,328,327)
t(327,277,275)
t(275,290,329)
t(329,327,275)
</p>

<p>
c(86,179,52)
outline()
n(0.999756,0.022069,-0.000040)
C(-58.464000,7.521000,3.924000)
p(10,330,331,332,333,323,289,278,286,287,288)
t(331,330,288)
t(288,287,286)
t(286,278,289)
t(289,323,333)
t(333,332,331)
t(331,288,286)
t(286,289,333)
t(333,331,286)
</p>

<p>
c(86,179,52)
outline()
n(0.535956,-0.844135,-0.013686)
C(53.760000,-11.211429,-71.005714)
p(7,334,335,336,321,320,337,338)
t(335,334,338)
t(338,337,320)
t(320,321,336)
t(336,335,338)
t(338,320,336)
</p>

<p>
c(86,179,52)
outline()
n(-0.535956,-0.844135,-0.013686)
C(-53.760000,-11.211429,-71.005714)
p(7,339,340,341,324,323,342,343)
t(342,343,339)
t(341,324,323)
t(323,342,339)
t(340,341,323)
t(323,339,340)
</p>

<p>
c(86,179,52)
outline()
n(0.999106,-0.040399,-0.012448)
C(58.090667,6.394667,-72.812000)
p(15,344,345,346,347,348,349,350,351,338,337,320,329,328,327,326)
t(345,344,326)
t(329,320,337)
t(337,338,351)
t(351,350,349)
t(346,345,326)
t(328,329,337)
t(337,351,349)
t(347,346,326)
t(327,328,337)
t(337,349,348)
t(347,326,327)
t(337,348,347)
t(347,327,337)
</p>

<p>
c(86,179,52)
outline()
n(-0.999106,-0.040399,-0.012448)
C(-58.090667,6.394667,-72.812000)
p(15,352,353,354,355,356,357,358,359,343,342,323,333,332,331,330)
t(331,330,352)
t(357,358,359)
t(359,343,342)
t(342,323,333)
t(332,331,352)
t(356,357,359)
t(359,342,333)
t(333,332,352)
t(355,356,359)
t(333,352,353)
t(355,359,333)
t(333,353,354)
t(354,355,333)
</p>

<p>
c(35,35,35)
outline()
n(-0.845014,0.508214,-0.166343)
C(45.600000,-26.938571,28.340000)
p(7,293,292,360,361,362,363,291)
t(363,291,293)
t(293,292,360)
t(360,361,362)
t(362,363,293)
t(293,360,362)
</p>

<p>
c(35,35,35)
outline()
n(0.845014,0.508214,-0.166343)
C(-45.600000,-26.938571,28.340000)
p(7,296,295,364,365,366,367,294)
t(295,296,294)
t(294,367,366)
t(366,365,364)
t(364,295,294)
t(294,366,364)
</p>

<p>
c(35,35,35)
outline()
n(-0.897998,0.439960,0.005932)
C(45.920000,-28.203750,-17.848750)
p(8,361,360,368,369,322,321,336,370)
t(361,360,368)
t(369,322,321)
t(321,336,370)
t(370,361,368)
t(369,321,370)
t(370,368,369)
</p>

<p>
c(35,35,35)
outline()
n(0.897998,0.439960,0.005932)
C(-45.920000,-28.203750,-17.848750)
p(8,365,371,341,324,325,372,373,364)
t(373,364,365)
t(371,341,324)
t(324,325,372)
t(372,373,365)
t(371,324,372)
t(372,365,371)
</p>

<p>
c(35,35,35)
outline()
n(-0.902681,0.429912,0.018517)
C(44.160000,-30.675714,-60.728571)
p(7,374,375,376,370,336,377,378)
t(378,374,375)
t(370,336,377)
t(378,375,376)
t(370,377,378)
t(378,376,370)
</p>

<p>
c(35,35,35)
outline()
n(0.902681,0.429912,0.018517)
C(-44.160000,-30.675714,-60.728571)
p(7,379,380,381,341,371,382,383)
t(382,383,379)
t(380,381,341)
t(371,382,379)
t(380,341,371)
t(371,379,380)
</p>

<p>
c(35,35,35)
outline()
n(-0.931173,0.353936,0.087442)
C(47.786667,-19.135556,-80.296667)
p(9,335,334,384,375,374,385,386,377,336)
t(377,336,335)
t(335,334,384)
t(384,375,374)
t(386,377,335)
t(384,374,385)
t(385,386,335)
t(335,384,385)
</p>

<p>
c(35,35,35)
outline()
n(0.931173,0.353936,0.087442)
C(-47.786667,-19.135556,-80.296667)
p(9,340,341,381,387,388,379,383,389,339)
t(389,339,340)
t(340,341,381)
t(388,379,383)
t(340,381,387)
t(388,383,389)
t(389,340,387)
t(387,388,389)
</p>

<p>
c(206,255,189)
outline()
n(-0.000000,0.949797,-0.312866)
C(0.000000,-42.276429,21.488571)
p(14,362,390,391,392,393,394,366,367,395,396,397,398,399,363)
t(399,363,362)
t(362,390,391)
t(393,394,366)
t(366,367,395)
t(395,396,397)
t(397,398,399)
t(399,362,391)
t(392,393,366)
t(366,395,397)
t(397,399,391)
t(392,366,397)
t(397,391,392)
</p>

<p>
c(206,255,189)
outline()
n(0.632399,-0.774257,-0.024437)
C(37.706667,-41.177778,-42.631111)
p(9,362,361,370,376,375,400,401,402,390)
t(361,362,390)
t(402,401,400)
t(400,375,376)
t(376,370,361)
t(361,390,402)
t(402,400,376)
t(376,361,402)
</p>

<p>
c(206,255,189)
outline()
n(-0.632399,-0.774257,-0.024437)
C(-37.706667,-41.177778,-42.631111)
p(9,366,365,371,382,383,403,404,405,394)
t(405,394,366)
t(365,371,382)
t(382,383,403)
t(403,404,405)
t(405,366,365)
t(365,382,403)
t(403,405,365)
</p>

<p>
c(206,255,189)
outline()
n(-0.103195,-0.888941,-0.446245)
C(-16.551111,-41.904444,-92.165556)
p(9,406,407,408,409,403,404,410,411,412)
t(407,406,412)
t(411,410,404)
t(404,403,409)
t(409,408,407)
t(407,412,411)
t(411,404,409)
t(409,407,411)
</p>

<p>
c(206,255,189)
outline()
n(0.103195,-0.888941,-0.446245)
C(16.551111,-41.904444,-92.165556)
p(9,406,413,414,415,400,401,416,417,412)
t(417,412,406)
t(413,414,415)
t(415,400,401)
t(401,416,417)
t(417,406,413)
t(413,415,401)
t(401,417,413)
</p>

<p>
c(206,255,189)
outline()
n(-0.000000,-0.999815,-0.019260)
C(0.000000,-44.612143,-43.833571)
p(14,391,390,402,401,416,417,412,411,410,404,405,394,393,392)
t(390,391,392)
t(392,393,394)
t(394,405,404)
t(410,411,412)
t(412,417,416)
t(416,401,402)
t(402,390,392)
t(392,394,404)
t(410,412,416)
t(416,402,392)
t(392,404,410)
t(410,416,392)
</p>

<p>
c(130,0,0)
light()
outline()
n(0.000000,-0.496139,-0.868243)
C(0.000000,-40.511667,-96.646667)
p(6,413,414,418,408,407,406)
t(414,413,406)
t(406,407,408)
t(408,418,414)
t(414,406,408)
</p>

<p>
c(35,35,35)
outline()
n(0.152554,-0.539196,-0.828248)
C(19.973333,-26.402222,-103.428889)
p(18,419,418,414,415,400,375,384,420,421,422,423,424,425,426,427,428,429,430)
t(418,419,430)
t(430,429,428)
t(425,424,423)
t(422,421,420)
t(420,384,375)
t(414,418,430)
t(425,423,422)
t(420,375,400)
t(415,414,430)
t(426,425,422)
t(400,415,430)
t(426,422,420)
t(400,430,428)
t(427,426,420)
t(420,400,428)
t(428,427,420)
</p>

<p>
c(35,35,35)
outline()
n(0.152554,0.539196,0.828248)
C(-19.973333,-26.402222,-103.428889)
p(18,431,423,422,432,433,389,383,403,409,408,418,419,434,435,436,437,438,439)
t(439,431,423)
t(422,432,433)
t(433,389,383)
t(408,418,419)
t(434,435,436)
t(439,423,422)
t(433,383,403)
t(409,408,419)
t(419,434,436)
t(438,439,422)
t(403,409,419)
t(438,422,433)
t(403,419,436)
t(437,438,433)
t(433,403,436)
t(436,437,433)
</p>

<p>
c(86,179,52)
outline()
n(0.202492,-0.909849,-0.362177)
C(46.720000,-11.211429,-108.688571)
p(7,334,338,440,441,442,420,384)
t(338,334,384)
t(384,420,442)
t(441,440,338)
t(384,442,441)
t(441,338,384)
</p>

<p>
c(86,179,52)
outline()
n(0.202492,0.909849,0.362177)
C(-46.720000,-11.211429,-108.688571)
p(7,339,343,443,444,445,433,389)
t(343,339,389)
t(389,433,445)
t(444,443,343)
t(343,389,445)
t(445,444,343)
</p>

<p>
c(86,179,52)
outline()
n(0.000000,0.940272,0.340425)
C(-0.000000,-11.445000,-113.687000)
p(10,420,442,446,447,448,445,433,432,422,421)
t(421,420,442)
t(442,446,447)
t(447,448,445)
t(445,433,432)
t(422,421,442)
t(442,447,445)
t(445,432,422)
t(422,442,445)
</p>

<p>
c(86,179,52)
outline()
n(-0.334909,0.278150,0.900260)
C(47.670000,0.681250,-115.608125)
p(16,338,351,350,449,450,451,452,442,441,453,454,455,456,457,458,440)
t(458,440,338)
t(338,351,350)
t(350,449,450)
t(452,442,441)
t(457,458,338)
t(451,452,441)
t(457,338,350)
t(450,451,441)
t(456,457,350)
t(450,441,453)
t(455,456,350)
t(450,453,454)
t(455,350,450)
t(450,454,455)
</p>

<p>
c(86,179,52)
outline()
n(-0.334909,-0.278150,-0.900260)
C(-47.670000,0.681250,-115.608125)
p(16,343,359,358,459,460,461,462,445,444,463,464,465,466,467,468,443)
t(468,443,343)
t(343,359,358)
t(358,459,460)
t(462,445,444)
t(467,468,343)
t(461,462,444)
t(467,343,358)
t(460,461,444)
t(466,467,358)
t(460,444,463)
t(465,466,358)
t(460,463,464)
t(465,358,460)
t(460,464,465)
</p>

<p>
c(140,0,0)
light()
outline()
n(-0.300714,0.284835,0.910187)
C(47.460000,0.136250,-115.948750)
p(8,441,440,458,457,456,455,454,453)
t(454,453,441)
t(441,440,458)
t(458,457,456)
t(456,455,454)
t(454,441,458)
t(458,456,454)
</p>

<p>
c(140,0,0)
light()
outline()
n(0.300714,0.284835,0.910187)
C(-47.460000,0.136250,-115.948750)
p(8,444,443,468,467,466,465,464,463)
t(443,444,463)
t(463,464,465)
t(465,466,467)
t(467,468,443)
t(443,463,465)
t(465,467,443)
</p>

<p>
c(35,35,35)
outline()
n(0.999863,-0.015273,-0.006339)
C(59.024000,34.662000,-2.507000)
p(10,277,233,232,264,469,470,471,472,344,326)
t(233,277,326)
t(344,472,471)
t(469,264,232)
t(232,233,326)
t(326,344,471)
t(470,469,232)
t(232,326,471)
t(471,470,232)
</p>

<p>
c(35,35,35)
outline()
n(-0.999863,-0.015273,-0.006339)
C(-59.024000,34.662000,-2.507000)
p(10,288,241,240,266,473,474,475,476,352,330)
t(352,330,288)
t(288,241,240)
t(240,266,473)
t(474,475,476)
t(352,288,240)
t(240,473,474)
t(474,476,352)
t(352,240,474)
</p>

<p>
c(35,35,35)
outline()
n(-0.981166,0.062974,-0.182612)
C(59.780000,17.167500,-69.351250)
p(8,344,472,477,478,479,347,346,345)
t(346,345,344)
t(344,472,477)
t(478,479,347)
t(346,344,477)
t(477,478,347)
t(347,346,477)
</p>

<p>
c(35,35,35)
outline()
n(0.981166,0.062974,-0.182612)
C(-59.780000,17.167500,-69.351250)
p(8,352,476,480,481,482,355,354,353)
t(476,352,353)
t(353,354,355)
t(355,482,481)
t(480,476,353)
t(353,355,481)
t(481,480,353)
</p>

<p>
c(35,35,35)
outline()
n(-0.964682,0.253622,0.071166)
C(60.340000,6.403750,-97.418750)
p(8,347,479,483,484,485,350,349,348)
t(349,348,347)
t(347,479,483)
t(484,485,350)
t(349,347,483)
t(484,350,349)
t(349,483,484)
</p>

<p>
c(35,35,35)
outline()
n(0.964682,0.253622,0.071166)
C(-60.340000,6.403750,-97.418750)
p(8,355,482,486,487,488,358,357,356)
t(482,355,356)
t(356,357,358)
t(358,488,487)
t(486,482,356)
t(356,358,487)
t(487,486,356)
</p>

<p>
c(35,35,35)
outline()
n(-0.526785,0.160645,0.834680)
C(57.920000,22.578571,-117.408571)
p(7,489,490,491,350,485,492,493)
t(492,493,489)
t(489,490,491)
t(491,350,485)
t(485,492,489)
t(489,491,485)
</p>

<p>
c(35,35,35)
outline()
n(0.526785,0.160645,0.834680)
C(-57.920000,22.578571,-117.408571)
p(7,494,495,496,358,488,497,498)
t(495,494,498)
t(497,488,358)
t(496,495,498)
t(498,497,358)
t(358,496,498)
</p>

<p>
c(35,35,35)
outline()
n(1.000000,0.000000,0.000000)
C(59.360000,35.970000,-65.127500)
p(4,472,471,499,500)
t(471,472,500)
t(500,499,471)
</p>

<p>
c(35,35,35)
outline()
n(1.000000,0.000000,0.000000)
C(-59.360000,35.970000,-65.127500)
p(4,476,475,501,502)
t(475,476,502)
t(502,501,475)
</p>

<p>
c(35,35,35)
outline()
n(-0.996481,-0.083646,-0.005306)
C(61.120000,14.637143,-84.475000)
p(14,477,472,500,503,504,505,506,507,508,485,484,483,479,478)
t(479,478,477)
t(477,472,500)
t(507,508,485)
t(484,483,479)
t(477,500,503)
t(507,485,484)
t(477,503,504)
t(506,507,484)
t(479,477,504)
t(506,484,479)
t(479,504,505)
t(505,506,479)
</p>

<p>
c(35,35,35)
outline()
n(0.996481,-0.083646,-0.005306)
C(-61.120000,14.637143,-84.475000)
p(14,480,476,502,509,510,511,512,513,514,488,487,486,482,481)
t(476,480,481)
t(482,486,487)
t(487,488,514)
t(509,502,476)
t(487,514,513)
t(509,476,481)
t(482,487,513)
t(510,509,481)
t(482,513,512)
t(511,510,481)
t(482,512,511)
t(511,481,482)
</p>

<p>
c(35,35,35)
outline()
n(0.447738,0.433572,0.782014)
C(59.220000,24.797500,-115.676250)
p(8,485,508,515,516,517,489,493,492)
t(508,485,492)
t(493,489,517)
t(515,508,492)
t(493,517,516)
t(516,515,492)
t(492,493,516)
</p>

<p>
c(35,35,35)
outline()
n(-0.447738,0.433572,0.782014)
C(-59.220000,24.797500,-115.676250)
p(8,488,514,518,519,520,494,498,497)
t(497,488,514)
t(519,520,494)
t(497,514,518)
t(519,494,498)
t(498,497,518)
t(518,519,498)
</p>

<p>
c(86,179,52)
outline()
n(-0.069013,0.232417,0.970165)
C(20.860000,1.430625,-120.376875)
p(16,442,452,451,450,521,522,523,524,525,526,527,528,529,530,447,446)
t(446,442,452)
t(452,451,450)
t(450,521,522)
t(522,523,524)
t(529,530,447)
t(447,446,452)
t(452,450,522)
t(522,524,525)
t(529,447,452)
t(522,525,526)
t(528,529,452)
t(452,522,526)
t(527,528,452)
t(452,526,527)
</p>

<p>
c(86,179,52)
outline()
n(0.069013,0.232417,0.970165)
C(-20.860000,1.430625,-120.376875)
p(16,445,462,461,460,531,532,523,524,533,534,535,536,537,530,447,448)
t(462,445,448)
t(448,447,530)
t(533,524,523)
t(523,532,531)
t(531,460,461)
t(461,462,448)
t(448,530,537)
t(534,533,523)
t(523,531,461)
t(448,537,536)
t(534,523,461)
t(461,448,536)
t(535,534,461)
t(461,536,535)
</p>

<p>
c(180,180,180)
outline()
n(0.000000,0.589063,0.808087)
C(-0.000000,-6.403750,-120.717500)
p(8,529,528,538,539,540,536,537,530)
t(537,530,529)
t(529,528,538)
t(539,540,536)
t(536,537,529)
t(529,538,539)
t(539,536,529)
</p>

<p>
c(180,180,180)
outline()
n(0.000000,-1.000000,0.000000)
C(0.000000,-5.450000,-120.308750)
p(8,528,541,542,543,536,540,539,538)
t(539,538,528)
t(528,541,542)
t(542,543,536)
t(536,540,539)
t(539,528,542)
t(542,536,539)
</p>

<p>
c(86,179,52)
outline()
n(0.105896,0.264156,0.958649)
C(20.960000,0.934286,-120.834286)
p(7,528,527,526,525,544,545,541)
t(545,541,528)
t(528,527,526)
t(526,525,544)
t(544,545,528)
t(528,526,544)
</p>

<p>
c(86,179,52)
outline()
n(-0.105896,0.264156,0.958649)
C(-20.960000,0.934286,-120.834286)
p(7,536,535,534,533,546,547,543)
t(536,543,547)
t(546,533,534)
t(534,535,536)
t(536,547,546)
t(546,534,536)
</p>

<p>
c(86,179,52)
outline()
n(0.000000,0.279369,0.960184)
C(0.000000,0.000000,-120.445000)
p(18,541,545,544,525,524,533,546,547,543,542,548,549,550,551,552,553,548,542)
t(553,549,547)
t(547,543,541)
t(541,545,544)
t(544,525,533)
t(533,546,547)
t(547,549,550)
t(553,547,541)
t(533,547,550)
t(553,541,544)
t(544,533,550)
t(552,553,544)
t(544,550,551)
t(551,552,544)
</p>

<p>
c(223,207,26)
outline()
n(0.000000,-0.219388,-0.975638)
C(0.000000,0.000000,-120.626667)
p(6,553,552,551,550,549,548)
t(552,553,548)
t(548,549,550)
t(550,551,552)
t(552,548,550)
</p>

<p>
c(86,179,52)
outline()
n(-0.061035,0.808821,0.584878)
C(31.136000,13.298000,-121.753000)
p(10,450,449,350,554,555,556,557,523,522,521)
t(521,450,449)
t(449,350,554)
t(554,555,556)
t(556,557,523)
t(521,449,554)
t(556,523,522)
t(522,521,554)
t(554,556,522)
</p>

<p>
c(86,179,52)
outline()
n(0.061035,0.808821,0.584878)
C(-31.136000,13.298000,-121.753000)
p(10,460,459,358,558,559,560,557,523,532,531)
t(459,460,531)
t(532,523,557)
t(557,560,559)
t(559,558,358)
t(531,532,557)
t(559,358,459)
t(531,557,559)
t(559,459,531)
</p>

<p>
c(86,179,52)
outline()
n(0.763832,-0.055714,-0.643006)
C(55.552000,18.748000,-119.246000)
p(5,350,491,490,561,554)
t(491,350,554)
t(554,561,490)
t(490,491,554)
</p>

<p>
c(86,179,52)
outline()
n(-0.763832,-0.055714,-0.643006)
C(-55.552000,18.748000,-119.246000)
p(5,358,496,495,562,558)
t(562,558,358)
t(496,495,562)
t(562,358,496)
</p>

<p>
c(86,179,52)
outline()
n(0.000000,-0.973396,0.229131)
C(-0.000000,16.955556,-123.533333)
p(18,561,563,564,565,566,567,568,569,570,571,562,558,559,560,557,556,555,554)
t(561,563,564)
t(570,571,562)
t(558,559,560)
t(556,555,554)
t(554,561,564)
t(570,562,558)
t(560,567,568)
t(558,560,568)
t(567,560,557)
t(566,567,557)
t(566,557,556)
t(565,566,556)
</p>

<p>
c(86,179,52)
outline()
n(0.000000,-0.335044,-0.942203)
C(0.000000,25.796667,-123.412222)
p(18,561,490,572,573,574,575,576,495,562,571,577,578,579,580,581,582,583,563)
t(490,561,563)
t(583,582,581)
t(579,578,577)
t(577,571,562)
t(562,495,576)
t(576,575,574)
t(574,573,572)
t(572,490,563)
t(577,562,576)
t(576,574,572)
t(572,563,583)
t(579,577,576)
t(576,572,583)
t(580,579,576)
t(576,583,581)
t(581,580,576)
</p>

<p>
c(86,179,52)
outline()
n(-0.000000,0.015370,0.999882)
C(-0.000000,21.050625,-124.123750)
p(16,563,583,582,581,580,579,578,577,571,570,569,568,567,566,565,564)
t(565,564,563)
t(563,583,582)
t(582,581,580)
t(580,579,578)
t(578,577,571)
t(571,570,569)
t(566,565,563)
t(563,582,580)
t(580,578,571)
t(571,569,568)
t(567,566,563)
t(563,580,571)
t(571,568,567)
t(567,563,571)
</p>

<p>
c(35,35,35)
outline()
n(0.000000,0.880130,0.474734)
C(0.000000,32.466429,-124.493571)
p(14,494,495,576,575,574,573,572,490,489,584,585,586,587,588)
t(587,588,494)
t(494,495,576)
t(572,490,489)
t(489,584,585)
t(586,587,494)
t(494,576,575)
t(573,572,489)
t(489,585,586)
t(586,494,575)
t(573,489,586)
t(586,575,574)
t(574,573,586)
</p>

<p>
glass()
outline()
n(-0.000000,-0.753399,0.657563)
C(0.000000,-24.252500,43.531875)
p(16,300,308,291,363,399,398,397,396,395,367,294,317,309,299,298,297)
t(308,300,297)
t(298,299,309)
t(309,317,294)
t(294,367,395)
t(399,363,291)
t(291,308,297)
t(297,298,309)
t(309,294,395)
t(398,399,291)
t(291,297,309)
t(309,395,396)
t(397,398,291)
t(291,309,396)
t(396,397,291)
</p>

<p>
glass()
outline()
n(-0.904029,0.427466,-0.002281)
C(46.592000,-26.596000,-0.436000)
p(5,369,368,360,292,322)
t(292,322,369)
t(369,368,360)
t(360,292,369)
</p>

<p>
glass()
outline()
n(-0.904029,-0.427466,0.002281)
C(-46.592000,-26.596000,-0.436000)
p(5,372,325,295,364,373)
t(325,372,373)
t(373,364,295)
t(295,325,373)
</p>

<p>
glass()
outline()
n(-0.912010,0.409085,0.029791)
C(47.040000,-23.326000,-70.196000)
p(5,386,385,374,378,377)
t(378,377,386)
t(386,385,374)
t(374,378,386)
</p>

<p>
glass()
outline()
n(-0.912010,-0.409085,-0.029791)
C(-47.040000,-23.326000,-70.196000)
p(5,387,381,380,379,388)
t(381,387,388)
t(388,379,380)
t(380,381,388)
</p>

<p>
glass()
outline()
n(-0.000000,0.566221,0.824253)
C(0.000000,-24.933750,-105.185000)
p(16,424,423,431,439,438,437,436,435,434,419,430,429,428,427,426,425)
t(426,425,424)
t(431,439,438)
t(438,437,436)
t(435,434,419)
t(419,430,429)
t(429,428,427)
t(427,426,424)
t(431,438,436)
t(419,429,427)
t(423,431,436)
t(435,419,427)
t(424,423,436)
t(436,435,427)
t(427,424,436)
</p>

<p>
c(45,45,45)
outline()
n(-0.000000,0.999954,0.009543)
C(0.000000,40.230909,106.621818)
p(11,133,132,140,141,150,151,589,590,147,146,134)
t(132,133,134)
t(146,147,590)
t(590,589,151)
t(150,141,140)
t(140,132,134)
t(590,151,150)
t(150,140,134)
t(146,590,150)
t(150,134,146)
</p>

<p>
c(45,45,45)
outline()
n(0.000000,1.000000,0.000000)
C(0.000000,40.330000,-4.223750)
p(16,264,263,590,589,265,266,473,474,475,501,591,592,499,471,470,469)
t(263,264,469)
t(470,471,499)
t(591,501,475)
t(473,266,265)
t(590,263,469)
t(470,499,592)
t(592,591,475)
t(473,265,589)
t(589,590,469)
t(469,470,592)
t(592,475,474)
t(474,473,589)
t(589,469,592)
t(592,474,589)
</p>

<p>
c(45,45,45)
outline()
n(0.000000,0.994618,-0.103606)
C(0.000000,37.060000,-96.792000)
p(5,593,592,591,594,595)
t(592,593,595)
t(595,594,591)
t(591,592,595)
</p>

<p>
c(45,45,45)
outline()
n(0.000000,0.999823,0.018828)
C(0.000000,34.698333,-122.080000)
p(12,517,593,595,594,520,494,588,587,586,585,584,489)
t(593,517,489)
t(489,584,585)
t(586,587,588)
t(588,494,520)
t(595,593,489)
t(489,585,586)
t(586,588,520)
t(594,595,489)
t(489,586,520)
t(520,594,489)
</p>

