v(0.000000,0.000000,-2240.000000)
v(0.000000,0.000000,-2800.000000)
v(700.000000,0.000000,-2800.000000)
v(700.000000,0.000000,-2240.000000)
v(-700.000000,0.000000,-2240.000000)
v(-700.000000,0.000000,-2800.000000)
v(0.000000,0.000000,-1680.000000)
v(700.000000,0.000000,-1680.000000)
v(-700.000000,0.000000,-1680.000000)
v(0.000000,0.000000,-1120.000000)
v(700.000000,0.000000,-1120.000000)
v(-700.000000,0.000000,-1120.000000)
v(-700.000000,0.000000,-560.000000)
v(0.000000,0.000000,-560.000000)
v(700.000000,0.000000,-560.000000)
v(-700.000000,0.000000,0.000000)
v(0.000000,0.000000,0.000000)
v(700.000000,0.000000,0.000000)
v(-700.000000,0.000000,560.000000)
v(0.000000,0.000000,560.000000)
v(700.000000,0.000000,560.000000)
v(-700.000000,0.000000,1120.000000)
v(0.000000,0.000000,1120.000000)
v(700.000000,0.000000,1120.000000)
v(-700.000000,0.000000,1680.000000)
v(0.000000,0.000000,1680.000000)
v(700.000000,0.000000,1680.000000)
v(-700.000000,0.000000,2240.000000)
v(0.000000,0.000000,2240.000000)
v(700.000000,0.000000,2240.000000)
v(-700.000000,0.000000,2800.000000)
v(0.000000,0.000000,2800.000000)
v(700.000000,0.000000,2800.000000)
v(840.000000,0.000000,-2800.000000)
v(840.000000,-70.000000,-2800.000000)
v(700.000000,-70.000000,-2800.000000)
v(840.000000,-70.000000,-2100.000000)
v(700.000000,-70.000000,-2100.000000)
v(840.000000,0.000000,-2100.000000)
v(700.000000,0.000000,-2100.000000)
v(840.000000,-70.000000,-1400.000000)
v(700.000000,-70.000000,-1400.000000)
v(840.000000,0.000000,-1400.000000)
v(700.000000,0.000000,-1400.000000)
v(840.000000,-70.000000,-700.000000)
v(700.000000,-70.000000,-700.000000)
v(840.000000,0.000000,-700.000000)
v(700.000000,0.000000,-700.000000)
v(840.000000,-70.000000,0.000000)
v(700.000000,-70.000000,0.000000)
v(840.000000,0.000000,0.000000)
v(840.000000,0.000000,2800.000000)
v(840.000000,-70.000000,2800.000000)
v(700.000000,-70.000000,2800.000000)
v(840.000000,-70.000000,2100.000000)
v(700.000000,-70.000000,2100.000000)
v(840.000000,0.000000,2100.000000)
v(700.000000,0.000000,2100.000000)
v(840.000000,-70.000000,1400.000000)
v(700.000000,-70.000000,1400.000000)
v(840.000000,0.000000,1400.000000)
v(700.000000,0.000000,1400.000000)
v(840.000000,-70.000000,700.000000)
v(700.000000,-70.000000,700.000000)
v(840.000000,0.000000,700.000000)
v(700.000000,0.000000,700.000000)
v(-840.000000,0.000000,-2800.000000)
v(-840.000000,-70.000000,-2800.000000)
v(-700.000000,-70.000000,-2800.000000)
v(-840.000000,-70.000000,-2100.000000)
v(-700.000000,-70.000000,-2100.000000)
v(-840.000000,0.000000,-2100.000000)
v(-700.000000,0.000000,-2100.000000)
v(-840.000000,-70.000000,-1400.000000)
v(-700.000000,-70.000000,-1400.000000)
v(-840.000000,0.000000,-1400.000000)
v(-700.000000,0.000000,-1400.000000)
v(-840.000000,-70.000000,-700.000000)
v(-700.000000,-70.000000,-700.000000)
v(-840.000000,0.000000,-700.000000)
v(-700.000000,0.000000,-700.000000)
v(-840.000000,-70.000000,0.000000)
v(-700.000000,-70.000000,0.000000)
v(-840.000000,0.000000,0.000000)
v(-840.000000,0.000000,2800.000000)
v(-840.000000,-70.000000,2800.000000)
v(-700.000000,-70.000000,2800.000000)
v(-840.000000,-70.000000,2100.000000)
v(-700.000000,-70.000000,2100.000000)
v(-840.000000,0.000000,2100.000000)
v(-700.000000,0.000000,2100.000000)
v(-840.000000,-70.000000,1400.000000)
v(-700.000000,-70.000000,1400.000000)
v(-840.000000,0.000000,1400.000000)
v(-700.000000,0.000000,1400.000000)
v(-840.000000,-70.000000,700.000000)
v(-700.000000,-70.000000,700.000000)
v(-840.000000,0.000000,700.000000)
v(-700.000000,0.000000,700.000000)
v(-20.000000,0.000000,280.000000)
v(-20.000000,0.000000,-280.000000)
v(20.000000,0.000000,-280.000000)
v(20.000000,0.000000,280.000000)
v(-20.000000,0.000000,1400.000000)
v(-20.000000,0.000000,840.000000)
v(20.000000,0.000000,840.000000)
v(20.000000,0.000000,1400.000000)
v(-20.000000,0.000000,-1400.000000)
v(-20.000000,0.000000,-840.000000)
v(20.000000,0.000000,-840.000000)
v(20.000000,0.000000,-1400.000000)
v(-20.000000,0.000000,1960.000000)
v(-20.000000,0.000000,2520.000000)
v(20.000000,0.000000,2520.000000)
v(20.000000,0.000000,1960.000000)
v(-20.000000,0.000000,-1960.000000)
v(-20.000000,0.000000,-2520.000000)
v(20.000000,0.000000,-2520.000000)
v(20.000000,0.000000,-1960.000000)
v(-670.000000,0.000000,40.000000)
v(-670.000000,0.000000,-40.000000)
v(-630.000000,0.000000,-40.000000)
v(-630.000000,0.000000,40.000000)
v(670.000000,0.000000,40.000000)
v(670.000000,0.000000,-40.000000)
v(630.000000,0.000000,-40.000000)
v(630.000000,0.000000,40.000000)
v(-670.000000,0.000000,1160.000000)
v(-670.000000,0.000000,1080.000000)
v(-630.000000,0.000000,1080.000000)
v(-630.000000,0.000000,1160.000000)
v(670.000000,0.000000,1160.000000)
v(670.000000,0.000000,1080.000000)
v(630.000000,0.000000,1080.000000)
v(630.000000,0.000000,1160.000000)
v(-670.000000,0.000000,-1160.000000)
v(-670.000000,0.000000,-1080.000000)
v(-630.000000,0.000000,-1080.000000)
v(-630.000000,0.000000,-1160.000000)
v(670.000000,0.000000,-1160.000000)
v(670.000000,0.000000,-1080.000000)
v(630.000000,0.000000,-1080.000000)
v(630.000000,0.000000,-1160.000000)
v(-670.000000,0.000000,2280.000000)
v(-670.000000,0.000000,2200.000000)
v(-630.000000,0.000000,2200.000000)
v(-630.000000,0.000000,2280.000000)
v(670.000000,0.000000,2280.000000)
v(670.000000,0.000000,2200.000000)
v(630.000000,0.000000,2200.000000)
v(630.000000,0.000000,2280.000000)
v(-670.000000,0.000000,-2280.000000)
v(-670.000000,0.000000,-2200.000000)
v(-630.000000,0.000000,-2200.000000)
v(-630.000000,0.000000,-2280.000000)
v(670.000000,0.000000,-2280.000000)
v(670.000000,0.000000,-2200.000000)
v(630.000000,0.000000,-2200.000000)
v(630.000000,0.000000,-2280.000000)

<p>
c(150,150,150)
n(0.000000,1.000000,0.000000)
p(4,0,1,2,3)
t(1,0,3)
t(3,2,1)
</p>

<p>
c(145,145,145)
n(0.000000,1.000000,0.000000)
p(4,4,5,1,0)
t(5,4,0)
t(0,1,5)
</p>

<p>
c(150,150,150)
n(0.000000,1.000000,0.000000)
p(4,0,6,7,3)
t(7,3,0)
t(0,6,7)
</p>

<p>
c(145,145,145)
n(0.000000,1.000000,0.000000)
p(4,4,8,6,0)
t(6,0,4)
t(4,8,6)
</p>

<p>
c(150,150,150)
n(0.000000,1.000000,0.000000)
p(4,9,6,7,10)
t(6,9,10)
t(10,7,6)
</p>

<p>
c(150,150,150)
n(0.000000,1.000000,0.000000)
p(4,11,8,6,9)
t(8,11,9)
t(9,6,8)
</p>

<p>
c(150,150,150)
n(0.000000,1.000000,0.000000)
p(4,11,12,13,9)
t(13,9,11)
t(11,12,13)
</p>

<p>
c(145,145,145)
n(0.000000,1.000000,0.000000)
p(4,9,13,14,10)
t(14,10,9)
t(9,13,14)
</p>

<p>
c(145,145,145)
n(0.000000,1.000000,0.000000)
p(4,15,12,13,16)
t(12,15,16)
t(16,13,12)
</p>

<p>
c(145,145,145)
n(0.000000,1.000000,0.000000)
p(4,16,13,14,17)
t(13,16,17)
t(17,14,13)
</p>

<p>
c(150,150,150)
n(0.000000,1.000000,0.000000)
p(4,15,18,19,16)
t(19,16,15)
t(15,18,19)
</p>

<p>
c(145,145,145)
n(0.000000,1.000000,0.000000)
p(4,16,19,20,17)
t(20,17,16)
t(16,19,20)
</p>

<p>
c(150,150,150)
n(0.000000,1.000000,0.000000)
p(4,21,18,19,22)
t(18,21,22)
t(22,19,18)
</p>

<p>
c(150,150,150)
n(0.000000,1.000000,0.000000)
p(4,22,19,20,23)
t(19,22,23)
t(23,20,19)
</p>

<p>
c(145,145,145)
n(0.000000,1.000000,0.000000)
p(4,21,24,25,22)
t(25,22,21)
t(21,24,25)
</p>

<p>
c(145,145,145)
n(0.000000,1.000000,0.000000)
p(4,22,25,26,23)
t(26,23,22)
t(22,25,26)
</p>

<p>
c(150,150,150)
n(0.000000,1.000000,0.000000)
p(4,27,24,25,28)
t(24,27,28)
t(28,25,24)
</p>

<p>
c(145,145,145)
n(0.000000,1.000000,0.000000)
p(4,28,25,26,29)
t(25,28,29)
t(29,26,25)
</p>

<p>
c(150,150,150)
n(0.000000,1.000000,0.000000)
p(4,27,30,31,28)
t(31,28,27)
t(27,30,31)
</p>

<p>
c(145,145,145)
n(0.000000,1.000000,0.000000)
p(4,28,31,32,29)
t(32,29,28)
t(28,31,32)
</p>

<p>
c(180,180,180)
n(0.000000,0.000000,1.000000)
p(4,33,34,35,2)
t(34,33,2)
t(2,35,34)
</p>

<p>
c(180,180,180)
n(0.000000,1.000000,0.000000)
p(4,36,34,35,37)
t(35,37,36)
t(36,34,35)
</p>

<p>
c(180,180,180)
n(1.000000,0.000000,0.000000)
p(4,36,34,33,38)
t(33,38,36)
t(36,34,33)
</p>

<p>
c(180,180,180)
n(1.000000,0.000000,0.000000)
p(4,37,35,2,39)
t(2,39,37)
t(37,35,2)
</p>

<p>
c(180,180,180)
n(0.000000,1.000000,0.000000)
p(4,40,36,37,41)
t(37,41,40)
t(40,36,37)
</p>

<p>
c(180,180,180)
n(1.000000,0.000000,0.000000)
p(4,36,40,42,38)
t(40,36,38)
t(38,42,40)
</p>

<p>
c(180,180,180)
n(1.000000,0.000000,0.000000)
p(4,37,41,43,39)
t(41,37,39)
t(39,43,41)
</p>

<p>
c(180,180,180)
n(0.000000,1.000000,0.000000)
p(4,40,44,45,41)
t(44,40,41)
t(41,45,44)
</p>

<p>
c(180,180,180)
n(1.000000,0.000000,0.000000)
p(4,44,40,42,46)
t(42,46,44)
t(44,40,42)
</p>

<p>
c(180,180,180)
n(1.000000,0.000000,0.000000)
p(4,45,41,43,47)
t(43,47,45)
t(45,41,43)
</p>

<p>
c(180,180,180)
n(0.000000,1.000000,0.000000)
p(4,44,48,49,45)
t(48,44,45)
t(45,49,48)
</p>

<p>
c(180,180,180)
n(1.000000,0.000000,0.000000)
p(4,44,48,50,46)
t(48,44,46)
t(46,50,48)
</p>

<p>
c(180,180,180)
n(1.000000,0.000000,0.000000)
p(4,45,49,17,47)
t(49,45,47)
t(47,17,49)
</p>

<p>
c(180,180,180)
n(0.000000,0.000000,1.000000)
p(4,51,52,53,32)
t(52,51,32)
t(32,53,52)
</p>

<p>
c(180,180,180)
n(0.000000,1.000000,0.000000)
p(4,54,52,53,55)
t(52,54,55)
t(55,53,52)
</p>

<p>
c(180,180,180)
n(1.000000,0.000000,0.000000)
p(4,54,52,51,56)
t(52,54,56)
t(56,51,52)
</p>

<p>
c(180,180,180)
n(1.000000,0.000000,0.000000)
p(4,55,53,32,57)
t(53,55,57)
t(57,32,53)
</p>

<p>
c(180,180,180)
n(0.000000,1.000000,0.000000)
p(4,58,54,55,59)
t(54,58,59)
t(59,55,54)
</p>

<p>
c(180,180,180)
n(1.000000,0.000000,0.000000)
p(4,54,58,60,56)
t(60,56,54)
t(54,58,60)
</p>

<p>
c(180,180,180)
n(1.000000,0.000000,0.000000)
p(4,55,59,61,57)
t(61,57,55)
t(55,59,61)
</p>

<p>
c(180,180,180)
n(0.000000,1.000000,0.000000)
p(4,58,62,63,59)
t(63,59,58)
t(58,62,63)
</p>

<p>
c(180,180,180)
n(1.000000,0.000000,0.000000)
p(4,62,58,60,64)
t(58,62,64)
t(64,60,58)
</p>

<p>
c(180,180,180)
n(1.000000,0.000000,0.000000)
p(4,63,59,61,65)
t(59,63,65)
t(65,61,59)
</p>

<p>
c(180,180,180)
n(0.000000,1.000000,0.000000)
p(4,62,48,49,63)
t(49,63,62)
t(62,48,49)
</p>

<p>
c(180,180,180)
n(1.000000,0.000000,0.000000)
p(4,62,48,50,64)
t(50,64,62)
t(62,48,50)
</p>

<p>
c(180,180,180)
n(1.000000,0.000000,0.000000)
p(4,63,49,17,65)
t(17,65,63)
t(63,49,17)
</p>

<p>
c(180,180,180)
n(0.000000,0.000000,1.000000)
p(4,66,67,68,5)
t(68,5,66)
t(66,67,68)
</p>

<p>
c(180,180,180)
n(0.000000,1.000000,0.000000)
p(4,69,67,68,70)
t(67,69,70)
t(70,68,67)
</p>

<p>
c(180,180,180)
n(1.000000,0.000000,0.000000)
p(4,69,67,66,71)
t(66,71,69)
t(69,67,66)
</p>

<p>
c(180,180,180)
n(1.000000,0.000000,0.000000)
p(4,70,68,5,72)
t(5,72,70)
t(70,68,5)
</p>

<p>
c(180,180,180)
n(0.000000,1.000000,0.000000)
p(4,73,69,70,74)
t(69,73,74)
t(74,70,69)
</p>

<p>
c(180,180,180)
n(1.000000,0.000000,0.000000)
p(4,69,73,75,71)
t(73,69,71)
t(71,75,73)
</p>

<p>
c(180,180,180)
n(1.000000,0.000000,0.000000)
p(4,70,74,76,72)
t(74,70,72)
t(72,76,74)
</p>

<p>
c(180,180,180)
n(0.000000,1.000000,0.000000)
p(4,73,77,78,74)
t(78,74,73)
t(73,77,78)
</p>

<p>
c(180,180,180)
n(1.000000,0.000000,0.000000)
p(4,77,73,75,79)
t(75,79,77)
t(77,73,75)
</p>

<p>
c(180,180,180)
n(1.000000,0.000000,0.000000)
p(4,78,74,76,80)
t(76,80,78)
t(78,74,76)
</p>

<p>
c(180,180,180)
n(0.000000,1.000000,0.000000)
p(4,77,81,82,78)
t(82,78,77)
t(77,81,82)
</p>

<p>
c(180,180,180)
n(1.000000,0.000000,0.000000)
p(4,77,81,83,79)
t(81,77,79)
t(79,83,81)
</p>

<p>
c(180,180,180)
n(1.000000,0.000000,0.000000)
p(4,78,82,15,80)
t(82,78,80)
t(80,15,82)
</p>

<p>
c(180,180,180)
n(0.000000,0.000000,1.000000)
p(4,84,85,86,30)
t(86,30,84)
t(84,85,86)
</p>

<p>
c(180,180,180)
n(0.000000,1.000000,0.000000)
p(4,87,85,86,88)
t(86,88,87)
t(87,85,86)
</p>

<p>
c(180,180,180)
n(1.000000,0.000000,0.000000)
p(4,87,85,84,89)
t(85,87,89)
t(89,84,85)
</p>

<p>
c(180,180,180)
n(1.000000,0.000000,0.000000)
p(4,88,86,30,90)
t(86,88,90)
t(90,30,86)
</p>

<p>
c(180,180,180)
n(0.000000,1.000000,0.000000)
p(4,91,87,88,92)
t(88,92,91)
t(91,87,88)
</p>

<p>
c(180,180,180)
n(1.000000,0.000000,0.000000)
p(4,87,91,93,89)
t(93,89,87)
t(87,91,93)
</p>

<p>
c(180,180,180)
n(1.000000,0.000000,0.000000)
p(4,88,92,94,90)
t(94,90,88)
t(88,92,94)
</p>

<p>
c(180,180,180)
n(0.000000,1.000000,0.000000)
p(4,91,95,96,92)
t(95,91,92)
t(92,96,95)
</p>

<p>
c(180,180,180)
n(1.000000,0.000000,0.000000)
p(4,95,91,93,97)
t(91,95,97)
t(97,93,91)
</p>

<p>
c(180,180,180)
n(1.000000,0.000000,0.000000)
p(4,96,92,94,98)
t(92,96,98)
t(98,94,92)
</p>

<p>
c(180,180,180)
n(0.000000,1.000000,0.000000)
p(4,95,81,82,96)
t(81,95,96)
t(96,82,81)
</p>

<p>
c(180,180,180)
n(1.000000,0.000000,0.000000)
p(4,95,81,83,97)
t(83,97,95)
t(95,81,83)
</p>

<p>
c(180,180,180)
n(1.000000,0.000000,0.000000)
p(4,96,82,15,98)
t(15,98,96)
t(96,82,15)
</p>

<p>
c(180,180,180)
n(0.000000,1.000000,0.000000)
p(4,99,100,101,102)
t(100,99,102)
t(102,101,100)
</p>

<p>
c(180,180,180)
n(0.000000,1.000000,0.000000)
p(4,103,104,105,106)
t(104,103,106)
t(106,105,104)
</p>

<p>
c(180,180,180)
n(0.000000,1.000000,0.000000)
p(4,107,108,109,110)
t(109,110,107)
t(107,108,109)
</p>

<p>
c(180,180,180)
n(0.000000,1.000000,0.000000)
p(4,111,112,113,114)
t(113,114,111)
t(111,112,113)
</p>

<p>
c(180,180,180)
n(0.000000,1.000000,0.000000)
p(4,115,116,117,118)
t(116,115,118)
t(118,117,116)
</p>

<p>
c(206,140,19)
light()
n(0.000000,1.000000,0.000000)
p(4,119,120,121,122)
t(120,119,122)
t(122,121,120)
</p>

<p>
c(206,140,19)
light()
n(0.000000,1.000000,0.000000)
p(4,123,124,125,126)
t(125,126,123)
t(123,124,125)
</p>

<p>
c(206,140,19)
light()
n(0.000000,1.000000,0.000000)
p(4,127,128,129,130)
t(128,127,130)
t(130,129,128)
</p>

<p>
c(206,140,19)
light()
n(0.000000,1.000000,0.000000)
p(4,131,132,133,134)
t(133,134,131)
t(131,132,133)
</p>

<p>
c(206,140,19)
light()
n(0.000000,1.000000,0.000000)
p(4,135,136,137,138)
t(137,138,135)
t(135,136,137)
</p>

<p>
c(206,140,19)
light()
n(0.000000,1.000000,0.000000)
p(4,139,140,141,142)
t(140,139,142)
t(142,141,140)
</p>

<p>
c(206,140,19)
light()
n(0.000000,1.000000,0.000000)
p(4,143,144,145,146)
t(144,143,146)
t(146,145,144)
</p>

<p>
c(206,140,19)
light()
n(0.000000,1.000000,0.000000)
p(4,147,148,149,150)
t(149,150,147)
t(147,148,149)
</p>

<p>
c(206,140,19)
light()
n(0.000000,1.000000,0.000000)
p(4,151,152,153,154)
t(153,154,151)
t(151,152,153)
</p>

<p>
c(206,140,19)
light()
n(0.000000,1.000000,0.000000)
p(4,155,156,157,158)
t(156,155,158)
t(158,157,156)
</p>

