v(57.600000,28.800000,200.000000)
v(57.600000,-3.200000,176.000000)
v(99.200000,-3.200000,176.000000)
v(99.200000,28.800000,200.000000)
v(104.000000,1.600000,176.000000)
v(104.000000,28.800000,195.200000)
v(99.200000,-24.000000,147.200000)
v(57.600000,-24.000000,147.200000)
v(104.000000,-19.200000,147.200000)
v(104.000000,-24.000000,115.200000)
v(104.000000,-16.000000,132.800000)
v(104.000000,-6.400000,147.200000)
v(104.000000,25.600000,147.200000)
v(57.600000,-28.800000,115.200000)
v(99.200000,-28.800000,115.200000)
v(99.200000,-24.000000,83.200000)
v(57.600000,-24.000000,83.200000)
v(104.000000,-19.200000,83.200000)
v(57.600000,-20.800000,19.200000)
v(99.200000,-20.800000,19.200000)
v(104.000000,-16.000000,19.200000)
v(99.200000,-20.800000,-67.200000)
v(57.600000,-20.800000,-67.200000)
v(104.000000,-16.000000,-67.200000)
v(57.600000,-24.000000,-99.200000)
v(99.200000,-24.000000,-99.200000)
v(99.200000,-28.800000,-99.200000)
v(104.000000,-24.000000,-99.200000)
v(99.200000,-28.800000,-134.400000)
v(57.600000,-28.800000,-134.400000)
v(104.000000,-24.000000,-134.400000)
v(57.600000,-22.400000,-168.000000)
v(99.200000,-22.400000,-168.000000)
v(104.000000,-17.600000,-168.000000)
v(99.200000,-25.600000,-192.000000)
v(57.600000,-25.600000,-192.000000)
v(104.000000,-20.800000,-192.000000)
v(104.000000,19.200000,-192.000000)
v(104.000000,-16.000000,-152.000000)
v(104.000000,-6.400000,-166.400000)
v(104.000000,25.600000,-166.400000)
v(-57.600000,28.800000,200.000000)
v(-57.600000,-3.200000,176.000000)
v(-99.200000,-3.200000,176.000000)
v(-99.200000,28.800000,200.000000)
v(-104.000000,1.600000,176.000000)
v(-104.000000,28.800000,195.200000)
v(-99.200000,-24.000000,147.200000)
v(-57.600000,-24.000000,147.200000)
v(-104.000000,-19.200000,147.200000)
v(-104.000000,-24.000000,115.200000)
v(-104.000000,-16.000000,132.800000)
v(-104.000000,-6.400000,147.200000)
v(-104.000000,25.600000,147.200000)
v(-57.600000,-28.800000,115.200000)
v(-99.200000,-28.800000,115.200000)
v(-99.200000,-24.000000,83.200000)
v(-57.600000,-24.000000,83.200000)
v(-104.000000,-19.200000,83.200000)
v(-57.600000,-20.800000,19.200000)
v(-99.200000,-20.800000,19.200000)
v(-104.000000,-16.000000,19.200000)
v(-99.200000,-20.800000,-67.200000)
v(-57.600000,-20.800000,-67.200000)
v(-104.000000,-16.000000,-67.200000)
v(-57.600000,-24.000000,-99.200000)
v(-99.200000,-24.000000,-99.200000)
v(-99.200000,-28.800000,-99.200000)
v(-104.000000,-24.000000,-99.200000)
v(-99.200000,-28.800000,-134.400000)
v(-57.600000,-28.800000,-134.400000)
v(-104.000000,-24.000000,-134.400000)
v(-57.600000,-22.400000,-168.000000)
v(-99.200000,-22.400000,-168.000000)
v(-104.000000,-17.600000,-168.000000)
v(-99.200000,-25.600000,-192.000000)
v(-57.600000,-25.600000,-192.000000)
v(-104.000000,-20.800000,-192.000000)
v(-104.000000,19.200000,-192.000000)
v(-104.000000,-16.000000,-152.000000)
v(-104.000000,-6.400000,-166.400000)
v(-104.000000,25.600000,-166.400000)
v(9.600000,28.800000,200.000000)
v(9.600000,0.000000,184.000000)
v(-9.600000,0.000000,184.000000)
v(-9.600000,28.800000,200.000000)
v(-9.600000,28.800000,184.000000)
v(9.600000,28.800000,184.000000)
v(-11.200000,-16.000000,152.000000)
v(-11.200000,28.800000,152.000000)
v(11.200000,-16.000000,152.000000)
v(11.200000,28.800000,152.000000)
v(-17.600000,-20.800000,96.000000)
v(17.600000,-20.800000,96.000000)
v(-11.200000,25.600000,152.000000)
v(-17.600000,25.600000,96.000000)
v(11.200000,25.600000,152.000000)
v(17.600000,25.600000,96.000000)
v(0.000000,-24.000000,56.000000)
v(-19.200000,-24.000000,48.000000)
v(-35.200000,-24.000000,40.000000)
v(-54.400000,-24.000000,32.000000)
v(-54.400000,-24.000000,48.000000)
v(-32.000000,-24.000000,64.000000)
v(-20.800000,-24.000000,80.000000)
v(20.800000,-24.000000,80.000000)
v(32.000000,-24.000000,64.000000)
v(54.400000,-24.000000,48.000000)
v(54.400000,-24.000000,32.000000)
v(35.200000,-24.000000,40.000000)
v(19.200000,-24.000000,48.000000)
v(-20.800000,25.600000,80.000000)
v(-32.000000,25.600000,64.000000)
v(-54.400000,25.600000,48.000000)
v(20.800000,25.600000,80.000000)
v(32.000000,25.600000,64.000000)
v(54.400000,25.600000,48.000000)
v(0.000000,-30.400000,44.800000)
v(0.000000,-46.400000,24.000000)
v(0.000000,-52.800000,-8.000000)
v(22.400000,-49.600000,-8.000000)
v(41.600000,-38.400000,-8.000000)
v(54.400000,-24.000000,-8.000000)
v(-22.400000,-49.600000,-8.000000)
v(-41.600000,-38.400000,-8.000000)
v(-54.400000,-24.000000,-8.000000)
v(16.000000,-49.600000,-20.800000)
v(-16.000000,-49.600000,-20.800000)
v(-20.800000,-19.200000,-112.000000)
v(20.800000,-19.200000,-112.000000)
v(-22.400000,-12.800000,-144.000000)
v(22.400000,-12.800000,-144.000000)
v(56.000000,-12.800000,-144.000000)
v(-56.000000,-12.800000,-144.000000)
v(57.600000,-8.000000,-192.000000)
v(24.000000,-8.000000,-192.000000)
v(-24.000000,-8.000000,-192.000000)
v(-57.600000,-8.000000,-192.000000)
v(57.600000,19.200000,-192.000000)
v(89.600000,4.800000,-195.200000)
v(89.600000,-14.400000,-195.200000)
v(67.200000,-14.400000,-195.200000)
v(67.200000,4.800000,-195.200000)
v(67.200000,-8.000000,-195.200000)
v(89.600000,-8.000000,-195.200000)
v(67.200000,-1.600000,-195.200000)
v(89.600000,-1.600000,-195.200000)
v(-57.600000,19.200000,-192.000000)
v(-89.600000,4.800000,-195.200000)
v(-89.600000,-14.400000,-195.200000)
v(-67.200000,-14.400000,-195.200000)
v(-67.200000,4.800000,-195.200000)
v(-67.200000,-8.000000,-195.200000)
v(-89.600000,-8.000000,-195.200000)
v(-67.200000,-1.600000,-195.200000)
v(-89.600000,-1.600000,-195.200000)
v(-14.400000,19.200000,-192.000000)
v(-14.400000,14.400000,-192.000000)
v(-14.400000,4.800000,-192.000000)
v(-24.000000,4.800000,-192.000000)
v(-24.000000,14.400000,-192.000000)
v(14.400000,19.200000,-192.000000)
v(14.400000,14.400000,-192.000000)
v(14.400000,4.800000,-192.000000)
v(24.000000,4.800000,-192.000000)
v(24.000000,14.400000,-192.000000)
v(28.800000,14.400000,-192.000000)
v(28.800000,4.800000,-192.000000)
v(38.400000,4.800000,-192.000000)
v(38.400000,14.400000,-192.000000)
v(38.400000,4.800000,-208.000000)
v(28.800000,4.800000,-217.600000)
v(38.400000,14.400000,-208.000000)
v(28.800000,14.400000,-217.600000)
v(48.000000,4.800000,-217.600000)
v(48.000000,14.400000,-217.600000)
v(57.600000,4.800000,-208.000000)
v(57.600000,14.400000,-208.000000)
v(48.000000,0.000000,-217.600000)
v(57.600000,0.000000,-208.000000)
v(62.400000,0.000000,-249.600000)
v(43.200000,0.000000,-249.600000)
v(48.000000,19.200000,-217.600000)
v(57.600000,19.200000,-208.000000)
v(62.400000,19.200000,-249.600000)
v(43.200000,19.200000,-249.600000)
v(24.000000,4.800000,-232.000000)
v(14.400000,4.800000,-232.000000)
v(24.000000,14.400000,-232.000000)
v(14.400000,14.400000,-232.000000)
v(-28.800000,4.800000,-192.000000)
v(-38.400000,4.800000,-192.000000)
v(-38.400000,4.800000,-208.000000)
v(-28.800000,4.800000,-217.600000)
v(-28.800000,14.400000,-192.000000)
v(-38.400000,14.400000,-192.000000)
v(-38.400000,14.400000,-208.000000)
v(-28.800000,14.400000,-217.600000)
v(-48.000000,4.800000,-217.600000)
v(-48.000000,14.400000,-217.600000)
v(-57.600000,4.800000,-208.000000)
v(-57.600000,14.400000,-208.000000)
v(-48.000000,0.000000,-217.600000)
v(-57.600000,0.000000,-208.000000)
v(-62.400000,0.000000,-249.600000)
v(-43.200000,0.000000,-249.600000)
v(-48.000000,19.200000,-217.600000)
v(-57.600000,19.200000,-208.000000)
v(-62.400000,19.200000,-249.600000)
v(-43.200000,19.200000,-249.600000)
v(-24.000000,4.800000,-232.000000)
v(-14.400000,4.800000,-232.000000)
v(-24.000000,14.400000,-232.000000)
v(-14.400000,14.400000,-232.000000)
v(104.000000,25.600000,-35.200000)
v(104.000000,25.600000,-102.400000)
v(104.000000,-6.400000,-102.400000)
v(104.000000,-16.000000,-116.800000)
v(104.000000,-16.000000,97.600000)
v(104.000000,-6.400000,83.200000)
v(104.000000,25.600000,83.200000)
v(104.000000,25.600000,35.200000)
v(104.000000,16.000000,-16.000000)
v(104.000000,16.000000,0.000000)
v(152.000000,-16.000000,-72.000000)
v(152.000000,-16.000000,-88.000000)
v(104.000000,24.000000,-16.000000)
v(104.000000,24.000000,0.000000)
v(152.000000,-8.000000,-72.000000)
v(152.000000,-8.000000,-88.000000)
v(104.000000,16.000000,16.000000)
v(152.000000,-16.000000,-56.000000)
v(104.000000,24.000000,16.000000)
v(152.000000,-8.000000,-56.000000)
v(-104.000000,25.600000,-35.200000)
v(-104.000000,25.600000,-102.400000)
v(-104.000000,-6.400000,-102.400000)
v(-104.000000,-16.000000,-116.800000)
v(-104.000000,-16.000000,97.600000)
v(-104.000000,-6.400000,83.200000)
v(-104.000000,25.600000,83.200000)
v(-104.000000,25.600000,35.200000)
v(-104.000000,16.000000,-16.000000)
v(-104.000000,16.000000,0.000000)
v(-152.000000,-16.000000,-72.000000)
v(-152.000000,-16.000000,-88.000000)
v(-104.000000,24.000000,-16.000000)
v(-104.000000,24.000000,0.000000)
v(-152.000000,-8.000000,-72.000000)
v(-152.000000,-8.000000,-88.000000)
v(-104.000000,16.000000,16.000000)
v(-152.000000,-16.000000,-56.000000)
v(-104.000000,24.000000,16.000000)
v(-152.000000,-8.000000,-56.000000)
v(-22.400000,-9.600000,-176.000000)
v(-22.400000,-43.200000,-184.000000)
v(-24.000000,-48.000000,-196.800000)
v(22.400000,-9.600000,-176.000000)
v(22.400000,-43.200000,-184.000000)
v(24.000000,-48.000000,-196.800000)
v(96.000000,-43.200000,-184.000000)
v(96.000000,-48.000000,-196.800000)
v(-96.000000,-48.000000,-196.800000)
v(-96.000000,-43.200000,-184.000000)
v(96.000000,-43.200000,-171.200000)
v(-96.000000,-43.200000,-171.200000)
v(96.000000,-56.000000,-201.600000)
v(96.000000,-51.200000,-168.000000)
v(96.000000,-32.000000,-166.400000)
v(96.000000,-33.600000,-201.600000)
v(-96.000000,-56.000000,-201.600000)
v(-96.000000,-51.200000,-168.000000)
v(-96.000000,-32.000000,-166.400000)
v(-96.000000,-33.600000,-201.600000)
v(72.000000,25.600000,-102.400000)
v(-72.000000,25.600000,-102.400000)
v(-72.000000,25.600000,-166.400000)
v(72.000000,25.600000,-166.400000)
v(72.000000,25.600000,147.200000)
v(-72.000000,25.600000,147.200000)
v(-72.000000,25.600000,83.200000)
v(72.000000,25.600000,83.200000)
v(104.000000,28.800000,200.000000)
v(-104.000000,28.800000,200.000000)
v(57.600000,-22.400000,48.000000)
v(57.600000,25.600000,147.200000)
v(57.600000,25.600000,48.000000)
v(-57.600000,-22.400000,48.000000)
v(-57.600000,25.600000,147.200000)
v(-57.600000,25.600000,48.000000)

<p>
c(0,143,66)
outline()
n(0.000000,0.600000,-0.800000)
C(78.400000,12.800000,188.000000)
p(4,0,1,2,3)
t(1,0,3)
t(3,2,1)
</p>

<p>
c(4,0,51)
light()
outline()
n(0.575847,-0.482788,0.659785)
C(101.600000,14.000000,186.800000)
p(4,2,4,5,3)
t(5,3,2)
t(2,4,5)
</p>

<p>
c(0,143,66)
outline()
n(-0.000000,0.810679,-0.585491)
C(78.400000,-13.600000,161.600000)
p(4,1,2,6,7)
t(6,7,1)
t(1,2,6)
</p>

<p>
c(4,0,51)
light()
outline()
n(-0.629740,0.629740,-0.454812)
C(101.600000,-11.200000,161.600000)
p(4,2,4,8,6)
t(8,6,2)
t(2,4,8)
</p>

<p>
c(0,143,66)
outline()
n(1.000000,0.000000,0.000000)
C(104.000000,-1.371429,151.542857)
p(7,5,4,8,9,10,11,12)
t(11,12,5)
t(5,4,8)
t(8,9,10)
t(11,5,8)
t(8,10,11)
</p>

<p>
c(0,143,66)
outline()
n(0.000000,0.988936,-0.148340)
C(78.400000,-26.400000,131.200000)
p(4,13,14,6,7)
t(14,13,7)
t(7,6,14)
</p>

<p>
c(4,0,51)
light()
outline()
n(-0.703163,0.703163,-0.105474)
C(101.600000,-24.000000,131.200000)
p(4,14,9,8,6)
t(9,14,6)
t(6,8,9)
</p>

<p>
c(0,143,66)
outline()
n(0.000000,0.988936,0.148340)
C(78.400000,-26.400000,99.200000)
p(4,13,14,15,16)
t(15,16,13)
t(13,14,15)
</p>

<p>
c(4,0,51)
light()
outline()
n(-0.703163,0.703163,0.105474)
C(101.600000,-24.000000,99.200000)
p(4,14,9,17,15)
t(17,15,14)
t(14,9,17)
</p>

<p>
c(0,143,66)
outline()
n(0.000000,0.998752,0.049938)
C(78.400000,-22.400000,51.200000)
p(4,15,16,18,19)
t(16,15,19)
t(19,18,16)
</p>

<p>
c(4,0,51)
light()
outline()
n(-0.706665,0.706665,0.035333)
C(101.600000,-20.000000,51.200000)
p(4,19,20,17,15)
t(20,19,15)
t(15,17,20)
</p>

<p>
c(0,143,66)
outline()
n(0.000000,1.000000,0.000000)
C(78.400000,-20.800000,-24.000000)
p(4,21,22,18,19)
t(18,19,21)
t(21,22,18)
</p>

<p>
c(4,0,51)
light()
outline()
n(-0.707107,0.707107,0.000000)
C(101.600000,-18.400000,-24.000000)
p(4,19,20,23,21)
t(23,21,19)
t(19,20,23)
</p>

<p>
c(0,143,66)
outline()
n(0.000000,0.995037,-0.099504)
C(78.400000,-22.400000,-83.200000)
p(4,21,22,24,25)
t(22,21,25)
t(25,24,22)
</p>

<p>
c(4,0,51)
light()
outline()
n(-0.696311,0.696311,-0.174078)
C(101.600000,-22.400000,-83.200000)
p(4,26,27,23,21)
t(27,26,21)
t(21,23,27)
</p>

<p>
c(0,143,66)
outline()
n(-0.000000,0.990830,-0.135113)
C(78.400000,-26.400000,-116.800000)
p(4,28,29,24,25)
t(24,25,28)
t(28,29,24)
</p>

<p>
c(4,0,51)
light()
outline()
n(0.707107,-0.707107,0.000000)
C(101.600000,-26.400000,-116.800000)
p(4,28,30,27,26)
t(27,26,28)
t(28,30,27)
</p>

<p>
c(0,143,66)
outline()
n(0.000000,0.982339,0.187112)
C(78.400000,-25.600000,-151.200000)
p(4,28,29,31,32)
t(29,28,32)
t(32,31,29)
</p>

<p>
c(4,0,51)
light()
outline()
n(-0.700779,0.700779,0.133482)
C(101.600000,-23.200000,-151.200000)
p(4,28,30,33,32)
t(33,32,28)
t(28,30,33)
</p>

<p>
c(0,143,66)
outline()
n(0.000000,0.991228,-0.132164)
C(78.400000,-24.000000,-180.000000)
p(4,34,35,31,32)
t(31,32,34)
t(34,35,31)
</p>

<p>
c(4,0,51)
light()
outline()
n(-0.703985,0.703985,-0.093865)
C(101.600000,-21.600000,-180.000000)
p(4,34,36,33,32)
t(36,34,32)
t(32,33,36)
</p>

<p>
c(0,143,66)
outline()
n(1.000000,0.000000,0.000000)
C(104.000000,-5.714286,-167.314286)
p(7,37,36,33,30,38,39,40)
t(36,37,40)
t(38,30,33)
t(33,36,40)
t(39,38,33)
t(33,40,39)
</p>

<p>
c(0,143,66)
outline()
n(0.000000,0.600000,-0.800000)
C(-78.400000,12.800000,188.000000)
p(4,41,42,43,44)
t(43,44,41)
t(41,42,43)
</p>

<p>
c(4,0,51)
light()
outline()
n(-0.575847,-0.482788,0.659785)
C(-101.600000,14.000000,186.800000)
p(4,43,45,46,44)
t(45,43,44)
t(44,46,45)
</p>

<p>
c(0,143,66)
outline()
n(-0.000000,-0.810679,0.585491)
C(-78.400000,-13.600000,161.600000)
p(4,42,43,47,48)
t(47,48,42)
t(42,43,47)
</p>

<p>
c(4,0,51)
light()
outline()
n(0.629740,0.629740,-0.454812)
C(-101.600000,-11.200000,161.600000)
p(4,43,45,49,47)
t(45,43,47)
t(47,49,45)
</p>

<p>
c(0,143,66)
outline()
n(1.000000,0.000000,0.000000)
C(-104.000000,-1.371429,151.542857)
p(7,46,45,49,50,51,52,53)
t(52,53,46)
t(46,45,49)
t(49,50,51)
t(52,46,49)
t(49,51,52)
</p>

<p>
c(0,143,66)
outline()
n(0.000000,0.988936,-0.148340)
C(-78.400000,-26.400000,131.200000)
p(4,54,55,47,48)
t(47,48,54)
t(54,55,47)
</p>

<p>
c(4,0,51)
light()
outline()
n(-0.703163,-0.703163,0.105474)
C(-101.600000,-24.000000,131.200000)
p(4,55,50,49,47)
t(50,55,47)
t(47,49,50)
</p>

<p>
c(0,143,66)
outline()
n(0.000000,0.988936,0.148340)
C(-78.400000,-26.400000,99.200000)
p(4,54,55,56,57)
t(55,54,57)
t(57,56,55)
</p>

<p>
c(4,0,51)
light()
outline()
n(-0.703163,-0.703163,-0.105474)
C(-101.600000,-24.000000,99.200000)
p(4,55,50,58,56)
t(58,56,55)
t(55,50,58)
</p>

<p>
c(0,143,66)
outline()
n(0.000000,0.998752,0.049938)
C(-78.400000,-22.400000,51.200000)
p(4,56,57,59,60)
t(59,60,56)
t(56,57,59)
</p>

<p>
c(4,0,51)
light()
outline()
n(-0.706665,-0.706665,-0.035333)
C(-101.600000,-20.000000,51.200000)
p(4,60,61,58,56)
t(61,60,56)
t(56,58,61)
</p>

<p>
c(0,143,66)
outline()
n(0.000000,1.000000,0.000000)
C(-78.400000,-20.800000,-24.000000)
p(4,62,63,59,60)
t(63,62,60)
t(60,59,63)
</p>

<p>
c(4,0,51)
light()
outline()
n(-0.707107,-0.707107,0.000000)
C(-101.600000,-18.400000,-24.000000)
p(4,60,61,64,62)
t(64,62,60)
t(60,61,64)
</p>

<p>
c(0,143,66)
outline()
n(0.000000,0.995037,-0.099504)
C(-78.400000,-22.400000,-83.200000)
p(4,62,63,65,66)
t(65,66,62)
t(62,63,65)
</p>

<p>
c(4,0,51)
light()
outline()
n(-0.696311,-0.696311,0.174078)
C(-101.600000,-22.400000,-83.200000)
p(4,67,68,64,62)
t(68,67,62)
t(62,64,68)
</p>

<p>
c(0,143,66)
outline()
n(-0.000000,-0.990830,0.135113)
C(-78.400000,-26.400000,-116.800000)
p(4,69,70,65,66)
t(65,66,69)
t(69,70,65)
</p>

<p>
c(4,0,51)
light()
outline()
n(0.707107,0.707107,-0.000000)
C(-101.600000,-26.400000,-116.800000)
p(4,69,71,68,67)
t(68,67,69)
t(69,71,68)
</p>

<p>
c(0,143,66)
outline()
n(0.000000,0.982339,0.187112)
C(-78.400000,-25.600000,-151.200000)
p(4,69,70,72,73)
t(72,73,69)
t(69,70,72)
</p>

<p>
c(4,0,51)
light()
outline()
n(-0.700779,-0.700779,-0.133482)
C(-101.600000,-23.200000,-151.200000)
p(4,69,71,74,73)
t(74,73,69)
t(69,71,74)
</p>

<p>
c(0,143,66)
outline()
n(0.000000,0.991228,-0.132164)
C(-78.400000,-24.000000,-180.000000)
p(4,75,76,72,73)
t(76,75,73)
t(73,72,76)
</p>

<p>
c(4,0,51)
light()
outline()
n(-0.703985,-0.703985,0.093865)
C(-101.600000,-21.600000,-180.000000)
p(4,75,77,74,73)
t(77,75,73)
t(73,74,77)
</p>

<p>
c(0,143,66)
outline()
n(1.000000,0.000000,0.000000)
C(-104.000000,-5.714286,-167.314286)
p(7,78,77,74,71,79,80,81)
t(77,78,81)
t(79,71,74)
t(74,77,81)
t(80,79,74)
t(74,81,80)
</p>

<p>
c(46,70,0)
outline()
n(0.000000,0.485643,-0.874157)
C(0.000000,14.400000,192.000000)
p(4,82,83,84,85)
t(84,85,82)
t(82,83,84)
</p>

<p>
c(46,70,0)
outline()
n(1.000000,0.000000,0.000000)
C(-9.600000,19.200000,189.333333)
p(3,86,84,85)
t(84,86,85)
</p>

<p>
c(46,70,0)
outline()
n(1.000000,0.000000,0.000000)
C(9.600000,19.200000,189.333333)
p(3,87,83,82)
t(83,87,82)
</p>

<p>
c(46,70,0)
outline()
n(-0.998752,0.000000,0.049938)
C(-10.400000,10.400000,168.000000)
p(4,88,84,86,89)
t(86,89,88)
t(88,84,86)
</p>

<p>
c(46,70,0)
outline()
n(-0.998752,-0.000000,-0.049938)
C(10.400000,10.400000,168.000000)
p(4,90,83,87,91)
t(87,91,90)
t(90,83,87)
</p>

<p>
c(46,70,0)
outline()
n(0.000000,0.894427,-0.447214)
C(-0.000000,-8.000000,168.000000)
p(4,88,84,83,90)
t(83,90,88)
t(88,84,83)
</p>

<p>
c(46,70,0)
outline()
n(0.000000,0.996347,-0.085401)
C(0.000000,-18.400000,124.000000)
p(4,92,88,90,93)
t(90,93,92)
t(92,88,90)
</p>

<p>
c(46,70,0)
outline()
n(-0.993533,0.000000,0.113547)
C(-14.400000,3.600000,124.000000)
p(4,92,88,94,95)
t(94,95,92)
t(92,88,94)
</p>

<p>
c(46,70,0)
outline()
n(-0.993533,-0.000000,-0.113547)
C(14.400000,3.600000,124.000000)
p(4,93,90,96,97)
t(96,97,93)
t(93,90,96)
</p>

<p>
c(46,70,0)
outline()
n(-0.000000,-0.999266,0.038298)
C(0.000000,-23.573333,58.133333)
p(15,98,99,100,101,102,103,104,92,93,105,106,107,108,109,110)
t(110,109,108)
t(108,107,106)
t(105,93,92)
t(103,102,101)
t(101,100,99)
t(110,108,106)
t(106,105,92)
t(104,103,101)
t(98,110,106)
t(106,92,104)
t(104,101,99)
t(98,106,104)
t(104,99,98)
</p>

<p>
c(46,70,0)
outline()
n(-0.782386,-0.002960,0.622787)
C(-31.200000,1.200000,72.000000)
p(8,102,103,104,92,95,111,112,113)
t(112,113,102)
t(102,103,104)
t(104,92,95)
t(111,112,102)
t(102,104,95)
t(95,111,102)
</p>

<p>
c(46,70,0)
outline()
n(-0.782386,0.002960,-0.622787)
C(31.200000,1.200000,72.000000)
p(8,107,106,105,93,97,114,115,116)
t(115,116,107)
t(107,106,105)
t(105,93,97)
t(114,115,107)
t(107,105,97)
t(97,114,107)
</p>

<p>
glass()
outline()
n(0.339800,-0.874076,0.347171)
C(22.720000,-33.760000,21.280000)
p(10,108,109,110,98,117,118,119,120,121,122)
t(121,122,108)
t(109,110,98)
t(117,118,119)
t(119,120,121)
t(121,108,109)
t(109,98,117)
t(117,119,121)
t(121,109,117)
</p>

<p>
glass()
outline()
n(0.339800,0.874076,-0.347171)
C(-22.720000,-33.760000,21.280000)
p(10,101,100,99,98,117,118,119,123,124,125)
t(124,125,101)
t(100,99,98)
t(117,118,119)
t(119,123,124)
t(124,101,100)
t(100,98,117)
t(117,119,124)
t(124,100,117)
</p>

<p>
c(0,0,0)
outline()
n(0.000000,-0.996296,-0.085989)
C(0.000000,-50.240000,-13.120000)
p(5,126,120,119,123,127)
t(123,127,126)
t(126,120,119)
t(119,123,126)
</p>

<p>
c(0,0,0)
outline()
n(-0.577130,-0.718014,-0.389071)
C(-33.600000,-40.400000,-11.200000)
p(4,123,124,125,127)
t(125,127,123)
t(123,124,125)
</p>

<p>
c(0,0,0)
outline()
n(0.577130,-0.718014,-0.389071)
C(33.600000,-40.400000,-11.200000)
p(4,122,121,120,126)
t(120,126,122)
t(122,121,120)
</p>

<p>
c(0,143,66) /////////////////////////////////////////////////////////////////////
outline()
n(0.000000,0.948683,0.316228)
C(0.000000,-34.400000,-66.400000)
p(4,128,127,126,129)
t(126,129,128)
t(128,127,126)
</p>

<p>
c(0,143,66) /////////////////////////////////////////////////////////////////////
outline()
n(0.000000,0.980581,0.196116)
C(0.000000,-16.000000,-128.000000)
p(4,128,130,131,129)
t(130,128,129)
t(129,131,130)
</p>

<p>
c(46,70,0)
outline()
n(0.364400,-0.916572,-0.164648)
C(33.920000,-23.680000,-85.760000)
p(5,132,122,126,129,131)
t(129,131,132)
t(132,122,126)
t(126,129,132)
</p>

<p>
c(46,70,0)
outline()
n(-0.364400,-0.916572,-0.164648)
C(-33.920000,-23.680000,-85.760000)
p(5,133,125,127,128,130)
t(125,133,130)
t(128,127,125)
t(125,130,128)
</p>

<p>
c(46,70,0)
outline()
n(0.000000,0.995037,0.099504)
C(40.000000,-10.400000,-168.000000)
p(4,132,134,135,131)
t(135,131,132)
t(132,134,135)
</p>

<p>
c(0,143,66) //////////////////////////////////////////////////////////////////////
outline()
n(0.000000,0.995037,0.099504)
C(-0.000000,-10.400000,-168.000000)
p(4,130,136,135,131)
t(136,130,131)
t(131,135,136)
</p>

<p>
c(46,70,0)
outline()
n(-0.000000,0.995037,0.099504)
C(-40.000000,-10.400000,-168.000000)
p(4,133,137,136,130)
t(137,133,130)
t(130,136,137)
</p>

<p>
c(40,40,40)
outline()
n(-0.017942,0.000264,0.999839)
C(84.509091,-2.618182,-193.454545)
p(11,34,35,138,37,139,140,141,142,139,37,36)
t(34,36,37)
t(138,35,141)
t(140,141,35)
t(138,141,142)
t(140,35,34)
t(37,138,142)
t(139,140,34)
t(37,142,139)
t(139,34,37)
</p>

<p>
c(200,60,60)
light()
outline()
n(0.000000,0.000000,1.000000)
C(78.400000,-11.200000,-195.200000)
p(4,141,143,144,140)
t(143,141,140)
t(140,144,143)
</p>

<p>
c(200,60,60)
light()
outline()
n(0.000000,0.000000,1.000000)
C(78.400000,-4.800000,-195.200000)
p(4,143,145,146,144)
t(145,143,144)
t(144,146,145)
</p>

<p>
c(200,60,60)
light()
outline()
n(0.000000,0.000000,1.000000)
C(78.400000,1.600000,-195.200000)
p(4,145,142,139,146)
t(142,145,146)
t(146,139,142)
</p>

<p>
c(40,40,40)
outline()
n(0.017942,0.000264,0.999839)
C(-84.509091,-2.618182,-193.454545)
p(11,75,76,147,78,148,149,150,151,148,78,77)
t(77,75,76)
t(147,78,148)
t(149,148,78)
t(147,148,151)
t(149,78,77)
t(76,147,151)
t(150,149,77)
t(76,151,150)
t(150,77,76)
</p>

<p>
c(200,60,60)
light()
outline()
n(0.000000,0.000000,1.000000)
C(-78.400000,-11.200000,-195.200000)
p(4,150,152,153,149)
t(153,149,150)
t(150,152,153)
</p>

<p>
c(200,60,60)
light()
outline()
n(0.000000,0.000000,1.000000)
C(-78.400000,-4.800000,-195.200000)
p(4,152,154,155,153)
t(155,153,152)
t(152,154,155)
</p>

<p>
c(200,60,60)
light()
outline()
n(0.000000,0.000000,1.000000)
C(-78.400000,1.600000,-195.200000)
p(4,154,151,148,155)
t(148,155,154)
t(154,151,148)
</p>

<p>
c(40,40,40)
outline()
n(0.000000,0.000000,1.000000)
C(0.000000,11.377778,-192.000000)
p(18,138,134,137,147,156,157,158,159,160,157,156,161,162,163,164,165,162,161)
t(147,137,159)
t(157,158,163)
t(164,159,137)
t(147,159,160)
t(157,163,162)
t(164,137,134)
t(138,147,160)
t(165,164,134)
t(138,160,157)
t(165,134,138)
t(138,157,162)
t(162,165,138)
</p>

<p>
c(90,90,90)
outline()
n(0.000000,0.000000,1.000000)
C(33.600000,9.600000,-192.000000)
p(4,166,167,168,169)
t(168,169,166)
t(166,167,168)
</p>

<p>
c(90,90,90)
outline()
n(0.000000,1.000000,0.000000)
C(33.600000,4.800000,-202.400000)
p(4,167,168,170,171)
t(170,171,167)
t(167,168,170)
</p>

<p>
c(90,90,90)
outline()
n(0.000000,1.000000,0.000000)
C(33.600000,14.400000,-202.400000)
p(4,166,169,172,173)
t(172,173,166)
t(166,169,172)
</p>

<p>
c(90,90,90)
outline()
n(1.000000,0.000000,0.000000)
C(38.400000,9.600000,-200.000000)
p(4,169,168,170,172)
t(170,172,169)
t(169,168,170)
</p>

<p>
c(90,90,90)
outline()
n(1.000000,0.000000,0.000000)
C(28.800000,9.600000,-204.800000)
p(4,166,167,171,173)
t(171,173,166)
t(166,167,171)
</p>

<p>
c(90,90,90)
outline()
n(0.000000,0.000000,1.000000)
C(38.400000,9.600000,-217.600000)
p(4,173,171,174,175)
t(174,175,173)
t(173,171,174)
</p>

<p>
c(90,90,90)
outline()
n(0.000000,0.000000,1.000000)
C(48.000000,9.600000,-208.000000)
p(4,172,170,176,177)
t(176,177,172)
t(172,170,176)
</p>

<p>
c(90,90,90)
outline()
n(0.000000,1.000000,0.000000)
C(43.200000,4.800000,-212.800000)
p(4,171,170,176,174)
t(176,174,171)
t(171,170,176)
</p>

<p>
c(90,90,90)
outline()
n(0.000000,1.000000,0.000000)
C(43.200000,14.400000,-212.800000)
p(4,173,172,177,175)
t(177,175,173)
t(173,172,177)
</p>

<p>
c(90,90,90)
outline()
n(0.000000,1.000000,0.000000)
C(52.800000,0.000000,-231.200000)
p(4,178,179,180,181)
t(180,181,178)
t(178,179,180)
</p>

<p>
c(90,90,90)
outline()
n(0.000000,1.000000,0.000000)
C(52.800000,19.200000,-231.200000)
p(4,182,183,184,185)
t(184,185,182)
t(182,183,184)
</p>

<p>
c(90,90,90)
outline()
n(-0.993409,0.000000,-0.114624)
C(60.000000,9.600000,-228.800000)
p(4,183,179,180,184)
t(179,183,184)
t(184,180,179)
</p>

<p>
c(90,90,90)
outline()
n(-0.988936,0.000000,0.148340)
C(45.600000,9.600000,-233.600000)
p(4,182,178,181,185)
t(178,182,185)
t(185,181,178)
</p>

<p>
c(90,90,90)
outline()
n(-0.707107,0.000000,0.707107)
C(52.800000,9.600000,-212.800000)
p(4,182,178,179,183)
t(179,183,182)
t(182,178,179)
</p>

<p>
c(90,90,90)
outline()
n(0.000000,1.000000,0.000000)
C(19.200000,4.800000,-212.000000)
p(4,163,164,186,187)
t(186,187,163)
t(163,164,186)
</p>

<p>
c(90,90,90)
outline()
n(0.000000,1.000000,0.000000)
C(19.200000,14.400000,-212.000000)
p(4,162,165,188,189)
t(188,189,162)
t(162,165,188)
</p>

<p>
c(90,90,90)
outline()
n(1.000000,0.000000,0.000000)
C(24.000000,9.600000,-212.000000)
p(4,165,164,186,188)
t(186,188,165)
t(165,164,186)
</p>

<p>
c(90,90,90)
outline()
n(1.000000,0.000000,0.000000)
C(14.400000,9.600000,-212.000000)
p(4,162,163,187,189)
t(187,189,162)
t(162,163,187)
</p>

<p>
c(90,90,90)
outline()
n(0.000000,0.000000,1.000000)
C(19.200000,9.600000,-192.000000)
p(4,162,163,164,165)
t(164,165,162)
t(162,163,164)
</p>

<p>
c(90,90,90)
outline()
n(0.000000,1.000000,0.000000)
C(-33.600000,4.800000,-202.400000)
p(4,190,191,192,193)
t(191,190,193)
t(193,192,191)
</p>

<p>
c(90,90,90)
outline()
n(0.000000,1.000000,0.000000)
C(-33.600000,14.400000,-202.400000)
p(4,194,195,196,197)
t(195,194,197)
t(197,196,195)
</p>

<p>
c(90,90,90)
outline()
n(1.000000,0.000000,0.000000)
C(-38.400000,9.600000,-200.000000)
p(4,195,191,192,196)
t(192,196,195)
t(195,191,192)
</p>

<p>
c(90,90,90)
outline()
n(1.000000,0.000000,0.000000)
C(-28.800000,9.600000,-204.800000)
p(4,194,190,193,197)
t(193,197,194)
t(194,190,193)
</p>

<p>
c(90,90,90)
outline()
n(0.000000,0.000000,1.000000)
C(-38.400000,9.600000,-217.600000)
p(4,197,193,198,199)
t(193,197,199)
t(199,198,193)
</p>

<p>
c(90,90,90)
outline()
n(0.000000,0.000000,1.000000)
C(-48.000000,9.600000,-208.000000)
p(4,196,192,200,201)
t(192,196,201)
t(201,200,192)
</p>

<p>
c(90,90,90)
outline()
n(0.000000,1.000000,0.000000)
C(-43.200000,4.800000,-212.800000)
p(4,193,192,200,198)
t(192,193,198)
t(198,200,192)
</p>

<p>
c(90,90,90)
outline()
n(0.000000,1.000000,0.000000)
C(-43.200000,14.400000,-212.800000)
p(4,197,196,201,199)
t(196,197,199)
t(199,201,196)
</p>

<p>
c(90,90,90)
outline()
n(0.000000,1.000000,0.000000)
C(-52.800000,0.000000,-231.200000)
p(4,202,203,204,205)
t(203,202,205)
t(205,204,203)
</p>

<p>
c(90,90,90)
outline()
n(0.000000,1.000000,0.000000)
C(-52.800000,19.200000,-231.200000)
p(4,206,207,208,209)
t(207,206,209)
t(209,208,207)
</p>

<p>
c(90,90,90)
outline()
n(-0.993409,0.000000,0.114624)
C(-60.000000,9.600000,-228.800000)
p(4,207,203,204,208)
t(203,207,208)
t(208,204,203)
</p>

<p>
c(90,90,90)
outline()
n(-0.988936,0.000000,-0.148340)
C(-45.600000,9.600000,-233.600000)
p(4,206,202,205,209)
t(202,206,209)
t(209,205,202)
</p>

<p>
c(90,90,90)
outline()
n(-0.707107,0.000000,-0.707107)
C(-52.800000,9.600000,-212.800000)
p(4,206,202,203,207)
t(203,207,206)
t(206,202,203)
</p>

<p>
c(90,90,90)
outline()
n(0.000000,1.000000,0.000000)
C(-19.200000,4.800000,-212.000000)
p(4,158,159,210,211)
t(159,158,211)
t(211,210,159)
</p>

<p>
c(90,90,90)
outline()
n(0.000000,1.000000,0.000000)
C(-19.200000,14.400000,-212.000000)
p(4,157,160,212,213)
t(160,157,213)
t(213,212,160)
</p>

<p>
c(90,90,90)
outline()
n(1.000000,0.000000,0.000000)
C(-24.000000,9.600000,-212.000000)
p(4,160,159,210,212)
t(210,212,160)
t(160,159,210)
</p>

<p>
c(90,90,90)
outline()
n(1.000000,0.000000,0.000000)
C(-14.400000,9.600000,-212.000000)
p(4,157,158,211,213)
t(211,213,157)
t(157,158,211)
</p>

<p>
c(90,90,90)
outline()
n(0.000000,0.000000,1.000000)
C(-19.200000,9.600000,-192.000000)
p(4,157,158,159,160)
t(158,157,160)
t(160,159,158)
</p>

<p>
c(0,143,66)
charged()
outline()
n(1.000000,0.000000,0.000000)
C(104.000000,-4.685714,-10.057143)
p(14,214,215,216,217,30,27,23,20,17,9,218,219,220,221)
t(221,220,219)
t(218,9,17)
t(23,27,30)
t(216,215,214)
t(214,221,219)
t(219,218,17)
t(23,30,217)
t(217,216,214)
t(214,219,17)
t(23,217,214)
t(214,17,20)
t(20,23,214)
</p>

<p>
c(90,90,90)
outline()
n(-0.554700,-0.832050,0.000000)
C(128.000000,0.000000,-44.000000)
p(4,222,223,224,225)
t(223,222,225)
t(225,224,223)
</p>

<p>
c(90,90,90)
outline()
n(-0.554700,-0.832050,0.000000)
C(128.000000,8.000000,-44.000000)
p(4,226,227,228,229)
t(227,226,229)
t(229,228,227)
</p>

<p>
c(90,90,90)
outline()
n(0.832050,-0.000000,0.554700)
C(128.000000,4.000000,-52.000000)
p(4,222,226,229,225)
t(226,222,225)
t(225,229,226)
</p>

<p>
c(90,90,90)
outline()
n(0.832050,-0.000000,0.554700)
C(128.000000,4.000000,-36.000000)
p(4,223,227,228,224)
t(227,223,224)
t(224,228,227)
</p>

<p>
c(90,90,90)
light()
outline()
n(1.000000,0.000000,0.000000)
C(152.000000,-12.000000,-80.000000)
p(4,229,225,224,228)
t(225,229,228)
t(228,224,225)
</p>

<p>
c(90,90,90)
outline()
n(-0.554700,-0.832050,0.000000)
C(128.000000,0.000000,-28.000000)
p(4,230,223,224,231)
t(224,231,230)
t(230,223,224)
</p>

<p>
c(90,90,90)
outline()
n(-0.554700,-0.832050,0.000000)
C(128.000000,8.000000,-28.000000)
p(4,232,227,228,233)
t(228,233,232)
t(232,227,228)
</p>

<p>
c(90,90,90)
outline()
n(0.832050,-0.000000,0.554700)
C(128.000000,4.000000,-20.000000)
p(4,230,232,233,231)
t(232,230,231)
t(231,233,232)
</p>

<p>
c(90,90,90)
outline()
n(0.832050,-0.000000,0.554700)
C(128.000000,4.000000,-36.000000)
p(4,223,227,228,224)
t(227,223,224)
t(224,228,227)
</p>

<p>
c(90,90,90)
light()
outline()
n(1.000000,0.000000,0.000000)
C(152.000000,-12.000000,-64.000000)
p(4,228,224,231,233)
t(224,228,233)
t(233,231,224)
</p>

<p>
c(0,143,66)
charged()
outline()
n(1.000000,0.000000,0.000000)
C(-104.000000,-4.685714,-10.057143)
p(14,234,235,236,237,71,68,64,61,58,50,238,239,240,241)
t(241,240,239)
t(238,50,58)
t(64,68,71)
t(236,235,234)
t(234,241,239)
t(239,238,58)
t(64,71,237)
t(237,236,234)
t(234,239,58)
t(64,237,234)
t(234,58,61)
t(61,64,234)
</p>

<p>
c(90,90,90)
outline()
n(0.554700,-0.832050,0.000000)
C(-128.000000,0.000000,-44.000000)
p(4,242,243,244,245)
t(244,245,242)
t(242,243,244)
</p>

<p>
c(90,90,90)
outline()
n(0.554700,-0.832050,0.000000)
C(-128.000000,8.000000,-44.000000)
p(4,246,247,248,249)
t(248,249,246)
t(246,247,248)
</p>

<p>
c(90,90,90)
outline()
n(-0.832050,-0.000000,0.554700)
C(-128.000000,4.000000,-52.000000)
p(4,242,246,249,245)
t(249,245,242)
t(242,246,249)
</p>

<p>
c(90,90,90)
outline()
n(-0.832050,-0.000000,0.554700)
C(-128.000000,4.000000,-36.000000)
p(4,243,247,248,244)
t(248,244,243)
t(243,247,248)
</p>

<p>
c(90,90,90)
light()
outline()
n(1.000000,0.000000,0.000000)
C(-152.000000,-12.000000,-80.000000)
p(4,249,245,244,248)
t(245,249,248)
t(248,244,245)
</p>

<p>
c(90,90,90)
outline()
n(0.554700,-0.832050,0.000000)
C(-128.000000,0.000000,-28.000000)
p(4,250,243,244,251)
t(243,250,251)
t(251,244,243)
</p>

<p>
c(90,90,90)
outline()
n(0.554700,-0.832050,0.000000)
C(-128.000000,8.000000,-28.000000)
p(4,252,247,248,253)
t(247,252,253)
t(253,248,247)
</p>

<p>
c(90,90,90)
outline()
n(-0.832050,-0.000000,0.554700)
C(-128.000000,4.000000,-20.000000)
p(4,250,252,253,251)
t(253,251,250)
t(250,252,253)
</p>

<p>
c(90,90,90)
outline()
n(-0.832050,-0.000000,0.554700)
C(-128.000000,4.000000,-36.000000)
p(4,243,247,248,244)
t(248,244,243)
t(243,247,248)
</p>

<p>
c(90,90,90)
light()
outline()
n(1.000000,0.000000,0.000000)
C(-152.000000,-12.000000,-64.000000)
p(4,248,244,251,253)
t(244,248,253)
t(253,251,244)
</p>

<p>
c(30,50,30)
outline()
n(-0.993757,-0.018535,0.110013)
C(-23.200000,-27.200000,-187.200000)
p(4,136,254,255,256)
t(254,136,256)
t(256,255,254)
</p>

<p>
c(30,50,30)
outline()
n(-0.993757,0.018535,-0.110013)
C(23.200000,-27.200000,-187.200000)
p(4,135,257,258,259)
t(257,135,259)
t(259,258,257)
</p>

<p>
c(100,100,100)
light()
outline()
n(0.000000,0.936329,-0.351123)
C(0.000000,-45.600000,-190.400000)
p(4,260,261,262,263)
t(262,263,260)
t(260,261,262)
</p>

<p>
c(100,100,100)
outline()
n(0.000000,1.000000,0.000000)
C(0.000000,-43.200000,-177.600000)
p(4,260,264,265,263)
t(264,260,263)
t(263,265,264)
</p>

<p>
c(40,40,40)
outline()
n(1.000000,0.000000,0.000000)
C(96.000000,-43.200000,-184.400000)
p(4,266,267,268,269)
t(267,266,269)
t(269,268,267)
</p>

<p>
c(40,40,40)
outline()
n(1.000000,0.000000,0.000000)
C(-96.000000,-43.200000,-184.400000)
p(4,270,271,272,273)
t(271,270,273)
t(273,272,271)
</p>

<p>
c(40,40,40)
outline()
n(0.000000,0.970143,-0.242536)
C(0.000000,22.400000,-179.200000)
p(4,78,37,40,81)
t(37,78,81)
t(81,40,37)
</p>

<p>
c(40,40,40)
outline()
n(0.000000,1.000000,0.000000)
C(0.000000,25.600000,-134.400000)
p(4,274,275,276,277)
t(275,274,277)
t(277,276,275)
</p>

<p>
c(40,40,40)
outline()
n(0.000000,1.000000,0.000000)
C(0.000000,25.600000,-9.600000)
p(4,215,235,240,220)
t(240,220,215)
t(215,235,240)
</p>

<p>
c(40,40,40)
outline()
n(0.000000,1.000000,0.000000)
C(0.000000,25.600000,115.200000)
p(4,278,279,280,281)
t(279,278,281)
t(281,280,279)
</p>

<p>
c(40,40,40)
outline()
n(0.000000,0.998168,-0.060495)
C(0.000000,27.200000,173.600000)
p(4,282,283,53,12)
t(283,282,12)
t(12,53,283)
</p>

<p>
c(0,143,66)
charged()
outline()
n(0.999839,0.015906,0.008317)
C(56.666667,-21.466667,-71.466667)
p(12,35,31,29,24,22,18,284,107,108,122,132,134)
t(31,35,134)
t(122,108,107)
t(24,29,31)
t(31,134,132)
t(22,24,31)
t(22,31,132)
t(18,22,132)
</p>

<p>
c(0,143,66)
charged()
outline()
n(1.000000,0.000000,0.000000)
C(57.600000,-2.800000,120.600000)
p(8,284,16,13,7,1,0,285,286)
t(16,284,286)
t(285,0,1)
t(1,7,13)
t(13,16,286)
t(286,285,1)
t(1,13,286)
</p>

<p>
c(0,143,66)
charged()
outline()
n(-0.999839,0.015906,0.008317)
C(-56.666667,-21.466667,-71.466667)
p(12,76,72,70,65,63,59,287,102,101,125,133,137)
t(133,137,76)
t(72,70,65)
t(102,101,125)
t(133,76,72)
t(72,65,63)
t(133,72,63)
t(125,133,63)
</p>

<p>
c(0,143,66)
charged()
outline()
n(1.000000,0.000000,0.000000)
C(-57.600000,-2.800000,120.600000)
p(8,287,57,54,48,42,41,288,289)
t(57,287,289)
t(288,41,42)
t(42,48,54)
t(54,57,289)
t(289,288,42)
t(42,54,289)
</p>

<p>
c(46,70,0)
outline()
n(0.000000,0.000000,1.000000)
C(56.000000,1.200000,48.000000)
p(4,286,284,107,116)
t(284,286,116)
t(116,107,284)
</p>

<p>
c(46,70,0)
outline()
n(0.000000,0.000000,1.000000)
C(-56.000000,1.200000,48.000000)
p(4,289,287,102,113)
t(102,113,289)
t(289,287,102)
</p>

