v(66.240000,-2.780000,184.870000)
v(66.240000,5.560000,184.870000)
v(51.840000,5.560000,186.260000)
v(51.840000,-2.780000,186.260000)
v(37.440000,-2.780000,186.260000)
v(37.440000,5.560000,186.260000)
v(-66.240000,-2.780000,184.870000)
v(-66.240000,5.560000,184.870000)
v(-51.840000,5.560000,186.260000)
v(-51.840000,-2.780000,186.260000)
v(-37.440000,-2.780000,186.260000)
v(-37.440000,5.560000,186.260000)
v(66.240000,11.120000,184.870000)
v(37.440000,11.120000,186.260000)
v(-37.440000,11.120000,186.260000)
v(-66.240000,11.120000,184.870000)
v(69.120000,-2.780000,179.310000)
v(69.120000,5.560000,179.310000)
v(69.120000,11.120000,179.310000)
v(-69.120000,-2.780000,179.310000)
v(-69.120000,5.560000,179.310000)
v(-69.120000,11.120000,179.310000)
v(66.240000,-5.560000,184.870000)
v(37.440000,-5.560000,186.260000)
v(-66.240000,-5.560000,184.870000)
v(-37.440000,-5.560000,186.260000)
v(67.680000,-8.340000,175.140000)
v(-67.680000,-8.340000,175.140000)
v(37.440000,-9.730000,186.260000)
v(33.120000,11.120000,189.040000)
v(33.120000,6.950000,189.040000)
v(33.120000,1.390000,189.040000)
v(33.120000,0.000000,189.040000)
v(33.120000,-4.170000,189.040000)
v(0.000000,-4.170000,191.820000)
v(0.000000,-9.730000,189.040000)
v(33.120000,-9.730000,186.260000)
v(-37.440000,-9.730000,186.260000)
v(-33.120000,11.120000,189.040000)
v(-33.120000,6.950000,189.040000)
v(-33.120000,1.390000,189.040000)
v(-33.120000,0.000000,189.040000)
v(-33.120000,-4.170000,189.040000)
v(-33.120000,-9.730000,186.260000)
v(0.000000,6.950000,191.820000)
v(0.000000,11.120000,190.430000)
v(0.000000,1.390000,191.820000)
v(0.000000,0.000000,191.820000)
v(74.880000,11.120000,180.700000)
v(74.880000,11.120000,190.430000)
v(72.000000,11.120000,195.990000)
v(34.560000,11.120000,195.990000)
v(0.000000,11.120000,201.550000)
v(-34.560000,11.120000,195.990000)
v(-72.000000,11.120000,195.990000)
v(-74.880000,11.120000,190.430000)
v(-74.880000,11.120000,180.700000)
v(34.560000,11.120000,201.550000)
v(34.560000,26.410000,201.550000)
v(34.560000,26.410000,194.600000)
v(28.800000,26.410000,201.550000)
v(28.800000,11.120000,201.550000)
v(28.800000,26.410000,195.990000)
v(28.800000,12.510000,197.380000)
v(-34.560000,11.120000,201.550000)
v(-34.560000,26.410000,201.550000)
v(-34.560000,26.410000,194.600000)
v(-28.800000,26.410000,201.550000)
v(-28.800000,11.120000,201.550000)
v(-28.800000,26.410000,195.990000)
v(-28.800000,12.510000,197.380000)
v(72.000000,26.410000,180.700000)
v(70.560000,26.410000,190.430000)
v(69.120000,26.410000,194.600000)
v(-72.000000,26.410000,180.700000)
v(-70.560000,26.410000,190.430000)
v(-69.120000,26.410000,194.600000)
v(69.120000,26.410000,180.700000)
v(-69.120000,26.410000,180.700000)
v(0.000000,26.410000,200.160000)
v(66.240000,26.410000,184.870000)
v(37.440000,26.410000,186.260000)
v(0.000000,26.410000,190.430000)
v(-37.440000,26.410000,186.260000)
v(-66.240000,26.410000,184.870000)
v(-40.320000,-9.730000,173.750000)
v(-60.480000,-9.730000,173.750000)
v(40.320000,-9.730000,173.750000)
v(60.480000,-9.730000,173.750000)
v(37.440000,-11.120000,175.140000)
v(-37.440000,-11.120000,175.140000)
v(0.000000,-11.120000,176.530000)
v(37.440000,-16.680000,77.840000)
v(38.880000,-13.900000,122.320000)
v(37.440000,-15.290000,122.320000)
v(-37.440000,-16.680000,77.840000)
v(-38.880000,-13.900000,122.320000)
v(-37.440000,-15.290000,122.320000)
v(61.920000,-15.290000,72.280000)
v(61.920000,-13.900000,118.150000)
v(-61.920000,-15.290000,72.280000)
v(-61.920000,-13.900000,118.150000)
v(17.280000,-18.070000,80.620000)
v(-17.280000,-18.070000,80.620000)
v(0.000000,-18.070000,82.010000)
v(63.360000,-15.290000,72.280000)
v(67.680000,-13.900000,65.330000)
v(67.680000,-12.510000,86.180000)
v(69.120000,-12.510000,118.150000)
v(-63.360000,-15.290000,72.280000)
v(-67.680000,-13.900000,65.330000)
v(-67.680000,-12.510000,86.180000)
v(-69.120000,-12.510000,118.150000)
v(72.000000,-4.170000,119.540000)
v(72.000000,-4.170000,150.120000)
v(-72.000000,-4.170000,119.540000)
v(-72.000000,-4.170000,150.120000)
v(-72.000000,11.120000,151.510000)
v(-72.000000,1.390000,148.730000)
v(-72.000000,-1.390000,136.220000)
v(72.000000,11.120000,151.510000)
v(72.000000,1.390000,148.730000)
v(72.000000,-1.390000,136.220000)
v(70.560000,27.800000,151.510000)
v(-70.560000,27.800000,151.510000)
v(72.000000,-4.170000,70.890000)
v(-72.000000,-4.170000,70.890000)
v(74.880000,1.390000,120.930000)
v(74.880000,1.390000,134.830000)
v(74.880000,2.780000,141.780000)
v(73.440000,12.510000,150.120000)
v(-74.880000,1.390000,120.930000)
v(-74.880000,1.390000,134.830000)
v(-74.880000,2.780000,141.780000)
v(-73.440000,12.510000,150.120000)
v(72.000000,-1.390000,105.640000)
v(72.000000,0.000000,94.520000)
v(73.440000,15.290000,90.350000)
v(74.880000,6.950000,95.910000)
v(74.880000,1.390000,107.030000)
v(-72.000000,-1.390000,105.640000)
v(-74.880000,1.390000,107.030000)
v(-74.880000,6.950000,95.910000)
v(-73.440000,15.290000,90.350000)
v(-72.000000,0.000000,94.520000)
v(73.440000,15.290000,70.890000)
v(-73.440000,15.290000,70.890000)
v(66.240000,31.970000,66.720000)
v(66.240000,33.360000,87.570000)
v(-66.240000,31.970000,66.720000)
v(-66.240000,33.360000,87.570000)
v(-73.440000,-4.170000,-8.340000)
v(-67.680000,-13.900000,-9.730000)
v(-67.680000,-13.900000,-8.340000)
v(-67.680000,-13.900000,-5.560000)
v(-67.680000,-13.900000,54.210000)
v(-67.680000,-13.900000,59.770000)
v(73.440000,-4.170000,-8.340000)
v(67.680000,-13.900000,-9.730000)
v(67.680000,-13.900000,-8.340000)
v(67.680000,-13.900000,-5.560000)
v(67.680000,-13.900000,54.210000)
v(67.680000,-13.900000,59.770000)
v(73.440000,15.290000,-8.340000)
v(-73.440000,15.290000,-8.340000)
v(66.240000,31.970000,-12.510000)
v(-66.240000,31.970000,-12.510000)
v(67.680000,-13.900000,-12.510000)
v(67.680000,-13.900000,-15.290000)
v(69.120000,-13.900000,-58.380000)
v(69.120000,-13.900000,-75.060000)
v(69.120000,-13.900000,-76.450000)
v(73.440000,-4.170000,-77.840000)
v(-67.680000,-13.900000,-12.510000)
v(-67.680000,-13.900000,-15.290000)
v(-69.120000,-13.900000,-58.380000)
v(-69.120000,-13.900000,-75.060000)
v(-69.120000,-13.900000,-76.450000)
v(-73.440000,-4.170000,-77.840000)
v(73.440000,15.290000,-61.160000)
v(73.440000,0.000000,-77.840000)
v(73.440000,2.780000,-66.720000)
v(-73.440000,15.290000,-61.160000)
v(-73.440000,0.000000,-77.840000)
v(-73.440000,2.780000,-66.720000)
v(66.240000,31.970000,-58.380000)
v(-66.240000,31.970000,-58.380000)
v(66.240000,-13.900000,63.940000)
v(-66.240000,-13.900000,63.940000)
v(-63.360000,-15.290000,63.940000)
v(-43.200000,-16.680000,69.500000)
v(-14.400000,-18.070000,73.670000)
v(0.000000,-18.070000,73.670000)
v(14.400000,-18.070000,73.670000)
v(43.200000,-16.680000,69.500000)
v(63.360000,-15.290000,63.940000)
v(61.920000,-25.020000,52.820000)
v(53.280000,-40.310000,36.140000)
v(47.520000,-47.260000,27.800000)
v(48.960000,-47.260000,25.020000)
v(56.160000,-33.360000,38.920000)
v(-56.160000,-33.360000,38.920000)
v(-48.960000,-47.260000,25.020000)
v(-47.520000,-47.260000,27.800000)
v(-53.280000,-40.310000,36.140000)
v(-61.920000,-25.020000,52.820000)
v(48.960000,-45.870000,-15.290000)
v(46.080000,-50.040000,20.850000)
v(46.080000,-50.040000,-9.730000)
v(46.080000,-50.040000,-61.160000)
v(48.960000,-45.870000,-80.620000)
v(48.960000,-45.870000,-61.160000)
v(48.960000,-45.870000,-19.460000)
v(-48.960000,-45.870000,-15.290000)
v(-46.080000,-50.040000,20.850000)
v(-46.080000,-50.040000,-9.730000)
v(-46.080000,-50.040000,-61.160000)
v(-48.960000,-45.870000,-80.620000)
v(-48.960000,-45.870000,-61.160000)
v(-48.960000,-45.870000,-19.460000)
v(66.240000,-18.070000,-77.840000)
v(66.240000,-19.460000,-115.370000)
v(66.240000,-16.680000,-119.540000)
v(69.120000,-13.900000,-116.760000)
v(-66.240000,-18.070000,-77.840000)
v(-69.120000,-13.900000,-116.760000)
v(-66.240000,-16.680000,-119.540000)
v(-66.240000,-19.460000,-115.370000)
v(50.400000,-43.090000,-11.120000)
v(50.400000,-43.090000,23.630000)
v(-50.400000,-43.090000,23.630000)
v(-50.400000,-43.090000,-11.120000)
v(50.400000,-44.480000,-58.380000)
v(50.400000,-44.480000,-52.820000)
v(50.400000,-44.480000,-22.240000)
v(-50.400000,-44.480000,-58.380000)
v(-50.400000,-44.480000,-22.240000)
v(-50.400000,-44.480000,-52.820000)
v(46.080000,-45.870000,29.190000)
v(59.040000,-25.020000,52.820000)
v(51.840000,-40.310000,36.140000)
v(-46.080000,-45.870000,29.190000)
v(-51.840000,-40.310000,36.140000)
v(-59.040000,-25.020000,52.820000)
v(25.920000,-48.650000,31.970000)
v(25.920000,-47.260000,33.360000)
v(0.000000,-47.260000,34.750000)
v(-25.920000,-47.260000,33.360000)
v(-25.920000,-48.650000,31.970000)
v(0.000000,-48.650000,33.360000)
v(7.200000,-48.650000,-83.400000)
v(0.000000,-48.650000,-83.400000)
v(-7.200000,-48.650000,-83.400000)
v(-31.680000,-47.260000,-83.400000)
v(0.000000,-51.430000,-61.160000)
v(31.680000,-47.260000,-83.400000)
v(0.000000,-50.040000,22.240000)
v(46.080000,-50.040000,-8.340000)
v(-46.080000,-50.040000,-8.340000)
v(0.000000,-22.240000,-119.540000)
v(-31.680000,-22.240000,-119.540000)
v(-51.840000,-22.240000,-115.370000)
v(-61.920000,-20.850000,-112.590000)
v(-47.520000,-44.480000,-82.010000)
v(-31.680000,-45.870000,-83.400000)
v(0.000000,-45.870000,-83.400000)
v(31.680000,-45.870000,-83.400000)
v(47.520000,-44.480000,-82.010000)
v(61.920000,-20.850000,-112.590000)
v(51.840000,-22.240000,-115.370000)
v(31.680000,-22.240000,-119.540000)
v(0.000000,-16.680000,73.670000)
v(14.400000,-16.680000,73.670000)
v(43.200000,-15.290000,69.500000)
v(63.360000,-13.900000,63.940000)
v(59.040000,-23.630000,52.820000)
v(-59.040000,-23.630000,52.820000)
v(-63.360000,-13.900000,63.940000)
v(-43.200000,-15.290000,69.500000)
v(-14.400000,-16.680000,73.670000)
v(66.240000,31.970000,-63.940000)
v(63.360000,36.140000,-61.160000)
v(63.360000,36.140000,84.790000)
v(-66.240000,31.970000,-63.940000)
v(-63.360000,36.140000,-61.160000)
v(-63.360000,36.140000,84.790000)
v(76.320000,2.780000,-80.620000)
v(76.320000,5.560000,-75.060000)
v(74.880000,11.120000,-66.720000)
v(74.880000,18.070000,-63.940000)
v(-76.320000,2.780000,-80.620000)
v(-76.320000,5.560000,-75.060000)
v(-74.880000,11.120000,-66.720000)
v(-74.880000,18.070000,-63.940000)
v(-76.320000,4.170000,-108.420000)
v(-73.440000,0.000000,-111.200000)
v(76.320000,4.170000,-108.420000)
v(73.440000,0.000000,-111.200000)
v(73.440000,2.780000,-119.540000)
v(73.440000,11.120000,-126.490000)
v(74.880000,13.900000,-123.710000)
v(74.880000,6.950000,-118.150000)
v(-73.440000,2.780000,-119.540000)
v(-73.440000,11.120000,-126.490000)
v(-74.880000,13.900000,-123.710000)
v(-74.880000,6.950000,-118.150000)
v(66.240000,30.580000,-129.270000)
v(-66.240000,30.580000,-129.270000)
v(67.680000,-12.510000,-180.700000)
v(69.120000,-4.170000,-183.480000)
v(69.120000,-4.170000,-177.920000)
v(72.000000,-4.170000,-141.780000)
v(72.000000,-4.170000,-132.050000)
v(69.120000,11.120000,-189.040000)
v(70.560000,11.120000,-179.310000)
v(72.000000,11.120000,-145.950000)
v(-67.680000,-12.510000,-180.700000)
v(-69.120000,-4.170000,-183.480000)
v(-69.120000,-4.170000,-177.920000)
v(-72.000000,-4.170000,-141.780000)
v(-72.000000,-4.170000,-132.050000)
v(-69.120000,11.120000,-189.040000)
v(-70.560000,11.120000,-179.310000)
v(-72.000000,11.120000,-145.950000)
v(66.240000,27.800000,-179.310000)
v(-66.240000,27.800000,-179.310000)
v(66.240000,-13.900000,-180.700000)
v(-66.240000,-13.900000,-180.700000)
v(0.000000,-45.870000,-84.790000)
v(31.680000,-45.870000,-84.790000)
v(0.000000,-20.850000,-122.320000)
v(31.680000,-20.850000,-120.930000)
v(51.840000,-20.850000,-118.150000)
v(-31.680000,-45.870000,-84.790000)
v(-51.840000,-20.850000,-118.150000)
v(-31.680000,-20.850000,-120.930000)
v(-63.360000,-18.070000,-119.540000)
v(-47.520000,-19.460000,-122.320000)
v(-23.040000,-19.460000,-125.100000)
v(0.000000,-19.460000,-126.490000)
v(23.040000,-19.460000,-125.100000)
v(47.520000,-19.460000,-122.320000)
v(63.360000,-18.070000,-119.540000)
v(63.360000,-13.900000,-180.700000)
v(-63.360000,-13.900000,-180.700000)
v(47.520000,-15.290000,-175.140000)
v(47.520000,-13.900000,-182.090000)
v(-47.520000,-15.290000,-175.140000)
v(-47.520000,-13.900000,-182.090000)
v(0.000000,-13.900000,-183.480000)
v(64.800000,-9.730000,-182.090000)
v(64.800000,6.950000,-187.650000)
v(64.800000,11.120000,-189.040000)
v(-64.800000,-9.730000,-182.090000)
v(-64.800000,6.950000,-187.650000)
v(-64.800000,11.120000,-189.040000)
v(0.000000,-9.730000,-184.870000)
v(17.280000,-9.730000,-184.870000)
v(17.280000,4.170000,-189.040000)
v(0.000000,4.170000,-189.040000)
v(0.000000,6.950000,-190.430000)
v(48.960000,6.950000,-189.040000)
v(48.960000,-9.730000,-183.480000)
v(-17.280000,-9.730000,-184.870000)
v(-17.280000,4.170000,-189.040000)
v(-48.960000,6.950000,-189.040000)
v(-48.960000,-9.730000,-183.480000)
v(48.960000,11.120000,-190.430000)
v(-48.960000,11.120000,-190.430000)
v(0.000000,11.120000,-191.820000)
v(73.440000,11.120000,-179.310000)
v(72.000000,26.410000,-179.310000)
v(-72.000000,26.410000,-179.310000)
v(-73.440000,11.120000,-179.310000)
v(-73.440000,11.120000,-191.820000)
v(-67.680000,12.510000,-195.990000)
v(-44.640000,12.510000,-197.380000)
v(-40.320000,12.510000,-197.380000)
v(0.000000,12.510000,-197.380000)
v(40.320000,12.510000,-197.380000)
v(44.640000,12.510000,-197.380000)
v(67.680000,12.510000,-195.990000)
v(73.440000,11.120000,-191.820000)
v(72.000000,26.410000,-191.820000)
v(-72.000000,26.410000,-191.820000)
v(67.680000,26.410000,-193.210000)
v(-67.680000,26.410000,-193.210000)
v(44.640000,26.410000,-194.600000)
v(-44.640000,26.410000,-194.600000)
v(-40.320000,26.410000,-194.600000)
v(0.000000,26.410000,-194.600000)
v(40.320000,26.410000,-194.600000)
v(40.320000,12.510000,-201.550000)
v(44.640000,12.510000,-201.550000)
v(44.640000,25.020000,-201.550000)
v(40.320000,25.020000,-201.550000)
v(-40.320000,12.510000,-201.550000)
v(-44.640000,12.510000,-201.550000)
v(-44.640000,25.020000,-201.550000)
v(-40.320000,25.020000,-201.550000)
v(70.560000,6.950000,-179.310000)
v(69.120000,-2.780000,-177.920000)
v(69.120000,-2.780000,-180.700000)
v(69.120000,5.560000,-182.090000)
v(-70.560000,6.950000,-179.310000)
v(-69.120000,-2.780000,-177.920000)
v(-69.120000,-2.780000,-180.700000)
v(-69.120000,5.560000,-182.090000)
v(46.080000,-50.040000,-25.020000)
v(46.080000,-61.160000,-25.020000)
v(46.080000,-61.160000,-9.730000)
v(-46.080000,-50.040000,-25.020000)
v(-46.080000,-61.160000,-25.020000)
v(-46.080000,-61.160000,-9.730000)
v(15.840000,-61.160000,-9.730000)
v(15.840000,-50.040000,-9.730000)
v(15.840000,-61.160000,-25.020000)
v(15.840000,-50.040000,-25.020000)
v(-15.840000,-50.040000,-9.730000)
v(-15.840000,-61.160000,-9.730000)
v(-15.840000,-61.160000,-25.020000)
v(-15.840000,-50.040000,-25.020000)
v(0.000000,-61.160000,-9.730000)
v(0.000000,-50.040000,-9.730000)
v(0.000000,-61.160000,-25.020000)
v(0.000000,-50.040000,-25.020000)
v(53.280000,27.800000,151.510000)
v(-53.280000,27.800000,151.510000)
v(53.280000,36.140000,84.790000)
v(-53.280000,36.140000,84.790000)
v(53.280000,36.140000,-61.160000)
v(-53.280000,36.140000,-61.160000)
v(53.280000,30.580000,-129.270000)
v(-53.280000,30.580000,-129.270000)
v(64.800000,27.800000,-184.870000)
v(0.000000,27.800000,-186.260000)
v(-64.800000,27.800000,-184.870000)
v(24.480000,11.120000,211.280000)
v(20.160000,11.120000,197.380000)
v(14.400000,11.120000,212.670000)
v(10.080000,11.120000,200.160000)
v(4.320000,11.120000,212.670000)
v(27.360000,11.120000,195.990000)
v(43.200000,11.120000,195.990000)
v(38.880000,11.120000,211.280000)
v(34.560000,11.120000,194.600000)
v(73.440000,11.120000,194.600000)
v(69.120000,11.120000,209.890000)
v(63.360000,11.120000,195.990000)
v(59.040000,11.120000,209.890000)
v(53.280000,11.120000,195.990000)
v(48.960000,11.120000,209.890000)
v(69.120000,12.510000,-194.600000)
v(63.360000,12.510000,-208.500000)
v(59.040000,12.510000,-195.990000)
v(56.160000,12.510000,-208.500000)
v(51.840000,12.510000,-195.990000)
v(48.960000,12.510000,-208.500000)
v(4.320000,12.510000,-211.280000)
v(8.640000,12.510000,-197.380000)
v(12.960000,12.510000,-211.280000)
v(18.720000,12.510000,-197.380000)
v(23.040000,12.510000,-211.280000)
v(28.800000,12.510000,-197.380000)
v(34.560000,12.510000,-209.890000)
v(84.960000,27.800000,29.190000)
v(84.960000,34.750000,29.190000)
v(63.360000,34.750000,29.190000)
v(66.240000,27.800000,29.190000)
v(84.960000,34.750000,25.020000)
v(63.360000,34.750000,25.020000)
v(84.960000,27.800000,-27.800000)
v(84.960000,34.750000,-27.800000)
v(63.360000,34.750000,-27.800000)
v(66.240000,27.800000,-27.800000)
v(84.960000,34.750000,-31.970000)
v(63.360000,34.750000,-31.970000)
v(80.640000,27.800000,59.770000)
v(80.640000,27.800000,-51.430000)
v(84.960000,27.800000,-51.430000)
v(84.960000,27.800000,59.770000)
v(84.960000,34.750000,59.770000)
v(84.960000,34.750000,-51.430000)
v(80.640000,34.750000,59.770000)
v(80.640000,34.750000,-51.430000)
v(-24.480000,11.120000,211.280000)
v(-20.160000,11.120000,197.380000)
v(-14.400000,11.120000,212.670000)
v(-10.080000,11.120000,200.160000)
v(-4.320000,11.120000,212.670000)
v(-27.360000,11.120000,195.990000)
v(-43.200000,11.120000,195.990000)
v(-38.880000,11.120000,211.280000)
v(-34.560000,11.120000,194.600000)
v(-73.440000,11.120000,194.600000)
v(-69.120000,11.120000,209.890000)
v(-63.360000,11.120000,195.990000)
v(-59.040000,11.120000,209.890000)
v(-53.280000,11.120000,195.990000)
v(-48.960000,11.120000,209.890000)
v(-69.120000,12.510000,-194.600000)
v(-63.360000,12.510000,-208.500000)
v(-59.040000,12.510000,-195.990000)
v(-56.160000,12.510000,-208.500000)
v(-51.840000,12.510000,-195.990000)
v(-48.960000,12.510000,-208.500000)
v(-4.320000,12.510000,-211.280000)
v(-8.640000,12.510000,-197.380000)
v(-12.960000,12.510000,-211.280000)
v(-18.720000,12.510000,-197.380000)
v(-23.040000,12.510000,-211.280000)
v(-28.800000,12.510000,-197.380000)
v(-34.560000,12.510000,-209.890000)
v(-84.960000,27.800000,29.190000)
v(-84.960000,34.750000,29.190000)
v(-63.360000,34.750000,29.190000)
v(-66.240000,27.800000,29.190000)
v(-84.960000,34.750000,25.020000)
v(-63.360000,34.750000,25.020000)
v(-84.960000,27.800000,-27.800000)
v(-84.960000,34.750000,-27.800000)
v(-63.360000,34.750000,-27.800000)
v(-66.240000,27.800000,-27.800000)
v(-84.960000,34.750000,-31.970000)
v(-63.360000,34.750000,-31.970000)
v(-80.640000,27.800000,59.770000)
v(-80.640000,27.800000,-51.430000)
v(-84.960000,27.800000,-51.430000)
v(-84.960000,27.800000,59.770000)
v(-84.960000,34.750000,59.770000)
v(-84.960000,34.750000,-51.430000)
v(-80.640000,34.750000,59.770000)
v(-80.640000,34.750000,-51.430000)

<p>
c(254,254,254)
light()
outline()
n(0.096081,0.000000,0.995374)
C(59.040000,1.390000,185.565000)
p(4,0,1,2,3)
t(2,3,0)
t(0,1,2)
</p>

<p>
c(254,254,254)
light()
outline()
n(0.000000,0.000000,1.000000)
C(44.640000,1.390000,186.260000)
p(4,4,3,2,5)
t(2,5,4)
t(4,3,2)
</p>

<p>
c(254,254,254)
light()
outline()
n(-0.096081,0.000000,0.995374)
C(-59.040000,1.390000,185.565000)
p(4,6,7,8,9)
t(7,6,9)
t(9,8,7)
</p>

<p>
c(254,254,254)
light()
outline()
n(0.000000,0.000000,1.000000)
C(-44.640000,1.390000,186.260000)
p(4,10,9,8,11)
t(9,10,11)
t(11,8,9)
</p>

<p>
c(200,120,0)
light()
outline()
n(0.048184,0.041944,0.997957)
C(51.840000,7.784000,185.704000)
p(5,2,1,12,13,5)
t(13,5,2)
t(2,1,12)
t(12,13,2)
</p>

<p>
c(200,120,0)
light()
outline()
n(0.048184,-0.041944,-0.997957)
C(-51.840000,7.784000,185.704000)
p(5,8,11,14,15,7)
t(11,8,7)
t(7,15,14)
t(14,11,7)
</p>

<p>
c(200,120,0)
light()
outline()
n(-0.887948,0.000000,-0.459944)
C(67.680000,1.390000,182.090000)
p(4,1,0,16,17)
t(0,1,17)
t(17,16,0)
</p>

<p>
c(200,120,0)
light()
outline()
n(-0.887948,0.000000,-0.459944)
C(67.680000,8.340000,182.090000)
p(4,17,18,12,1)
t(18,17,1)
t(1,12,18)
</p>

<p>
c(200,120,0)
light()
outline()
n(-0.887948,0.000000,0.459944)
C(-67.680000,1.390000,182.090000)
p(4,7,6,19,20)
t(6,7,20)
t(20,19,6)
</p>

<p>
c(200,120,0)
light()
outline()
n(-0.887948,0.000000,0.459944)
C(-67.680000,8.340000,182.090000)
p(4,20,21,15,7)
t(21,20,7)
t(7,15,21)
</p>

<p>
c(140,140,140)
outline()
n(0.048048,-0.085883,0.995146)
C(51.840000,-3.892000,185.704000)
p(5,22,0,3,4,23)
t(4,23,22)
t(22,0,3)
t(3,4,22)
</p>

<p>
c(140,140,140)
outline()
n(0.048048,0.085883,-0.995146)
C(-51.840000,-3.892000,185.704000)
p(5,24,6,9,10,25)
t(10,25,24)
t(24,6,9)
t(9,10,24)
</p>

<p>
c(51,51,51)
outline()
n(-0.879489,0.368067,-0.301703)
C(67.320000,-4.865000,181.047500)
p(4,26,16,0,22)
t(16,26,22)
t(22,0,16)
</p>

<p>
c(51,51,51)
outline()
n(0.879489,0.368067,-0.301703)
C(-67.320000,-4.865000,181.047500)
p(4,27,19,6,24)
t(6,24,27)
t(27,19,6)
</p>

<p>
c(140,140,140)
outline()
n(0.110025,-0.083263,0.990435)
C(29.686154,-0.748462,187.970769)
p(13,28,23,4,5,13,29,30,31,32,33,34,35,36)
t(35,36,28)
t(28,23,4)
t(5,13,29)
t(31,32,33)
t(33,34,35)
t(28,4,5)
t(5,29,30)
t(30,31,33)
t(33,35,28)
t(28,5,30)
t(30,33,28)
</p>

<p>
c(140,140,140)
outline()
n(-0.110025,-0.083263,0.990435)
C(-29.686154,-0.748462,187.970769)
p(13,37,25,10,11,14,38,39,40,41,42,34,35,43)
t(25,37,43)
t(43,35,34)
t(42,41,40)
t(39,38,14)
t(10,25,43)
t(43,34,42)
t(42,40,39)
t(39,14,11)
t(11,10,43)
t(43,42,39)
t(39,11,43)
</p>

<p>
c(45,45,45)
outline()
n(0.061957,0.168492,0.983754)
C(16.560000,9.035000,190.082500)
p(4,44,30,29,45)
t(29,45,44)
t(44,30,29)
</p>

<p>
c(45,45,45)
outline()
n(0.083643,0.000000,0.996496)
C(16.560000,4.170000,190.430000)
p(4,46,31,30,44)
t(30,44,46)
t(46,31,30)
</p>

<p>
c(45,45,45)
outline()
n(0.083643,0.000000,0.996496)
C(16.560000,0.695000,190.430000)
p(4,47,32,31,46)
t(31,46,47)
t(47,32,31)
</p>

<p>
c(45,45,45)
outline()
n(0.083643,0.000000,0.996496)
C(16.560000,-2.085000,190.430000)
p(4,33,32,47,34)
t(47,34,33)
t(33,32,47)
</p>

<p>
c(45,45,45)
outline()
n(0.061957,-0.168492,-0.983754)
C(-16.560000,9.035000,190.082500)
p(4,44,45,38,39)
t(45,44,39)
t(39,38,45)
</p>

<p>
c(45,45,45)
outline()
n(-0.083643,0.000000,0.996496)
C(-16.560000,4.170000,190.430000)
p(4,46,44,39,40)
t(39,40,46)
t(46,44,39)
</p>

<p>
c(45,45,45)
outline()
n(-0.083643,0.000000,0.996496)
C(-16.560000,0.695000,190.430000)
p(4,47,46,40,41)
t(40,41,47)
t(47,46,40)
</p>

<p>
c(45,45,45)
outline()
n(-0.083643,0.000000,0.996496)
C(-16.560000,-2.085000,190.430000)
p(4,42,34,47,41)
t(47,41,42)
t(42,34,47)
</p>

<p>
c(140,140,140)
outline()
n(0.000000,1.000000,0.000000)
C(0.000000,11.120000,188.731111)
p(18,12,18,48,49,50,51,52,53,54,55,56,21,15,14,38,45,29,13)
t(12,13,29)
t(38,14,15)
t(15,21,56)
t(56,55,54)
t(53,52,51)
t(51,50,49)
t(49,48,18)
t(15,56,54)
t(53,51,49)
t(49,18,12)
t(38,15,54)
t(54,53,49)
t(49,12,29)
t(45,38,54)
t(54,49,29)
t(29,45,54)
</p>

<p>
c(45,45,45)
outline()
n(1.000000,0.000000,0.000000)
C(34.560000,18.765000,198.422500)
p(4,51,57,58,59)
t(57,51,59)
t(59,58,57)
</p>

<p>
c(45,45,45)
outline()
n(0.000000,0.000000,1.000000)
C(31.680000,18.765000,201.550000)
p(4,60,58,57,61)
t(58,60,61)
t(61,57,58)
</p>

<p>
c(45,45,45)
outline()
n(1.000000,0.000000,0.000000)
C(28.800000,19.112500,199.117500)
p(4,62,60,61,63)
t(61,63,62)
t(62,60,61)
</p>

<p>
c(45,45,45)
outline()
n(0.135738,0.983278,0.121406)
C(31.680000,11.467500,199.117500)
p(4,57,51,63,61)
t(63,61,57)
t(57,51,63)
</p>

<p>
c(45,45,45)
outline()
n(1.000000,0.000000,0.000000)
C(-34.560000,18.765000,198.422500)
p(4,53,64,65,66)
t(64,53,66)
t(66,65,64)
</p>

<p>
c(45,45,45)
outline()
n(0.000000,0.000000,1.000000)
C(-31.680000,18.765000,201.550000)
p(4,67,65,64,68)
t(64,68,67)
t(67,65,64)
</p>

<p>
c(45,45,45)
outline()
n(1.000000,0.000000,0.000000)
C(-28.800000,19.112500,199.117500)
p(4,69,67,68,70)
t(68,70,69)
t(69,67,68)
</p>

<p>
c(45,45,45)
outline()
n(0.135738,-0.983278,-0.121406)
C(-31.680000,11.467500,199.117500)
p(4,64,53,70,68)
t(70,68,64)
t(64,53,70)
</p>

<p>
c(140,140,140)
outline()
n(-0.960136,-0.217704,-0.175340)
C(72.240000,18.765000,188.808333)
p(6,49,48,71,72,73,50)
t(48,49,50)
t(50,73,72)
t(72,71,48)
t(48,50,72)
</p>

<p>
c(140,140,140)
outline()
n(-0.960136,0.217704,0.175340)
C(-72.240000,18.765000,188.808333)
p(6,55,56,74,75,76,54)
t(56,55,54)
t(54,76,75)
t(75,74,56)
t(56,54,75)
</p>

<p>
c(140,140,140)
outline()
n(-0.190881,-0.062555,0.979618)
C(71.280000,18.765000,180.352500)
p(4,18,77,71,48)
t(77,18,48)
t(48,71,77)
</p>

<p>
c(140,140,140)
outline()
n(0.190881,-0.062555,0.979618)
C(-71.280000,18.765000,180.352500)
p(4,21,56,74,78)
t(56,21,78)
t(78,74,56)
</p>

<p>
c(140,140,140)
outline()
n(-0.000000,0.090536,0.995893)
C(52.560000,18.765000,195.295000)
p(4,51,50,73,59)
t(73,59,51)
t(51,50,73)
</p>

<p>
c(140,140,140)
outline()
n(0.000000,0.090536,0.995893)
C(-52.560000,18.765000,195.295000)
p(4,53,66,76,54)
t(76,54,53)
t(53,66,76)
</p>

<p>
c(140,140,140)
outline()
n(0.158201,0.089396,0.983352)
C(17.280000,18.765000,198.075000)
p(4,51,59,79,52)
t(79,52,51)
t(51,59,79)
</p>

<p>
c(140,140,140)
outline()
n(0.158201,-0.089396,-0.983352)
C(-17.280000,18.765000,198.075000)
p(4,79,66,53,52)
t(66,79,52)
t(52,53,66)
</p>

<p>
c(140,140,140)
outline()
n(0.000000,1.000000,0.000000)
C(46.560000,26.410000,189.194444)
p(9,72,71,77,80,81,82,79,59,73)
t(59,73,72)
t(72,71,77)
t(80,81,82)
t(82,79,59)
t(72,77,80)
t(80,82,59)
t(59,72,80)
</p>

<p>
c(140,140,140)
outline()
n(0.000000,1.000000,0.000000)
C(-46.560000,26.410000,189.194444)
p(9,79,82,83,84,78,74,75,76,66)
t(66,79,82)
t(82,83,84)
t(84,78,74)
t(74,75,76)
t(76,66,82)
t(84,74,76)
t(76,82,84)
</p>

<p>
c(51,51,51)
outline()
n(-0.020447,-0.946777,0.321239)
C(-54.432000,-7.784000,178.754000)
p(5,85,25,24,27,86)
t(27,86,85)
t(85,25,24)
t(24,27,85)
</p>

<p>
c(51,51,51)
outline()
n(0.020447,-0.946777,0.321239)
C(54.432000,-7.784000,178.754000)
p(5,87,23,22,26,88)
t(23,87,88)
t(88,26,22)
t(22,23,88)
</p>

<p>
c(51,51,51)
outline()
n(-0.929757,0.309191,-0.199884)
C(38.160000,-9.035000,180.352500)
p(4,87,23,28,89)
t(23,87,89)
t(89,28,23)
</p>

<p>
c(51,51,51)
outline()
n(0.929757,0.309191,-0.199884)
C(-38.160000,-9.035000,180.352500)
p(4,85,25,37,90)
t(37,90,85)
t(85,25,37)
</p>

<p>
c(51,51,51)
outline()
n(0.000000,0.992852,-0.119354)
C(0.000000,-10.251250,182.611250)
p(8,28,36,35,43,37,90,91,89)
t(36,28,89)
t(91,90,37)
t(43,35,36)
t(36,89,91)
t(91,37,43)
t(43,36,91)
</p>

<p>
c(51,51,51)
outline()
n(0.560196,-0.826986,0.047702)
C(38.304000,-13.344000,134.274000)
p(5,92,93,87,89,94)
t(89,94,92)
t(93,87,89)
t(89,92,93)
</p>

<p>
c(51,51,51)
outline()
n(-0.560196,-0.826986,0.047702)
C(-38.304000,-13.344000,134.274000)
p(5,95,96,85,90,97)
t(96,95,97)
t(97,90,85)
t(85,96,97)
</p>

<p>
c(51,51,51)
outline()
n(-0.031199,0.997508,-0.063274)
C(50.160000,-13.205000,123.015000)
p(6,88,87,93,92,98,99)
t(87,88,99)
t(99,98,92)
t(93,87,99)
t(99,92,93)
</p>

<p>
c(51,51,51)
outline()
n(0.031199,0.997508,-0.063274)
C(-50.160000,-13.205000,123.015000)
p(6,86,85,96,95,100,101)
t(100,101,86)
t(86,85,96)
t(96,95,100)
t(100,86,96)
</p>

<p>
c(51,51,51)
outline()
n(-0.000000,-0.997829,0.065855)
C(0.000000,-15.151000,117.038000)
p(10,102,92,94,89,91,90,97,95,103,104)
t(102,92,94)
t(94,89,91)
t(91,90,97)
t(97,95,103)
t(104,102,94)
t(94,91,97)
t(97,103,104)
t(104,94,97)
</p>

<p>
c(51,51,51)
outline()
n(-0.228941,0.972069,-0.051649)
C(64.980000,-12.683750,110.157500)
p(8,105,106,107,108,26,88,99,98)
t(105,98,99)
t(99,88,26)
t(26,108,107)
t(107,106,105)
t(105,99,26)
t(26,107,105)
</p>

<p>
c(51,51,51)
outline()
n(0.228941,0.972069,-0.051649)
C(-64.980000,-12.683750,110.157500)
p(8,109,110,111,112,27,86,101,100)
t(101,100,109)
t(109,110,111)
t(111,112,27)
t(27,86,101)
t(101,109,111)
t(111,27,101)
</p>

<p>
c(51,51,51)
outline()
n(-0.921406,0.385073,-0.052253)
C(69.984000,-6.394000,148.452000)
p(5,108,113,114,16,26)
t(113,108,26)
t(26,16,114)
t(114,113,26)
</p>

<p>
c(51,51,51)
outline()
n(0.921406,0.385073,-0.052253)
C(-69.984000,-6.394000,148.452000)
p(5,112,115,116,19,27)
t(19,27,112)
t(112,115,116)
t(116,19,112)
</p>

<p>
c(51,51,51)
outline()
n(0.997579,0.028652,-0.063366)
C(-70.920000,2.085000,155.506250)
p(8,116,19,20,21,117,118,119,115)
t(19,116,115)
t(118,117,21)
t(20,19,115)
t(118,21,20)
t(20,115,119)
t(119,118,20)
</p>

<p>
c(51,51,51)
outline()
n(-0.997579,0.028652,-0.063366)
C(70.920000,2.085000,155.506250)
p(8,114,16,17,18,120,121,122,113)
t(122,113,114)
t(114,16,17)
t(17,18,120)
t(121,122,114)
t(114,17,120)
t(120,121,114)
</p>

<p>
c(51,51,51)
outline()
n(-0.996156,-0.043625,-0.075965)
C(70.200000,19.112500,165.757500)
p(4,18,120,123,77)
t(120,18,77)
t(77,123,120)
</p>

<p>
c(51,51,51)
outline()
n(0.996156,-0.043625,-0.075965)
C(-70.200000,19.112500,165.757500)
p(4,21,117,124,78)
t(124,78,21)
t(21,117,124)
</p>

<p>
c(51,51,51)
outline()
n(-0.918375,0.395604,0.009176)
C(69.696000,-9.452000,92.018000)
p(5,125,113,108,107,106)
t(113,125,106)
t(107,108,113)
t(113,106,107)
</p>

<p>
c(51,51,51)
outline()
n(0.918375,0.395604,0.009176)
C(-69.696000,-9.452000,92.018000)
p(5,126,115,112,111,110)
t(111,110,126)
t(126,115,112)
t(112,111,126)
</p>

<p>
c(51,51,51)
outline()
n(-0.998117,-0.058724,-0.017730)
C(72.960000,5.868889,139.463333)
p(9,120,121,122,113,127,128,129,130,123)
t(120,123,130)
t(128,127,113)
t(113,122,121)
t(121,120,130)
t(129,128,113)
t(121,130,129)
t(129,113,121)
</p>

<p>
c(51,51,51)
outline()
n(0.998117,-0.058724,-0.017730)
C(-72.960000,5.868889,139.463333)
p(9,117,118,119,115,131,132,133,134,124)
t(134,124,117)
t(118,119,115)
t(115,131,132)
t(133,134,117)
t(118,115,132)
t(133,117,118)
t(118,132,133)
</p>

<p>
c(51,51,51)
outline()
n(-0.978847,0.189646,0.076765)
C(73.440000,2.780000,104.845714)
p(7,135,136,137,138,139,127,113)
t(135,113,127)
t(138,137,136)
t(136,135,127)
t(139,138,136)
t(136,127,139)
</p>

<p>
c(51,51,51)
outline()
n(-0.978847,-0.189646,-0.076765)
C(-73.440000,2.780000,104.845714)
p(7,140,115,131,141,142,143,144)
t(140,115,131)
t(142,143,144)
t(144,140,131)
t(141,142,144)
t(144,131,141)
</p>

<p>
c(51,51,51)
outline()
n(0.996989,-0.077535,0.001143)
C(72.480000,3.475000,91.971667)
p(6,125,145,137,136,135,113)
t(135,113,125)
t(125,145,137)
t(136,135,125)
t(125,137,136)
</p>

<p>
c(51,51,51)
outline()
n(-0.996989,-0.077535,0.001143)
C(-72.480000,3.475000,91.971667)
p(6,126,146,143,144,140,115)
t(126,115,140)
t(144,143,146)
t(126,140,144)
t(144,146,126)
</p>

<p>
c(51,51,51)
outline()
n(-0.924866,-0.380050,0.013615)
C(69.840000,23.977500,78.882500)
p(4,145,147,148,137)
t(147,145,137)
t(137,148,147)
</p>

<p>
c(51,51,51)
outline()
n(-0.924866,0.380050,-0.013615)
C(-69.840000,23.977500,78.882500)
p(4,146,149,150,143)
t(149,146,143)
t(143,150,149)
</p>

<p>
c(245,245,245)
outline()
n(-0.886056,-0.463551,0.005032)
C(-68.940000,-11.467500,27.278750)
p(8,110,126,151,152,153,154,155,156)
t(156,110,126)
t(126,151,152)
t(152,153,154)
t(154,155,156)
t(156,126,152)
t(152,154,156)
</p>

<p>
c(245,245,245)
outline()
n(-0.886056,0.463551,-0.005032)
C(68.940000,-11.467500,27.278750)
p(8,106,125,157,158,159,160,161,162)
t(162,106,125)
t(125,157,158)
t(158,159,160)
t(160,161,162)
t(162,125,158)
t(158,160,162)
</p>

<p>
c(245,245,245)
outline()
n(0.999273,-0.037023,0.009082)
C(73.080000,5.560000,31.275000)
p(4,145,125,157,163)
t(157,163,145)
t(145,125,157)
</p>

<p>
c(245,245,245)
outline()
n(-0.999273,-0.037023,0.009082)
C(-73.080000,5.560000,31.275000)
p(4,146,126,151,164)
t(126,146,164)
t(164,151,126)
</p>

<p>
c(245,245,245)
outline()
n(-0.918117,-0.396309,0.000000)
C(69.840000,23.630000,29.190000)
p(4,147,145,163,165)
t(145,147,165)
t(165,163,145)
</p>

<p>
c(245,245,245)
outline()
n(-0.918117,0.396309,-0.000000)
C(-69.840000,23.630000,29.190000)
p(4,149,146,164,166)
t(146,149,166)
t(166,164,146)
</p>

<p>
c(245,245,245)
outline()
n(-0.887857,0.459891,-0.014520)
C(69.660000,-11.467500,-41.700000)
p(8,157,158,167,168,169,170,171,172)
t(158,157,172)
t(172,171,170)
t(169,168,167)
t(167,158,172)
t(172,170,169)
t(169,167,172)
</p>

<p>
c(245,245,245)
outline()
n(0.887857,0.459891,-0.014520)
C(-69.660000,-11.467500,-41.700000)
p(8,151,152,173,174,175,176,177,178)
t(177,178,151)
t(151,152,173)
t(173,174,175)
t(175,176,177)
t(151,173,175)
t(175,177,151)
</p>

<p>
c(245,245,245)
outline()
n(1.000000,0.000000,0.000000)
C(73.440000,4.170000,-50.040000)
p(6,179,163,157,172,180,181)
t(181,179,163)
t(163,157,172)
t(172,180,181)
t(181,163,172)
</p>

<p>
c(245,245,245)
outline()
n(1.000000,0.000000,0.000000)
C(-73.440000,4.170000,-50.040000)
p(6,182,164,151,178,183,184)
t(184,182,164)
t(164,151,178)
t(178,183,184)
t(184,164,178)
</p>

<p>
c(245,245,245)
outline()
n(-0.918117,-0.396309,0.000000)
C(69.840000,23.630000,-35.097500)
p(4,163,179,185,165)
t(179,163,165)
t(165,185,179)
</p>

<p>
c(245,245,245)
outline()
n(-0.918117,0.396309,-0.000000)
C(-69.840000,23.630000,-35.097500)
p(4,164,182,186,166)
t(182,164,166)
t(166,186,182)
</p>

<p>
c(45,45,45)
outline()
n(0.000000,-0.981816,-0.189837)
C(0.000000,-16.506250,72.453750)
p(16,187,98,92,102,104,103,95,100,188,189,190,191,192,193,194,195)
t(194,195,187)
t(187,98,92)
t(92,102,104)
t(104,103,95)
t(95,100,188)
t(188,189,190)
t(194,187,92)
t(92,104,95)
t(95,188,190)
t(193,194,92)
t(95,190,191)
t(192,193,92)
t(92,95,191)
t(191,192,92)
</p>

<p>
c(245,245,245)
outline()
n(-0.711324,0.660950,-0.239089)
C(59.472000,-26.549000,51.430000)
p(10,105,98,187,196,197,198,199,200,162,106)
t(98,105,106)
t(106,162,200)
t(200,199,198)
t(187,98,106)
t(200,198,197)
t(187,106,200)
t(200,197,196)
t(196,187,200)
</p>

<p>
c(245,245,245)
outline()
n(0.711324,0.660950,-0.239089)
C(-59.472000,-26.549000,51.430000)
p(10,109,110,156,201,202,203,204,205,188,100)
t(110,109,100)
t(204,203,202)
t(202,201,156)
t(110,100,188)
t(205,204,202)
t(156,110,188)
t(188,205,202)
t(202,156,188)
</p>

<p>
c(245,245,245)
outline()
n(-0.810330,0.585971,0.001547)
C(47.840000,-47.568889,-19.305556)
p(9,206,199,198,207,208,209,210,211,212)
t(199,206,212)
t(211,210,209)
t(209,208,207)
t(207,198,199)
t(199,212,211)
t(211,209,207)
t(207,199,211)
</p>

<p>
c(245,245,245)
outline()
n(0.810330,0.585971,0.001547)
C(-47.840000,-47.568889,-19.305556)
p(9,213,202,203,214,215,216,217,218,219)
t(218,219,213)
t(213,202,203)
t(203,214,215)
t(215,216,217)
t(218,213,203)
t(203,215,217)
t(217,218,203)
</p>

<p>
c(245,245,245)
outline()
n(-0.846934,0.531693,0.002210)
C(62.125714,-24.821429,-92.534286)
p(7,220,211,210,221,222,223,171)
t(220,171,223)
t(223,222,221)
t(221,210,211)
t(211,220,223)
t(223,221,211)
</p>

<p>
c(245,245,245)
outline()
n(0.846934,0.531693,0.002210)
C(-62.125714,-24.821429,-92.534286)
p(7,224,177,225,226,227,217,218)
t(224,218,217)
t(227,226,225)
t(225,177,224)
t(224,217,227)
t(227,225,224)
</p>

<p>
c(245,245,245)
outline()
n(-0.865012,0.501749,0.001731)
C(58.400000,-29.807778,17.915556)
p(9,200,199,206,159,160,228,229,161,162)
t(200,162,161)
t(228,160,159)
t(199,200,161)
t(228,159,206)
t(199,161,229)
t(229,228,206)
t(206,199,229)
</p>

<p>
c(245,245,245)
outline()
n(-0.865012,-0.501749,-0.001731)
C(-58.400000,-29.807778,17.915556)
p(9,201,156,155,230,231,154,153,213,202)
t(201,156,155)
t(231,154,153)
t(202,201,155)
t(231,153,213)
t(202,155,230)
t(230,231,213)
t(213,202,230)
</p>

<p>
c(245,245,245)
outline()
n(0.862946,-0.505297,-0.000000)
C(60.192000,-26.688000,-13.066000)
p(5,206,212,167,158,159)
t(158,159,206)
t(206,212,167)
t(167,158,206)
</p>

<p>
c(245,245,245)
outline()
n(-0.862946,-0.505297,-0.000000)
C(-60.192000,-26.688000,-13.066000)
p(5,213,153,152,173,219)
t(173,219,213)
t(213,153,152)
t(152,173,213)
</p>

<p>
c(245,245,245)
outline()
n(-0.859240,0.511394,-0.013541)
C(58.896000,-29.885000,-47.121000)
p(10,232,233,234,168,167,212,211,220,171,170)
t(232,170,171)
t(171,220,211)
t(212,167,168)
t(232,171,211)
t(212,168,234)
t(233,232,211)
t(211,212,234)
t(234,233,211)
</p>

<p>
c(245,245,245)
outline()
n(-0.859240,-0.511394,0.013541)
C(-58.896000,-29.885000,-47.121000)
p(10,235,176,177,224,218,219,173,174,236,237)
t(236,237,235)
t(235,176,177)
t(177,224,218)
t(219,173,174)
t(235,177,218)
t(219,174,236)
t(236,235,218)
t(218,219,236)
</p>

<p>
c(245,245,245)
outline()
n(-0.012035,-0.737912,0.674789)
C(56.160000,-31.622500,45.348750)
p(8,238,198,197,196,187,195,239,240)
t(240,238,198)
t(198,197,196)
t(196,187,195)
t(240,198,196)
t(196,195,239)
t(239,240,196)
</p>

<p>
c(245,245,245)
outline()
n(0.012035,-0.737912,0.674789)
C(-56.160000,-31.622500,45.348750)
p(8,241,242,243,189,188,205,204,203)
t(204,203,241)
t(243,189,188)
t(188,205,204)
t(204,241,242)
t(242,243,188)
t(188,204,242)
</p>

<p>
c(245,245,245)
outline()
n(0.000000,-0.979483,-0.201527)
C(0.000000,-47.399000,31.275000)
p(10,244,198,238,245,246,247,241,203,248,249)
t(244,198,238)
t(247,241,203)
t(244,238,245)
t(247,203,248)
t(249,244,245)
t(246,247,248)
t(249,245,246)
t(246,248,249)
</p>

<p>
c(245,245,245)
outline()
n(0.000000,0.991257,0.131945)
C(0.000000,-48.372000,-76.172000)
p(10,250,251,252,253,217,216,254,209,210,255)
t(210,255,250)
t(252,253,217)
t(217,216,254)
t(254,209,210)
t(210,250,251)
t(251,252,217)
t(217,254,210)
t(210,251,217)
</p>

<p>
c(245,245,245)
outline()
n(0.000000,-0.999983,0.005896)
C(0.000000,-50.213750,-17.027500)
p(8,256,207,257,209,254,216,258,214)
t(207,256,214)
t(258,216,254)
t(254,209,257)
t(257,207,214)
t(214,258,254)
t(254,257,214)
</p>

<p>
c(245,245,245)
outline()
n(0.000000,0.990062,-0.140630)
C(0.000000,-48.823750,27.105000)
p(8,214,203,248,249,244,198,207,256)
t(256,214,203)
t(203,248,249)
t(249,244,198)
t(198,207,256)
t(256,203,249)
t(249,198,256)
</p>

<p>
glass()
outline()
n(0.000000,0.822840,0.568274)
C(-0.000000,-31.622500,-102.396667)
p(12,259,260,261,262,263,264,265,266,267,268,269,270)
t(269,270,259)
t(259,260,261)
t(261,262,263)
t(266,267,268)
t(268,269,259)
t(259,261,263)
t(265,266,268)
t(268,259,263)
t(264,265,268)
t(268,263,264)
</p>

<p>
glass()
outline()
n(0.000000,0.779915,-0.625886)
C(0.000000,-29.363750,51.603750)
p(16,271,272,273,274,275,240,238,245,246,247,241,242,276,277,278,279)
t(278,279,271)
t(271,272,273)
t(273,274,275)
t(275,240,238)
t(247,241,242)
t(242,276,277)
t(277,278,271)
t(271,273,275)
t(275,238,245)
t(246,247,242)
t(242,277,271)
t(271,275,245)
t(245,246,242)
t(242,271,245)
</p>

<p>
c(140,140,140)
outline()
n(0.810952,0.585108,-0.002214)
C(65.417143,33.360000,6.155714)
p(7,147,165,185,280,281,282,148)
t(282,148,147)
t(165,185,280)
t(280,281,282)
t(282,147,165)
t(165,280,282)
</p>

<p>
c(140,140,140)
outline()
n(-0.810952,0.585108,-0.002214)
C(-65.417143,33.360000,6.155714)
p(7,149,166,186,283,284,285,150)
t(166,149,150)
t(150,285,284)
t(284,283,186)
t(186,166,150)
t(150,284,186)
</p>

<p>
c(51,51,51)
outline()
n(-0.948242,-0.305421,0.086919)
C(72.800000,13.282222,-68.264444)
p(9,180,286,287,288,289,280,185,179,181)
t(286,180,181)
t(181,179,185)
t(185,280,289)
t(287,286,181)
t(181,185,289)
t(288,287,181)
t(181,289,288)
</p>

<p>
c(51,51,51)
outline()
n(0.948242,-0.305421,0.086919)
C(-72.800000,13.282222,-68.264444)
p(9,183,290,291,292,293,283,186,182,184)
t(182,184,183)
t(183,290,291)
t(293,283,186)
t(183,291,292)
t(293,186,182)
t(182,183,292)
t(292,293,182)
</p>

<p>
c(51,51,51)
outline()
n(0.778533,0.627472,0.012861)
C(-74.880000,1.737500,-94.520000)
p(4,294,295,183,290)
t(295,294,290)
t(290,183,295)
</p>

<p>
c(51,51,51)
outline()
n(0.778533,-0.627472,-0.012861)
C(74.880000,1.737500,-94.520000)
p(4,296,297,180,286)
t(297,296,286)
t(286,180,297)
</p>

<p>
c(51,51,51)
outline()
n(-0.935086,0.270326,0.229214)
C(74.400000,6.486667,-117.918333)
p(6,297,298,299,300,301,296)
t(298,297,296)
t(301,300,299)
t(298,296,301)
t(301,299,298)
</p>

<p>
c(51,51,51)
outline()
n(-0.935086,-0.270326,-0.229214)
C(-74.400000,6.486667,-117.918333)
p(6,295,302,303,304,305,294)
t(302,295,294)
t(305,304,303)
t(302,294,305)
t(305,303,302)
</p>

<p>
c(51,51,51)
outline()
n(0.773644,0.200368,-0.601105)
C(71.520000,18.533333,-126.490000)
p(3,299,306,300)
t(306,300,299)
</p>

<p>
c(51,51,51)
outline()
n(-0.773644,0.200368,-0.601105)
C(-71.520000,18.533333,-126.490000)
p(3,303,307,304)
t(307,303,304)
</p>

<p>
c(51,51,51)
outline()
n(-0.944640,0.326601,0.031420)
C(70.200000,-7.645000,-135.872500)
p(8,172,171,223,308,309,310,311,312)
t(171,172,312)
t(312,311,310)
t(310,309,308)
t(308,223,171)
t(171,312,310)
t(310,308,171)
</p>

<p>
c(51,51,51)
outline()
n(-0.996833,0.064955,0.045873)
C(71.760000,2.200833,-138.536667)
p(12,297,180,172,312,311,310,309,313,314,315,299,298)
t(298,299,315)
t(315,314,313)
t(313,309,310)
t(311,312,172)
t(172,180,297)
t(297,298,315)
t(315,313,310)
t(311,172,297)
t(297,315,310)
t(310,311,297)
</p>

<p>
c(51,51,51)
outline()
n(0.944640,0.326601,0.031420)
C(-70.200000,-7.645000,-135.872500)
p(8,178,177,225,316,317,318,319,320)
t(320,178,177)
t(177,225,316)
t(316,317,318)
t(318,319,320)
t(320,177,316)
t(316,318,320)
</p>

<p>
c(51,51,51)
outline()
n(0.996833,0.064955,0.045873)
C(-71.760000,2.200833,-138.536667)
p(12,295,183,178,320,319,318,317,321,322,323,303,302)
t(295,183,178)
t(178,320,319)
t(319,318,317)
t(317,321,322)
t(323,303,302)
t(295,178,319)
t(319,317,322)
t(322,323,302)
t(302,295,319)
t(319,322,302)
</p>

<p>
c(51,51,51)
outline()
n(-0.953129,-0.300561,0.034757)
C(69.696000,18.348000,-152.066000)
p(5,314,324,306,299,315)
t(324,314,315)
t(315,299,306)
t(306,324,315)
</p>

<p>
c(51,51,51)
outline()
n(-0.953129,0.300561,-0.034757)
C(-69.696000,18.348000,-152.066000)
p(5,322,325,307,303,323)
t(325,322,323)
t(323,303,307)
t(307,325,323)
</p>

<p>
c(51,51,51)
outline()
n(0.706742,-0.706761,-0.031688)
C(67.320000,-14.247500,-149.425000)
p(4,308,223,222,326)
t(222,326,308)
t(308,223,222)
</p>

<p>
c(51,51,51)
outline()
n(-0.706742,-0.706761,-0.031688)
C(-67.320000,-14.247500,-149.425000)
p(4,316,225,226,327)
t(225,316,327)
t(327,226,225)
</p>

<p>
c(245,245,245)
outline()
n(-0.070983,0.817806,0.571100)
C(30.816000,-33.082000,-101.748000)
p(15,255,250,251,328,329,267,268,269,270,259,330,331,332,221,210)
t(332,331,330)
t(330,259,270)
t(270,269,268)
t(267,329,328)
t(328,251,250)
t(221,332,330)
t(328,250,255)
t(221,330,270)
t(267,328,255)
t(221,270,268)
t(267,255,210)
t(210,221,268)
t(268,267,210)
</p>

<p>
c(245,245,245)
outline()
n(0.070983,0.817806,0.571100)
C(-30.816000,-33.082000,-101.748000)
p(15,259,260,261,262,263,333,328,251,252,253,217,227,334,335,330)
t(260,259,330)
t(330,335,334)
t(253,252,251)
t(251,328,333)
t(262,261,260)
t(260,330,334)
t(253,251,333)
t(262,260,334)
t(217,253,333)
t(262,334,227)
t(217,333,263)
t(263,262,227)
t(227,217,263)
</p>

<p>
c(245,245,245)
outline()
n(-0.000000,-0.999083,0.042821)
C(0.000000,-19.373125,-120.669375)
p(16,222,221,332,331,330,335,334,227,226,336,337,338,339,340,341,342)
t(342,222,221)
t(334,227,226)
t(336,337,338)
t(338,339,340)
t(340,341,342)
t(342,221,332)
t(334,226,336)
t(336,338,340)
t(340,342,332)
t(335,334,336)
t(340,332,331)
t(335,336,340)
t(340,331,330)
t(330,335,340)
</p>

<p>
c(51,51,51)
outline()
n(0.246974,-0.967461,-0.054976)
C(64.800000,-15.637500,-150.120000)
p(4,222,342,343,326)
t(343,326,222)
t(222,342,343)
</p>

<p>
c(51,51,51)
outline()
n(-0.246974,-0.967461,-0.054976)
C(-64.800000,-15.637500,-150.120000)
p(4,226,336,344,327)
t(336,226,327)
t(327,344,336)
</p>

<p>
c(51,51,51)
outline()
n(0.062739,-0.994960,-0.078216)
C(53.856000,-16.124000,-155.958000)
p(5,342,341,345,346,343)
t(346,343,342)
t(342,341,345)
t(345,346,342)
</p>

<p>
c(51,51,51)
outline()
n(-0.062739,-0.994960,-0.078216)
C(-53.856000,-16.124000,-155.958000)
p(5,336,337,347,348,344)
t(337,336,344)
t(344,348,347)
t(347,337,344)
</p>

<p>
c(51,51,51)
outline()
n(0.000000,0.995875,0.090735)
C(-0.000000,-16.958000,-151.927000)
p(10,340,339,338,337,347,348,349,346,345,341)
t(340,341,345)
t(345,346,349)
t(349,348,347)
t(347,337,338)
t(339,340,345)
t(345,349,347)
t(347,338,339)
t(339,345,347)
</p>

<p>
c(51,51,51)
outline()
n(-0.064007,0.322305,0.944470)
C(66.240000,-3.127500,-184.175000)
p(8,326,343,350,351,352,313,309,308)
t(343,326,308)
t(308,309,313)
t(313,352,351)
t(350,343,308)
t(308,313,351)
t(351,350,308)
</p>

<p>
c(51,51,51)
outline()
n(0.064007,0.322305,0.944470)
C(-66.240000,-3.127500,-184.175000)
p(8,327,344,353,354,355,321,317,316)
t(317,316,327)
t(327,344,353)
t(353,354,355)
t(355,321,317)
t(317,327,353)
t(353,355,317)
</p>

<p>
c(51,51,51)
outline()
n(-0.035074,0.316528,0.947935)
C(28.014545,-5.307273,-185.375455)
p(11,346,349,356,357,358,359,360,361,362,350,343)
t(346,343,350)
t(361,360,359)
t(357,356,349)
t(349,346,350)
t(361,359,358)
t(357,349,350)
t(362,361,358)
t(357,350,362)
t(362,358,357)
</p>

<p>
c(51,51,51)
outline()
n(0.035074,0.316528,0.947935)
C(-28.014545,-5.307273,-185.375455)
p(11,348,349,356,363,364,359,360,365,366,353,344)
t(353,344,348)
t(348,349,356)
t(364,359,360)
t(366,353,348)
t(348,356,363)
t(364,360,365)
t(365,366,348)
t(348,363,364)
t(364,365,348)
</p>

<p>
c(130,0,0)
light()
outline()
n(-0.082962,0.315138,0.945413)
C(56.880000,-1.390000,-185.565000)
p(4,362,361,351,350)
t(361,362,350)
t(350,351,361)
</p>

<p>
c(130,0,0)
light()
outline()
n(-0.082962,-0.315138,-0.945413)
C(-56.880000,-1.390000,-185.565000)
p(4,366,365,354,353)
t(365,366,353)
t(353,354,365)
</p>

<p>
c(140,140,140)
outline()
n(0.082962,-0.315138,-0.945413)
C(56.880000,9.035000,-189.040000)
p(4,352,351,361,367)
t(361,367,352)
t(352,351,361)
</p>

<p>
c(140,140,140)
outline()
n(0.082962,0.315138,0.945413)
C(-56.880000,9.035000,-189.040000)
p(4,355,368,365,354)
t(368,355,354)
t(354,365,368)
</p>

<p>
c(140,140,140)
outline()
n(-0.000000,0.343299,0.939226)
C(0.000000,9.035000,-190.198333)
p(6,367,361,360,365,368,369)
t(361,367,369)
t(369,368,365)
t(360,361,369)
t(369,365,360)
</p>

<p>
c(235,235,235)
outline()
n(0.000000,-0.287348,-0.957826)
C(0.000000,-2.780000,-186.955000)
p(6,358,357,356,363,364,359)
t(359,358,357)
t(356,363,364)
t(364,359,357)
t(357,356,364)
</p>

<p>
c(140,140,140)
outline()
n(0.000000,0.000000,1.000000)
C(70.560000,19.112500,-179.310000)
p(4,324,314,370,371)
t(370,371,324)
t(324,314,370)
</p>

<p>
c(140,140,140)
outline()
n(0.000000,0.000000,1.000000)
C(-70.560000,19.112500,-179.310000)
p(4,325,372,373,322)
t(373,322,325)
t(325,372,373)
</p>

<p>
c(140,140,140)
outline()
n(0.000000,0.996899,0.078692)
C(0.000000,11.606500,-190.430000)
p(20,313,352,367,369,368,355,321,322,373,374,375,376,377,378,379,380,381,382,370,314)
t(313,314,370)
t(370,382,381)
t(381,380,379)
t(377,376,375)
t(375,374,373)
t(373,322,321)
t(321,355,368)
t(367,352,313)
t(313,370,381)
t(381,379,378)
t(378,377,375)
t(375,373,321)
t(367,313,381)
t(381,378,375)
t(375,321,368)
t(369,367,381)
t(381,375,368)
t(368,369,381)
</p>

<p>
c(140,140,140)
outline()
n(-0.995594,-0.093764,0.000000)
C(72.720000,18.765000,-185.565000)
p(4,371,370,382,383)
t(370,371,383)
t(383,382,370)
</p>

<p>
c(140,140,140)
outline()
n(-0.995594,0.093764,0.000000)
C(-72.720000,18.765000,-185.565000)
p(4,372,373,374,384)
t(373,372,384)
t(384,374,373)
</p>

<p>
c(140,140,140)
outline()
n(-0.521942,-0.104584,0.846545)
C(70.200000,19.112500,-193.210000)
p(4,381,385,383,382)
t(385,381,382)
t(382,383,385)
</p>

<p>
c(140,140,140)
outline()
n(-0.521942,0.104584,-0.846545)
C(-70.200000,19.112500,-193.210000)
p(4,375,386,384,374)
t(386,375,374)
t(374,384,386)
</p>

<p>
c(140,140,140)
outline()
n(0.059055,0.195774,-0.978869)
C(56.160000,19.460000,-195.295000)
p(4,380,387,385,381)
t(385,381,380)
t(380,387,385)
</p>

<p>
c(140,140,140)
outline()
n(0.059055,-0.195774,0.978869)
C(-56.160000,19.460000,-195.295000)
p(4,376,375,386,388)
t(375,376,388)
t(388,386,375)
</p>

<p>
c(140,140,140)
outline()
n(0.000000,0.196116,-0.980581)
C(0.000000,19.460000,-195.990000)
p(6,379,378,377,389,390,391)
t(390,391,379)
t(378,377,389)
t(389,390,379)
t(379,378,389)
</p>

<p>
c(45,45,45)
outline()
n(0.000000,1.000000,0.000000)
C(42.480000,12.510000,-199.465000)
p(4,379,392,393,380)
t(392,379,380)
t(380,393,392)
</p>

<p>
c(45,45,45)
outline()
n(1.000000,0.000000,0.000000)
C(44.640000,19.112500,-198.770000)
p(4,380,393,394,387)
t(394,387,380)
t(380,393,394)
</p>

<p>
c(45,45,45)
outline()
n(0.000000,0.000000,1.000000)
C(42.480000,18.765000,-201.550000)
p(4,394,393,392,395)
t(393,394,395)
t(395,392,393)
</p>

<p>
c(45,45,45)
outline()
n(1.000000,0.000000,0.000000)
C(40.320000,19.112500,-198.770000)
p(4,379,391,395,392)
t(391,379,392)
t(392,395,391)
</p>

<p>
c(45,45,45)
outline()
n(0.000000,1.000000,0.000000)
C(-42.480000,12.510000,-199.465000)
p(4,377,396,397,376)
t(397,376,377)
t(377,396,397)
</p>

<p>
c(45,45,45)
outline()
n(1.000000,0.000000,0.000000)
C(-44.640000,19.112500,-198.770000)
p(4,376,397,398,388)
t(398,388,376)
t(376,397,398)
</p>

<p>
c(45,45,45)
outline()
n(0.000000,0.000000,1.000000)
C(-42.480000,18.765000,-201.550000)
p(4,398,397,396,399)
t(396,399,398)
t(398,397,396)
</p>

<p>
c(45,45,45)
outline()
n(1.000000,0.000000,0.000000)
C(-40.320000,19.112500,-198.770000)
p(4,377,389,399,396)
t(389,377,396)
t(396,399,389)
</p>

<p>
c(130,0,0)
light()
outline()
n(0.963426,-0.118988,-0.240108)
C(69.480000,1.737500,-180.005000)
p(4,400,401,402,403)
t(402,403,400)
t(400,401,402)
</p>

<p>
c(130,0,0)
light()
outline()
n(-0.963426,-0.118988,-0.240108)
C(-69.480000,1.737500,-180.005000)
p(4,404,405,406,407)
t(405,404,407)
t(407,406,405)
</p>

<p>
glass()
outline()
n(-0.860521,0.509414,-0.000000)
C(59.040000,-28.495000,15.290000)
p(4,160,161,229,228)
t(161,160,228)
t(228,229,161)
</p>

<p>
glass()
outline()
n(-0.861380,0.507600,-0.019150)
C(59.400000,-29.190000,-37.182500)
p(4,234,233,169,168)
t(233,234,168)
t(168,169,233)
</p>

<p>
glass()
outline()
n(0.852882,-0.522104,-0.000000)
C(59.760000,-29.190000,-61.160000)
p(4,232,170,169,233)
t(169,233,232)
t(232,170,169)
</p>

<p>
glass()
outline()
n(0.860521,0.509414,0.000000)
C(-59.040000,-28.495000,15.290000)
p(4,155,154,231,230)
t(154,155,230)
t(230,231,154)
</p>

<p>
glass()
outline()
n(-0.861380,-0.507600,0.019150)
C(-59.400000,-29.190000,-37.182500)
p(4,236,174,175,237)
t(175,237,236)
t(236,174,175)
</p>

<p>
glass()
outline()
n(-0.852882,-0.522104,-0.000000)
C(-59.760000,-29.190000,-61.160000)
p(4,235,237,175,176)
t(175,176,235)
t(235,237,175)
</p>

<p>
c(4,58,176)
outline()
n(1.000000,0.000000,0.000000)
C(46.080000,-55.600000,-17.375000)
p(4,208,408,409,410)
t(408,208,410)
t(410,409,408)
</p>

<p>
c(140,0,0)
outline()
n(1.000000,0.000000,0.000000)
C(-46.080000,-55.600000,-17.375000)
p(4,215,411,412,413)
t(411,215,413)
t(413,412,411)
</p>

<p>
c(4,58,176)
outline()
n(0.000000,0.000000,1.000000)
C(30.960000,-55.600000,-9.730000)
p(4,208,410,414,415)
t(410,208,415)
t(415,414,410)
</p>

<p>
c(4,58,176)
outline()
n(0.000000,1.000000,0.000000)
C(30.960000,-61.160000,-17.375000)
p(4,414,410,409,416)
t(409,416,414)
t(414,410,409)
</p>

<p>
c(4,58,176)
outline()
n(0.000000,0.000000,1.000000)
C(30.960000,-55.600000,-25.020000)
p(4,408,417,416,409)
t(416,409,408)
t(408,417,416)
</p>

<p>
c(140,0,0)
outline()
n(0.000000,0.000000,1.000000)
C(-30.960000,-55.600000,-9.730000)
p(4,215,418,419,413)
t(418,215,413)
t(413,419,418)
</p>

<p>
c(140,0,0)
outline()
n(0.000000,1.000000,0.000000)
C(-30.960000,-61.160000,-17.375000)
p(4,419,420,412,413)
t(412,413,419)
t(419,420,412)
</p>

<p>
c(140,0,0)
outline()
n(0.000000,0.000000,1.000000)
C(-30.960000,-55.600000,-25.020000)
p(4,411,412,420,421)
t(420,421,411)
t(411,412,420)
</p>

<p>
c(200,200,200)
outline()
n(0.000000,0.000000,1.000000)
C(0.000000,-55.600000,-9.730000)
p(6,414,422,419,418,423,415)
t(422,414,415)
t(423,418,419)
t(419,422,415)
t(415,423,419)
</p>

<p>
c(200,200,200)
outline()
n(0.000000,1.000000,0.000000)
C(0.000000,-61.160000,-17.375000)
p(6,414,416,424,420,419,422)
t(422,414,416)
t(424,420,419)
t(419,422,416)
t(416,424,419)
</p>

<p>
c(200,200,200)
outline()
n(0.000000,0.000000,1.000000)
C(0.000000,-55.600000,-25.020000)
p(6,417,425,421,420,424,416)
t(424,416,417)
t(425,421,420)
t(420,424,417)
t(417,425,420)
</p>

<p>
c(60,60,60)
outline()
n(0.000000,0.999174,0.040636)
C(-0.000000,26.915455,172.739091)
p(11,123,426,427,124,78,84,83,82,81,80,77)
t(80,77,123)
t(427,124,78)
t(78,84,83)
t(83,82,81)
t(81,80,123)
t(426,427,78)
t(78,83,81)
t(81,123,426)
t(426,78,81)
</p>

<p>
c(60,60,60)
outline()
n(0.000000,0.992278,0.124035)
C(0.000000,31.970000,118.150000)
p(4,428,429,427,426)
t(427,426,428)
t(428,429,427)
</p>

<p>
c(60,60,60)
outline()
n(0.000000,1.000000,0.000000)
C(0.000000,36.140000,11.815000)
p(8,281,430,431,284,285,429,428,282)
t(428,282,281)
t(431,284,285)
t(429,428,281)
t(430,431,285)
t(285,429,281)
t(281,430,285)
</p>

<p>
c(60,60,60)
outline()
n(0.000000,0.996685,-0.081362)
C(0.000000,33.360000,-95.215000)
p(4,432,433,431,430)
t(431,430,432)
t(432,433,431)
</p>

<p>
c(60,60,60)
outline()
n(0.000000,0.998679,-0.051386)
C(-0.000000,29.035556,-159.077778)
p(9,306,324,434,435,436,325,307,433,432)
t(432,306,324)
t(324,434,435)
t(435,436,325)
t(325,307,433)
t(433,432,324)
t(324,435,325)
t(325,433,324)
</p>

<p>
c(140,140,140)
outline()
n(0.000000,-0.998023,0.062849)
C(0.000000,26.844375,-188.518750)
p(16,371,383,385,387,391,390,389,388,386,384,372,325,436,435,434,324)
t(383,371,324)
t(436,325,372)
t(372,384,386)
t(386,388,389)
t(391,387,385)
t(385,383,324)
t(436,372,386)
t(386,389,390)
t(390,391,385)
t(385,324,434)
t(435,436,386)
t(386,390,385)
t(385,434,435)
t(435,386,385)
</p>

<p>
c(140,140,140)
outline()
n(0.000000,1.000000,0.000000)
C(14.400000,11.120000,204.528571)
p(7,437,438,439,440,441,52,442)
t(438,437,442)
t(52,441,440)
t(440,439,438)
t(442,52,440)
</p>

<p>
c(140,140,140)
outline()
n(0.000000,-1.000000,0.000000)
C(53.760000,11.120000,202.013333)
p(9,443,444,445,446,447,448,449,450,451)
t(450,451,443)
t(443,444,445)
t(446,447,448)
t(448,449,450)
t(450,443,445)
t(445,446,448)
t(448,450,445)
</p>

<p>
c(140,140,140)
outline()
n(0.000000,1.000000,0.000000)
C(56.160000,12.510000,-201.351429)
p(7,452,453,454,455,456,457,380)
t(452,453,454)
t(454,455,456)
t(456,457,380)
t(380,452,454)
</p>

<p>
c(140,140,140)
outline()
n(0.000000,-1.000000,0.000000)
C(19.040000,12.510000,-203.403333)
p(9,378,458,459,460,461,462,463,464,379)
t(378,458,459)
t(459,460,461)
t(461,462,463)
t(463,464,379)
</p>

<p>
c(140,140,140)
outline()
n(0.000000,0.000000,1.000000)
C(74.880000,31.275000,29.190000)
p(4,465,466,467,468)
t(467,468,465)
t(465,466,467)
</p>

<p>
c(140,140,140)
outline()
n(0.000000,1.000000,0.000000)
C(74.160000,34.750000,27.105000)
p(4,467,466,469,470)
t(469,470,467)
t(467,466,469)
</p>

<p>
c(140,140,140)
outline()
n(0.000000,0.000000,1.000000)
C(74.880000,31.275000,-27.800000)
p(4,471,472,473,474)
t(473,474,471)
t(471,472,473)
</p>

<p>
c(140,140,140)
outline()
n(0.000000,1.000000,0.000000)
C(74.160000,34.750000,-29.885000)
p(4,473,472,475,476)
t(475,476,473)
t(473,472,475)
</p>

<p>
c(140,140,140)
outline()
n(0.000000,1.000000,0.000000)
C(82.800000,27.800000,4.170000)
p(4,477,478,479,480)
t(478,477,480)
t(480,479,478)
</p>

<p>
c(140,140,140)
outline()
n(1.000000,0.000000,0.000000)
C(84.960000,31.275000,2.432500)
p(8,471,465,480,481,466,472,482,479)
t(471,479,482)
t(466,481,480)
t(465,471,482)
t(472,466,480)
t(480,465,482)
t(482,472,480)
</p>

<p>
c(140,140,140)
outline()
n(0.000000,1.000000,0.000000)
C(83.520000,34.750000,3.011667)
p(6,482,472,466,481,483,484)
t(472,482,484)
t(484,483,481)
t(466,472,484)
t(484,481,466)
</p>

<p>
c(140,140,140)
outline()
n(0.000000,1.000000,0.000000)
C(-14.400000,11.120000,204.528571)
p(7,485,486,487,488,489,52,490)
t(490,485,486)
t(486,487,488)
t(488,489,52)
t(486,488,52)
</p>

<p>
c(140,140,140)
outline()
n(0.000000,-1.000000,0.000000)
C(-53.760000,11.120000,202.013333)
p(9,491,492,493,494,495,496,497,498,499)
t(491,499,498)
t(498,497,496)
t(496,495,494)
t(493,492,491)
t(498,496,494)
t(494,493,491)
t(491,498,494)
</p>

<p>
c(140,140,140)
outline()
n(0.000000,1.000000,0.000000)
C(-56.160000,12.510000,-201.351429)
p(7,500,501,502,503,504,505,376)
t(376,505,504)
t(504,503,502)
t(502,501,500)
t(504,502,500)
</p>

<p>
c(140,140,140)
outline()
n(0.000000,-1.000000,0.000000)
C(-19.040000,12.510000,-203.403333)
p(9,378,506,507,508,509,510,511,512,377)
t(377,512,511)
t(511,510,509)
t(509,508,507)
t(507,506,378)
</p>

<p>
c(140,140,140)
outline()
n(0.000000,0.000000,1.000000)
C(-74.880000,31.275000,29.190000)
p(4,513,514,515,516)
t(514,513,516)
t(516,515,514)
</p>

<p>
c(140,140,140)
outline()
n(0.000000,1.000000,0.000000)
C(-74.160000,34.750000,27.105000)
p(4,515,514,517,518)
t(514,515,518)
t(518,517,514)
</p>

<p>
c(140,140,140)
outline()
n(0.000000,0.000000,1.000000)
C(-74.880000,31.275000,-27.800000)
p(4,519,520,521,522)
t(520,519,522)
t(522,521,520)
</p>

<p>
c(140,140,140)
outline()
n(0.000000,1.000000,0.000000)
C(-74.160000,34.750000,-29.885000)
p(4,521,520,523,524)
t(520,521,524)
t(524,523,520)
</p>

<p>
c(140,140,140)
outline()
n(0.000000,1.000000,0.000000)
C(-82.800000,27.800000,4.170000)
p(4,525,526,527,528)
t(527,528,525)
t(525,526,527)
</p>

<p>
c(140,140,140)
outline()
n(1.000000,0.000000,0.000000)
C(-84.960000,31.275000,2.432500)
p(8,519,513,528,529,514,520,530,527)
t(519,527,530)
t(514,529,528)
t(513,519,530)
t(520,514,528)
t(528,513,530)
t(530,520,528)
</p>

<p>
c(140,140,140)
outline()
n(0.000000,1.000000,0.000000)
C(-83.520000,34.750000,3.011667)
p(6,530,520,514,529,531,532)
t(531,532,530)
t(514,529,531)
t(531,530,520)
t(520,514,531)
</p>

