v(-400.000000,-576.000000,512.000000)
v(0.000000,-576.000000,512.000000)
v(0.000000,-856.000000,997.000000)
v(-400.000000,-856.000000,997.000000)
v(-400.000000,-1136.000000,1482.000000)
v(0.000000,-1136.000000,1482.000000)
v(-400.000000,0.000000,-1638.000000)
v(0.000000,0.000000,-1638.000000)
v(0.000000,0.000000,-2198.000000)
v(-700.000000,0.000000,-2198.000000)
v(-700.000000,0.000000,-1900.000000)
v(-400.000000,0.000000,-1688.000000)
v(-840.000000,0.000000,-2198.000000)
v(-760.000000,0.000000,-1874.000000)
v(400.000000,0.000000,-1638.000000)
v(700.000000,0.000000,-2198.000000)
v(700.000000,0.000000,-1900.000000)
v(400.000000,0.000000,-1688.000000)
v(840.000000,0.000000,-2198.000000)
v(760.000000,0.000000,-1874.000000)
v(0.000000,-59.000000,-1081.000000)
v(-400.000000,-59.000000,-1081.000000)
v(400.000000,-59.000000,-1081.000000)
v(-400.000000,-175.000000,-533.000000)
v(0.000000,-175.000000,-533.000000)
v(400.000000,-175.000000,-533.000000)
v(0.000000,-348.000000,0.000000)
v(-400.000000,-348.000000,0.000000)
v(400.000000,-348.000000,0.000000)
v(400.000000,-576.000000,512.000000)
v(400.000000,-856.000000,997.000000)
v(400.000000,-1136.000000,1482.000000)
v(-400.000000,-1045.000000,1523.000000)
v(-400.000000,-769.000000,1047.000000)
v(400.000000,-1045.000000,1523.000000)
v(400.000000,-769.000000,1047.000000)
v(-400.000000,-489.000000,562.000000)
v(400.000000,-489.000000,562.000000)
v(-400.000000,-257.000000,41.000000)
v(400.000000,-257.000000,41.000000)
v(-400.000000,0.000000,-533.000000)
v(-400.000000,0.000000,41.000000)
v(-400.000000,-257.000000,1047.000000)
v(-400.000000,-257.000000,1523.000000)
v(-400.000000,0.000000,1523.000000)
v(-300.000000,-257.000000,1523.000000)
v(-300.000000,-1045.000000,1523.000000)
v(400.000000,0.000000,-533.000000)
v(400.000000,0.000000,41.000000)
v(400.000000,-257.000000,1047.000000)
v(400.000000,-257.000000,1523.000000)
v(400.000000,0.000000,1523.000000)
v(300.000000,-257.000000,1523.000000)
v(300.000000,-1045.000000,1523.000000)

<p>
c(150,150,150)
n(0.000000,0.866037,0.499980)
C(-200.000000,-716.000000,754.500000)
p(4,0,1,2,3)
t(1,0,3)
t(3,2,1)
</p>

<p>
c(150,150,150)
n(0.000000,0.866037,0.499980)
C(-200.000000,-996.000000,1239.500000)
p(4,4,5,2,3)
t(2,3,4)
t(4,5,2)
</p>

<p>
c(150,150,150)
n(0.000000,1.000000,0.000000)
C(-366.666667,0.000000,-1876.666667)
p(6,6,7,8,9,10,11)
t(11,6,7)
t(7,8,9)
t(9,10,11)
t(11,7,9)
</p>

<p>
c(180,180,180)
n(0.000000,1.000000,0.000000)
C(-633.333333,0.000000,-1916.000000)
p(6,12,9,10,11,6,13)
t(9,12,13)
t(13,6,11)
t(10,9,13)
t(13,11,10)
</p>

<p>
c(145,145,145)
n(0.000000,1.000000,0.000000)
C(366.666667,0.000000,-1876.666667)
p(6,14,7,8,15,16,17)
t(7,14,17)
t(17,16,15)
t(15,8,7)
t(7,17,15)
</p>

<p>
c(180,180,180)
n(0.000000,1.000000,0.000000)
C(633.333333,0.000000,-1916.000000)
p(6,18,15,16,17,14,19)
t(19,18,15)
t(16,17,14)
t(19,15,16)
t(16,14,19)
</p>

<p>
c(150,150,150)
n(0.000000,0.994437,0.105335)
C(-200.000000,-29.500000,-1359.500000)
p(4,6,7,20,21)
t(7,6,21)
t(21,20,7)
</p>

<p>
c(145,145,145)
n(0.000000,0.994437,0.105335)
C(200.000000,-29.500000,-1359.500000)
p(4,14,7,20,22)
t(20,22,14)
t(14,7,20)
</p>

<p>
c(150,150,150)
n(0.000000,0.978322,0.207090)
C(-200.000000,-117.000000,-807.000000)
p(4,23,24,20,21)
t(20,21,23)
t(23,24,20)
</p>

<p>
c(145,145,145)
n(0.000000,0.978322,0.207090)
C(200.000000,-117.000000,-807.000000)
p(4,25,24,20,22)
t(24,25,22)
t(22,20,24)
</p>

<p>
c(147,147,147)
n(0.000000,0.951152,0.308723)
C(-200.000000,-261.500000,-266.500000)
p(4,23,24,26,27)
t(24,23,27)
t(27,26,24)
</p>

<p>
c(142,142,142)
n(0.000000,0.951152,0.308723)
C(200.000000,-261.500000,-266.500000)
p(4,25,24,26,28)
t(26,28,25)
t(25,24,26)
</p>

<p>
c(142,142,142)
n(0.000000,0.913517,0.406801)
C(-200.000000,-462.000000,256.000000)
p(4,0,1,26,27)
t(26,27,0)
t(0,1,26)
</p>

<p>
c(137,137,137)
n(0.000000,0.913517,0.406801)
C(200.000000,-462.000000,256.000000)
p(4,29,1,26,28)
t(1,29,28)
t(28,26,1)
</p>

<p>
c(145,145,145)
n(0.000000,0.866037,0.499980)
C(200.000000,-716.000000,754.500000)
p(4,29,1,2,30)
t(2,30,29)
t(29,1,2)
</p>

<p>
c(145,145,145)
n(0.000000,0.866037,0.499980)
C(200.000000,-996.000000,1239.500000)
p(4,31,5,2,30)
t(5,31,30)
t(30,2,5)
</p>

<p>
c(145,145,145)
n(1.000000,0.000000,0.000000)
C(-400.000000,-951.500000,1262.250000)
p(4,4,32,33,3)
t(32,4,3)
t(3,33,32)
</p>

<p>
c(145,145,145)
n(1.000000,0.000000,0.000000)
C(400.000000,-951.500000,1262.250000)
p(4,31,34,35,30)
t(34,31,30)
t(30,35,34)
</p>

<p>
c(145,145,145)
n(1.000000,0.000000,0.000000)
C(-400.000000,-672.500000,779.500000)
p(4,33,3,0,36)
t(0,36,33)
t(33,3,0)
</p>

<p>
c(145,145,145)
n(1.000000,0.000000,0.000000)
C(400.000000,-672.500000,779.500000)
p(4,35,30,29,37)
t(29,37,35)
t(35,30,29)
</p>

<p>
c(145,145,145)
n(1.000000,0.000000,0.000000)
C(-400.000000,-417.500000,278.750000)
p(4,0,36,38,27)
t(36,0,27)
t(27,38,36)
</p>

<p>
c(145,145,145)
n(1.000000,0.000000,0.000000)
C(400.000000,-417.500000,278.750000)
p(4,29,37,39,28)
t(37,29,28)
t(28,39,37)
</p>

<p>
c(145,145,145)
n(1.000000,0.000000,0.000000)
C(-400.000000,-156.000000,-196.800000)
p(5,23,40,41,38,27)
t(38,27,23)
t(23,40,41)
t(41,38,23)
</p>

<p>
c(145,145,145)
n(1.000000,0.000000,0.000000)
C(-400.000000,-58.500000,-946.250000)
p(4,23,40,6,21)
t(40,23,21)
t(21,6,40)
</p>

<p>
c(145,145,145)
n(1.000000,0.000000,0.000000)
C(-400.000000,-154.200000,835.000000)
p(5,42,43,44,41,38)
t(42,38,41)
t(41,44,43)
t(43,42,41)
</p>

<p>
c(145,145,145)
n(1.000000,0.000000,0.000000)
C(-400.000000,-582.000000,1285.000000)
p(4,32,33,42,43)
t(42,43,32)
t(32,33,42)
</p>

<p>
c(176,176,176)
n(0.000000,0.000000,1.000000)
C(-350.000000,-651.000000,1523.000000)
p(4,32,43,45,46)
t(43,32,46)
t(46,45,43)
</p>

<p>
c(145,145,145)
n(1.000000,0.000000,0.000000)
C(400.000000,-156.000000,-196.800000)
p(5,25,47,48,39,28)
t(39,28,25)
t(25,47,48)
t(48,39,25)
</p>

<p>
c(145,145,145)
n(1.000000,0.000000,0.000000)
C(400.000000,-58.500000,-946.250000)
p(4,25,47,14,22)
t(47,25,22)
t(22,14,47)
</p>

<p>
c(145,145,145)
n(1.000000,0.000000,0.000000)
C(400.000000,-154.200000,835.000000)
p(5,49,50,51,48,39)
t(49,39,48)
t(48,51,50)
t(50,49,48)
</p>

<p>
c(145,145,145)
n(1.000000,0.000000,0.000000)
C(400.000000,-582.000000,1285.000000)
p(4,34,35,49,50)
t(49,50,34)
t(34,35,49)
</p>

<p>
c(176,176,176)
n(0.000000,0.000000,1.000000)
C(350.000000,-651.000000,1523.000000)
p(4,34,50,52,53)
t(52,53,34)
t(34,50,52)
</p>

<p>
c(176,176,176)
n(0.000000,0.000000,1.000000)
C(0.000000,-171.333333,1523.000000)
p(6,43,44,51,50,52,45)
t(44,43,45)
t(52,50,51)
t(51,44,45)
t(45,52,51)
</p>

