v(57.600000,-7.380000,157.440000)
v(51.200000,-4.920000,157.440000)
v(49.920000,1.230000,157.440000)
v(57.600000,3.690000,157.440000)
v(62.720000,0.000000,157.440000)
v(62.720000,-3.690000,157.440000)
v(-57.600000,-7.380000,157.440000)
v(-51.200000,-4.920000,157.440000)
v(-49.920000,1.230000,157.440000)
v(-57.600000,3.690000,157.440000)
v(-62.720000,0.000000,157.440000)
v(-62.720000,-3.690000,157.440000)
v(-60.160000,-8.610000,161.130000)
v(-64.000000,-6.150000,159.900000)
v(-65.280000,-1.230000,157.440000)
v(-64.000000,2.460000,157.440000)
v(-61.440000,4.920000,157.440000)
v(60.160000,-8.610000,161.130000)
v(64.000000,-6.150000,159.900000)
v(65.280000,-1.230000,157.440000)
v(64.000000,2.460000,157.440000)
v(61.440000,4.920000,157.440000)
v(46.080000,-9.840000,167.280000)
v(39.680000,-8.610000,173.430000)
v(39.680000,-2.460000,170.970000)
v(39.680000,1.230000,169.740000)
v(37.120000,4.920000,167.280000)
v(-46.080000,-9.840000,167.280000)
v(-39.680000,-8.610000,173.430000)
v(-39.680000,-2.460000,170.970000)
v(-39.680000,1.230000,169.740000)
v(-37.120000,4.920000,167.280000)
v(39.680000,-8.610000,170.970000)
v(39.680000,-3.690000,170.970000)
v(38.400000,0.000000,167.280000)
v(32.000000,4.920000,164.820000)
v(23.040000,4.920000,164.820000)
v(23.040000,4.920000,169.740000)
v(-39.680000,-8.610000,170.970000)
v(-39.680000,-3.690000,170.970000)
v(-38.400000,0.000000,167.280000)
v(-32.000000,4.920000,164.820000)
v(-23.040000,4.920000,164.820000)
v(-23.040000,4.920000,169.740000)
v(1.280000,4.920000,172.200000)
v(1.280000,4.920000,164.820000)
v(-1.280000,4.920000,172.200000)
v(-1.280000,4.920000,164.820000)
v(32.000000,-8.610000,166.050000)
v(0.000000,-8.610000,164.820000)
v(-32.000000,-8.610000,166.050000)
v(12.800000,-4.920000,167.280000)
v(12.800000,0.000000,167.280000)
v(7.680000,3.690000,167.280000)
v(1.280000,0.000000,167.280000)
v(1.280000,-4.920000,167.280000)
v(7.680000,-8.610000,167.280000)
v(-12.800000,-4.920000,167.280000)
v(-12.800000,0.000000,167.280000)
v(-7.680000,3.690000,167.280000)
v(-1.280000,0.000000,167.280000)
v(-1.280000,-4.920000,167.280000)
v(-7.680000,-8.610000,167.280000)
v(65.280000,7.380000,162.360000)
v(69.120000,7.380000,158.670000)
v(69.120000,7.380000,145.140000)
v(64.000000,6.150000,142.680000)
v(64.000000,6.150000,150.060000)
v(-65.280000,7.380000,162.360000)
v(-69.120000,7.380000,158.670000)
v(-69.120000,7.380000,145.140000)
v(-64.000000,6.150000,142.680000)
v(-64.000000,6.150000,150.060000)
v(61.440000,9.840000,157.440000)
v(64.000000,9.840000,150.060000)
v(64.000000,9.840000,142.680000)
v(-61.440000,9.840000,157.440000)
v(-64.000000,9.840000,150.060000)
v(-64.000000,9.840000,142.680000)
v(-40.960000,7.380000,173.430000)
v(-11.520000,7.380000,178.350000)
v(0.000000,7.380000,179.580000)
v(11.520000,7.380000,178.350000)
v(40.960000,7.380000,173.430000)
v(-47.360000,9.840000,164.820000)
v(-46.080000,11.070000,166.050000)
v(-32.000000,11.070000,168.510000)
v(-19.200000,11.070000,170.970000)
v(-17.920000,9.840000,172.200000)
v(0.000000,9.840000,174.660000)
v(17.920000,9.840000,172.200000)
v(19.200000,11.070000,170.970000)
v(32.000000,11.070000,168.510000)
v(46.080000,11.070000,166.050000)
v(47.360000,9.840000,164.820000)
v(-52.480000,12.300000,161.130000)
v(-55.040000,23.370000,151.290000)
v(-53.760000,19.680000,156.210000)
v(-56.320000,18.450000,154.980000)
v(-57.600000,14.760000,156.210000)
v(-55.040000,12.300000,159.900000)
v(52.480000,12.300000,161.130000)
v(55.040000,23.370000,151.290000)
v(53.760000,19.680000,156.210000)
v(56.320000,18.450000,154.980000)
v(57.600000,14.760000,156.210000)
v(55.040000,12.300000,159.900000)
v(43.520000,23.370000,157.440000)
v(49.920000,18.450000,158.670000)
v(49.920000,14.760000,161.130000)
v(29.440000,17.220000,164.820000)
v(25.600000,18.450000,164.820000)
v(0.000000,18.450000,164.820000)
v(0.000000,23.370000,158.670000)
v(-43.520000,23.370000,157.440000)
v(-49.920000,18.450000,158.670000)
v(-49.920000,14.760000,161.130000)
v(-29.440000,17.220000,164.820000)
v(-25.600000,18.450000,164.820000)
v(0.000000,11.070000,170.970000)
v(56.320000,23.370000,146.370000)
v(-56.320000,23.370000,146.370000)
v(66.560000,-6.150000,153.750000)
v(62.720000,-9.840000,154.980000)
v(-66.560000,-6.150000,153.750000)
v(-62.720000,-9.840000,154.980000)
v(60.160000,-11.070000,156.210000)
v(51.200000,-11.070000,159.900000)
v(46.080000,-11.070000,163.590000)
v(-60.160000,-11.070000,156.210000)
v(-51.200000,-11.070000,159.900000)
v(-46.080000,-11.070000,163.590000)
v(57.600000,-17.220000,44.280000)
v(46.080000,-18.450000,49.200000)
v(46.080000,-18.450000,55.350000)
v(44.800000,-18.450000,66.420000)
v(48.640000,-17.220000,66.420000)
v(48.640000,-15.990000,95.940000)
v(47.360000,-14.760000,136.530000)
v(46.080000,-13.530000,152.520000)
v(60.160000,-13.530000,143.910000)
v(60.160000,-14.760000,130.380000)
v(60.160000,-15.990000,95.940000)
v(60.160000,-17.220000,41.820000)
v(-57.600000,-17.220000,44.280000)
v(-46.080000,-18.450000,49.200000)
v(-46.080000,-18.450000,55.350000)
v(-44.800000,-18.450000,66.420000)
v(-48.640000,-17.220000,66.420000)
v(-48.640000,-15.990000,95.940000)
v(-47.360000,-14.760000,136.530000)
v(-46.080000,-13.530000,152.520000)
v(-60.160000,-13.530000,143.910000)
v(-60.160000,-14.760000,130.380000)
v(-60.160000,-15.990000,95.940000)
v(-60.160000,-17.220000,41.820000)
v(42.240000,-17.220000,121.770000)
v(40.960000,-15.990000,150.060000)
v(40.960000,-13.530000,164.820000)
v(-42.240000,-17.220000,121.770000)
v(-40.960000,-15.990000,150.060000)
v(-40.960000,-13.530000,164.820000)
v(23.040000,-9.840000,177.120000)
v(2.560000,-9.840000,180.810000)
v(0.000000,-9.840000,180.810000)
v(-2.560000,-9.840000,180.810000)
v(-23.040000,-9.840000,177.120000)
v(-25.600000,-18.450000,129.150000)
v(-25.600000,-19.680000,94.710000)
v(-24.320000,-19.680000,66.420000)
v(-23.040000,-14.760000,167.280000)
v(-23.040000,-18.450000,137.760000)
v(-24.320000,-18.450000,136.530000)
v(25.600000,-18.450000,129.150000)
v(25.600000,-19.680000,94.710000)
v(24.320000,-19.680000,66.420000)
v(23.040000,-14.760000,167.280000)
v(23.040000,-18.450000,137.760000)
v(24.320000,-18.450000,136.530000)
v(0.000000,-18.450000,137.760000)
v(0.000000,-14.760000,167.280000)
v(0.000000,-13.530000,174.660000)
v(2.560000,-13.530000,174.660000)
v(2.560000,-14.760000,167.280000)
v(2.560000,-18.450000,137.760000)
v(-2.560000,-13.530000,174.660000)
v(-2.560000,-14.760000,167.280000)
v(-2.560000,-18.450000,137.760000)
v(23.040000,-20.910000,131.610000)
v(2.560000,-20.910000,131.610000)
v(-2.560000,-20.910000,131.610000)
v(-23.040000,-20.910000,131.610000)
v(-23.040000,-22.140000,107.010000)
v(-23.040000,-22.140000,94.710000)
v(-23.040000,-19.680000,66.420000)
v(23.040000,-22.140000,107.010000)
v(23.040000,-22.140000,94.710000)
v(23.040000,-19.680000,66.420000)
v(2.560000,-19.680000,66.420000)
v(2.560000,-22.140000,94.710000)
v(2.560000,-22.140000,107.010000)
v(-2.560000,-19.680000,66.420000)
v(-2.560000,-22.140000,94.710000)
v(-2.560000,-22.140000,107.010000)
v(0.000000,-19.680000,66.420000)
v(0.000000,-19.680000,107.010000)
v(24.320000,-19.680000,57.810000)
v(23.040000,-19.680000,57.810000)
v(2.560000,-19.680000,57.810000)
v(-24.320000,-19.680000,57.810000)
v(-23.040000,-19.680000,57.810000)
v(-2.560000,-19.680000,57.810000)
v(2.560000,-20.910000,51.660000)
v(0.000000,-20.910000,51.660000)
v(-2.560000,-20.910000,51.660000)
v(-2.560000,-19.680000,55.350000)
v(2.560000,-19.680000,55.350000)
v(23.040000,-19.680000,55.350000)
v(23.040000,-20.910000,51.660000)
v(-23.040000,-20.910000,51.660000)
v(-23.040000,-19.680000,55.350000)
v(62.720000,-13.530000,143.910000)
v(62.720000,-14.760000,130.380000)
v(62.720000,-15.990000,95.940000)
v(64.000000,-15.990000,44.280000)
v(-62.720000,-13.530000,143.910000)
v(-62.720000,-14.760000,130.380000)
v(-62.720000,-15.990000,95.940000)
v(-64.000000,-15.990000,44.280000)
v(67.840000,-8.610000,46.740000)
v(66.560000,-7.380000,108.240000)
v(67.840000,-7.380000,76.260000)
v(-67.840000,-8.610000,46.740000)
v(-66.560000,-7.380000,108.240000)
v(-67.840000,-7.380000,76.260000)
v(56.320000,23.370000,138.990000)
v(62.720000,15.990000,137.760000)
v(65.280000,4.920000,131.610000)
v(66.560000,-1.230000,123.000000)
v(67.840000,-3.690000,108.240000)
v(-56.320000,23.370000,138.990000)
v(-62.720000,15.990000,137.760000)
v(-65.280000,4.920000,131.610000)
v(-66.560000,-1.230000,123.000000)
v(-67.840000,-3.690000,108.240000)
v(69.120000,0.000000,108.240000)
v(56.320000,23.370000,135.300000)
v(62.720000,15.990000,134.070000)
v(66.560000,6.150000,129.150000)
v(67.840000,0.000000,118.080000)
v(-69.120000,0.000000,108.240000)
v(-56.320000,23.370000,135.300000)
v(-62.720000,15.990000,134.070000)
v(-66.560000,6.150000,129.150000)
v(-67.840000,0.000000,118.080000)
v(66.560000,19.680000,78.720000)
v(66.560000,19.680000,73.800000)
v(67.840000,4.920000,81.180000)
v(67.840000,-2.460000,93.480000)
v(67.840000,0.000000,95.940000)
v(67.840000,7.380000,86.100000)
v(-66.560000,19.680000,78.720000)
v(-66.560000,19.680000,73.800000)
v(-67.840000,4.920000,81.180000)
v(-67.840000,-2.460000,93.480000)
v(-67.840000,0.000000,95.940000)
v(-67.840000,7.380000,86.100000)
v(69.120000,-7.380000,46.740000)
v(-69.120000,-7.380000,46.740000)
v(66.560000,19.680000,45.510000)
v(67.840000,4.920000,46.740000)
v(-66.560000,19.680000,45.510000)
v(-67.840000,4.920000,46.740000)
v(64.000000,-15.990000,19.680000)
v(62.720000,-15.990000,-49.200000)
v(61.440000,-15.990000,-50.430000)
v(58.880000,-17.220000,-47.970000)
v(57.600000,-17.220000,14.760000)
v(-64.000000,-15.990000,19.680000)
v(-62.720000,-15.990000,-49.200000)
v(-61.440000,-15.990000,-50.430000)
v(-58.880000,-17.220000,-47.970000)
v(-57.600000,-17.220000,14.760000)
v(67.840000,-7.380000,-47.970000)
v(-67.840000,-7.380000,-47.970000)
v(-69.120000,-4.920000,-46.740000)
v(69.120000,-4.920000,-46.740000)
v(-66.560000,19.680000,-41.820000)
v(-67.840000,-2.460000,-46.740000)
v(-65.280000,17.220000,-43.050000)
v(-65.280000,18.450000,1.230000)
v(-66.560000,18.450000,-43.050000)
v(66.560000,19.680000,-41.820000)
v(67.840000,-2.460000,-46.740000)
v(65.280000,17.220000,-43.050000)
v(65.280000,18.450000,1.230000)
v(66.560000,18.450000,-43.050000)
v(64.000000,27.060000,44.280000)
v(64.000000,27.060000,76.260000)
v(64.000000,27.060000,72.570000)
v(-64.000000,27.060000,44.280000)
v(-64.000000,27.060000,76.260000)
v(-64.000000,27.060000,72.570000)
v(64.000000,27.060000,-68.880000)
v(66.560000,19.680000,-70.110000)
v(-64.000000,27.060000,-68.880000)
v(-66.560000,19.680000,-70.110000)
v(64.000000,27.060000,-72.570000)
v(66.560000,19.680000,-73.800000)
v(-64.000000,27.060000,-72.570000)
v(-66.560000,19.680000,-73.800000)
v(58.880000,31.980000,76.260000)
v(58.880000,33.210000,-72.570000)
v(-58.880000,31.980000,76.260000)
v(-58.880000,33.210000,-72.570000)
v(67.840000,-2.460000,-62.730000)
v(70.400000,0.000000,-46.740000)
v(66.560000,15.990000,-59.040000)
v(67.840000,15.990000,-43.050000)
v(-67.840000,-2.460000,-62.730000)
v(-70.400000,0.000000,-46.740000)
v(-66.560000,15.990000,-59.040000)
v(-67.840000,15.990000,-43.050000)
v(66.560000,18.450000,-59.040000)
v(66.560000,15.990000,-61.500000)
v(67.840000,-2.460000,-65.190000)
v(67.840000,-4.920000,-62.730000)
v(-66.560000,18.450000,-59.040000)
v(-66.560000,15.990000,-61.500000)
v(-67.840000,-2.460000,-65.190000)
v(-67.840000,-4.920000,-62.730000)
v(67.840000,-6.150000,-83.640000)
v(67.840000,-2.460000,-84.870000)
v(67.840000,0.000000,-81.180000)
v(67.840000,-3.690000,-91.020000)
v(67.840000,-4.920000,-100.860000)
v(67.840000,-2.460000,-114.390000)
v(66.560000,3.690000,-125.460000)
v(65.280000,4.920000,-174.660000)
v(65.280000,2.460000,-174.660000)
v(65.280000,-6.150000,-173.430000)
v(61.440000,-13.530000,-170.970000)
v(62.720000,-17.220000,-138.990000)
v(62.720000,-17.220000,-127.920000)
v(62.720000,-19.680000,-94.710000)
v(62.720000,-19.680000,-78.720000)
v(62.720000,-19.680000,-62.730000)
v(-67.840000,-6.150000,-83.640000)
v(-67.840000,-2.460000,-84.870000)
v(-67.840000,0.000000,-81.180000)
v(-67.840000,-3.690000,-91.020000)
v(-67.840000,-4.920000,-100.860000)
v(-67.840000,-2.460000,-114.390000)
v(-66.560000,3.690000,-125.460000)
v(-65.280000,4.920000,-174.660000)
v(-65.280000,2.460000,-174.660000)
v(-65.280000,-6.150000,-173.430000)
v(-61.440000,-13.530000,-170.970000)
v(-62.720000,-17.220000,-138.990000)
v(-62.720000,-17.220000,-127.920000)
v(-62.720000,-19.680000,-94.710000)
v(-62.720000,-19.680000,-78.720000)
v(-62.720000,-19.680000,-62.730000)
v(-66.560000,8.610000,-73.800000)
v(66.560000,8.610000,-73.800000)
v(23.040000,-20.910000,49.200000)
v(0.000000,-22.140000,49.200000)
v(49.920000,-44.280000,11.070000)
v(38.400000,-46.740000,13.530000)
v(23.040000,-46.740000,15.990000)
v(2.560000,-46.740000,15.990000)
v(0.000000,-46.740000,15.990000)
v(0.000000,-45.510000,17.220000)
v(23.040000,-45.510000,17.220000)
v(38.400000,-45.510000,15.990000)
v(47.360000,-43.050000,13.530000)
v(55.040000,-19.680000,44.280000)
v(44.800000,-19.680000,46.740000)
v(-2.560000,-46.740000,15.990000)
v(-23.040000,-46.740000,15.990000)
v(-38.400000,-46.740000,13.530000)
v(-49.920000,-44.280000,11.070000)
v(-23.040000,-20.910000,49.200000)
v(-44.800000,-19.680000,46.740000)
v(-55.040000,-19.680000,44.280000)
v(-47.360000,-43.050000,13.530000)
v(-38.400000,-45.510000,15.990000)
v(-23.040000,-45.510000,17.220000)
v(-48.640000,-46.740000,2.460000)
v(-48.640000,-46.740000,-15.990000)
v(-48.640000,-45.510000,-39.360000)
v(-48.640000,-39.360000,-66.420000)
v(-44.800000,-33.210000,-98.400000)
v(-48.640000,-29.520000,-97.170000)
v(-49.920000,-31.980000,-89.790000)
v(-52.480000,-35.670000,-65.190000)
v(-58.880000,-22.140000,-62.730000)
v(-55.040000,-20.910000,-94.710000)
v(-56.320000,-19.680000,-94.710000)
v(-57.600000,-19.680000,-77.490000)
v(-60.160000,-19.680000,-62.730000)
v(-53.760000,-35.670000,-56.580000)
v(-52.480000,-39.360000,-54.120000)
v(-52.480000,-43.050000,-33.210000)
v(-52.480000,-44.280000,-1.230000)
v(-52.480000,-43.050000,6.150000)
v(-52.480000,-40.590000,12.300000)
v(48.640000,-46.740000,2.460000)
v(48.640000,-46.740000,-15.990000)
v(48.640000,-45.510000,-39.360000)
v(48.640000,-39.360000,-66.420000)
v(44.800000,-33.210000,-98.400000)
v(48.640000,-29.520000,-97.170000)
v(49.920000,-31.980000,-89.790000)
v(52.480000,-35.670000,-65.190000)
v(58.880000,-22.140000,-62.730000)
v(55.040000,-20.910000,-94.710000)
v(56.320000,-19.680000,-94.710000)
v(57.600000,-19.680000,-77.490000)
v(60.160000,-19.680000,-62.730000)
v(53.760000,-35.670000,-56.580000)
v(52.480000,-39.360000,-54.120000)
v(52.480000,-43.050000,-33.210000)
v(52.480000,-44.280000,-1.230000)
v(52.480000,-43.050000,6.150000)
v(52.480000,-40.590000,12.300000)
v(52.480000,-38.130000,8.610000)
v(52.480000,-40.590000,2.460000)
v(52.480000,-40.590000,-2.460000)
v(52.480000,-39.360000,-30.750000)
v(52.480000,-36.900000,-51.660000)
v(53.760000,-34.440000,-52.890000)
v(57.600000,-19.680000,17.220000)
v(57.600000,-19.680000,33.210000)
v(52.480000,-35.670000,12.300000)
v(-52.480000,-38.130000,8.610000)
v(-52.480000,-35.670000,12.300000)
v(-57.600000,-19.680000,33.210000)
v(-57.600000,-19.680000,17.220000)
v(-53.760000,-34.440000,-52.890000)
v(-52.480000,-36.900000,-51.660000)
v(-52.480000,-39.360000,-30.750000)
v(-52.480000,-40.590000,-2.460000)
v(-52.480000,-40.590000,2.460000)
v(40.960000,-41.820000,-71.340000)
v(23.040000,-44.280000,-71.340000)
v(23.040000,-47.970000,-46.740000)
v(23.040000,-50.430000,-18.450000)
v(23.040000,-50.430000,6.150000)
v(-40.960000,-41.820000,-71.340000)
v(-23.040000,-44.280000,-71.340000)
v(-23.040000,-47.970000,-46.740000)
v(-23.040000,-50.430000,-18.450000)
v(-23.040000,-50.430000,6.150000)
v(2.560000,-44.280000,-71.340000)
v(2.560000,-49.200000,-46.740000)
v(2.560000,-51.660000,-18.450000)
v(2.560000,-50.430000,6.150000)
v(-2.560000,-44.280000,-71.340000)
v(-2.560000,-49.200000,-46.740000)
v(-2.560000,-51.660000,-18.450000)
v(-2.560000,-50.430000,6.150000)
v(57.600000,-35.670000,-66.420000)
v(53.760000,-31.980000,-87.330000)
v(58.880000,-23.370000,-86.100000)
v(61.440000,-27.060000,-63.960000)
v(-57.600000,-35.670000,-66.420000)
v(-53.760000,-31.980000,-87.330000)
v(-58.880000,-23.370000,-86.100000)
v(-61.440000,-27.060000,-63.960000)
v(53.760000,-13.530000,-170.970000)
v(52.480000,-17.220000,-138.990000)
v(47.360000,-17.220000,-138.990000)
v(49.920000,-18.450000,-127.920000)
v(-53.760000,-13.530000,-170.970000)
v(-52.480000,-17.220000,-138.990000)
v(-47.360000,-17.220000,-138.990000)
v(-49.920000,-18.450000,-127.920000)
v(69.120000,8.610000,-78.720000)
v(69.120000,1.230000,-88.560000)
v(69.120000,0.000000,-100.860000)
v(-69.120000,8.610000,-78.720000)
v(-69.120000,1.230000,-88.560000)
v(-69.120000,0.000000,-100.860000)
v(69.120000,1.230000,-114.390000)
v(67.840000,7.380000,-123.000000)
v(65.280000,15.990000,-127.920000)
v(64.000000,19.680000,-129.150000)
v(60.160000,25.830000,-130.380000)
v(60.160000,25.830000,-135.300000)
v(64.000000,18.450000,-132.840000)
v(-69.120000,1.230000,-114.390000)
v(-67.840000,7.380000,-123.000000)
v(-65.280000,15.990000,-127.920000)
v(-64.000000,19.680000,-129.150000)
v(-60.160000,25.830000,-130.380000)
v(-60.160000,25.830000,-135.300000)
v(-64.000000,18.450000,-132.840000)
v(38.400000,-40.590000,-73.800000)
v(23.040000,-43.050000,-73.800000)
v(0.000000,-43.050000,-73.800000)
v(-23.040000,-43.050000,-73.800000)
v(-38.400000,-40.590000,-73.800000)
v(2.560000,-27.060000,-131.610000)
v(0.000000,-27.060000,-131.610000)
v(-2.560000,-27.060000,-131.610000)
v(-23.040000,-25.830000,-131.610000)
v(-37.120000,-23.370000,-131.610000)
v(-40.960000,-33.210000,-98.400000)
v(-42.240000,-39.360000,-75.030000)
v(-39.680000,-39.360000,-76.260000)
v(-38.400000,-34.440000,-97.170000)
v(-34.560000,-24.600000,-130.380000)
v(-23.040000,-27.060000,-130.380000)
v(0.000000,-27.060000,-130.380000)
v(23.040000,-27.060000,-130.380000)
v(34.560000,-24.600000,-130.380000)
v(38.400000,-34.440000,-97.170000)
v(39.680000,-39.360000,-76.260000)
v(42.240000,-39.360000,-75.030000)
v(40.960000,-33.210000,-98.400000)
v(37.120000,-23.370000,-131.610000)
v(23.040000,-25.830000,-131.610000)
v(39.680000,-22.140000,-138.990000)
v(33.280000,-23.370000,-138.990000)
v(23.040000,-24.600000,-138.990000)
v(-39.680000,-22.140000,-138.990000)
v(-33.280000,-23.370000,-138.990000)
v(-23.040000,-24.600000,-138.990000)
v(2.560000,-24.600000,-138.990000)
v(-2.560000,-24.600000,-138.990000)
v(40.960000,-14.760000,-168.510000)
v(34.560000,-14.760000,-167.280000)
v(-40.960000,-14.760000,-168.510000)
v(-34.560000,-14.760000,-167.280000)
v(23.040000,-13.530000,-169.740000)
v(23.040000,-14.760000,-168.510000)
v(-23.040000,-13.530000,-169.740000)
v(-23.040000,-14.760000,-168.510000)
v(2.560000,-13.530000,-169.740000)
v(2.560000,-14.760000,-168.510000)
v(-2.560000,-13.530000,-169.740000)
v(-2.560000,-14.760000,-168.510000)
v(57.600000,27.060000,-161.130000)
v(64.000000,8.610000,-174.660000)
v(-57.600000,27.060000,-161.130000)
v(-64.000000,8.610000,-174.660000)
v(58.880000,-17.220000,-177.120000)
v(53.760000,-17.220000,-177.120000)
v(-58.880000,-17.220000,-177.120000)
v(-53.760000,-17.220000,-177.120000)
v(65.280000,2.460000,-180.810000)
v(65.280000,-6.150000,-178.350000)
v(62.720000,-13.530000,-178.350000)
v(-65.280000,2.460000,-180.810000)
v(-65.280000,-6.150000,-178.350000)
v(-62.720000,-13.530000,-178.350000)
v(23.040000,-19.680000,-175.890000)
v(23.040000,-15.990000,-173.430000)
v(-23.040000,-19.680000,-175.890000)
v(-23.040000,-15.990000,-173.430000)
v(2.560000,-19.680000,-175.890000)
v(2.560000,-15.990000,-173.430000)
v(-2.560000,-19.680000,-175.890000)
v(-2.560000,-15.990000,-173.430000)
v(53.760000,-4.920000,-177.120000)
v(62.720000,3.690000,-177.120000)
v(60.160000,7.380000,-177.120000)
v(55.040000,9.840000,-177.120000)
v(23.040000,9.840000,-175.890000)
v(23.040000,8.610000,-175.890000)
v(56.320000,8.610000,-177.120000)
v(60.160000,6.150000,-177.120000)
v(60.160000,-4.920000,-177.120000)
v(-53.760000,-4.920000,-177.120000)
v(-62.720000,3.690000,-177.120000)
v(-60.160000,7.380000,-177.120000)
v(-55.040000,9.840000,-177.120000)
v(-23.040000,9.840000,-175.890000)
v(-23.040000,8.610000,-175.890000)
v(-56.320000,8.610000,-177.120000)
v(-60.160000,6.150000,-177.120000)
v(-60.160000,-4.920000,-177.120000)
v(23.040000,-4.920000,-175.890000)
v(-23.040000,-4.920000,-175.890000)
v(2.560000,-4.920000,-174.660000)
v(-2.560000,-4.920000,-174.660000)
v(23.040000,7.380000,-174.660000)
v(56.320000,7.380000,-177.120000)
v(58.880000,0.000000,-177.120000)
v(56.320000,-3.690000,-177.120000)
v(23.040000,-3.690000,-175.890000)
v(-23.040000,7.380000,-174.660000)
v(-56.320000,7.380000,-177.120000)
v(-58.880000,0.000000,-177.120000)
v(-56.320000,-3.690000,-177.120000)
v(-23.040000,-3.690000,-175.890000)
v(8.960000,-3.690000,-174.660000)
v(6.400000,1.230000,-174.660000)
v(8.960000,7.380000,-174.660000)
v(2.560000,8.610000,-174.660000)
v(5.120000,2.460000,-174.660000)
v(1.280000,-1.230000,-174.660000)
v(-8.960000,-3.690000,-174.660000)
v(-6.400000,1.230000,-174.660000)
v(-8.960000,7.380000,-174.660000)
v(-2.560000,8.610000,-174.660000)
v(-5.120000,2.460000,-174.660000)
v(-1.280000,-1.230000,-174.660000)
v(0.000000,-1.230000,-174.660000)
v(0.000000,8.610000,-174.660000)
v(2.560000,9.840000,-174.660000)
v(-2.560000,9.840000,-174.660000)
v(56.320000,27.060000,-168.510000)
v(62.720000,13.530000,-174.660000)
v(-56.320000,27.060000,-168.510000)
v(-62.720000,13.530000,-174.660000)
v(44.800000,22.140000,-170.970000)
v(44.800000,19.680000,-172.200000)
v(47.360000,17.220000,-173.430000)
v(49.920000,19.680000,-172.200000)
v(49.920000,22.140000,-170.970000)
v(47.360000,24.600000,-169.740000)
v(-44.800000,22.140000,-170.970000)
v(-44.800000,19.680000,-172.200000)
v(-47.360000,17.220000,-173.430000)
v(-49.920000,19.680000,-172.200000)
v(-49.920000,22.140000,-170.970000)
v(-47.360000,24.600000,-169.740000)
v(32.000000,27.060000,-169.740000)
v(23.040000,27.060000,-168.510000)
v(23.040000,15.990000,-173.430000)
v(53.760000,15.990000,-173.430000)
v(60.160000,14.760000,-174.660000)
v(39.680000,27.060000,-168.510000)
v(38.400000,22.140000,-170.970000)
v(34.560000,20.910000,-170.970000)
v(-32.000000,27.060000,-169.740000)
v(-23.040000,27.060000,-168.510000)
v(-23.040000,15.990000,-173.430000)
v(-53.760000,15.990000,-173.430000)
v(-60.160000,14.760000,-174.660000)
v(-39.680000,27.060000,-168.510000)
v(-38.400000,22.140000,-170.970000)
v(-34.560000,20.910000,-170.970000)
v(61.440000,9.840000,-180.810000)
v(64.000000,3.690000,-179.580000)
v(-61.440000,9.840000,-180.810000)
v(-64.000000,3.690000,-179.580000)
v(19.200000,15.990000,-173.430000)
v(15.360000,15.990000,-173.430000)
v(15.360000,13.530000,-177.120000)
v(0.000000,13.530000,-177.120000)
v(-15.360000,13.530000,-177.120000)
v(-15.360000,15.990000,-173.430000)
v(-19.200000,15.990000,-173.430000)
v(-53.760000,11.070000,-180.810000)
v(0.000000,11.070000,-179.580000)
v(53.760000,11.070000,-180.810000)
v(1.280000,27.060000,-168.510000)
v(2.560000,13.530000,-174.660000)
v(15.360000,13.530000,-174.660000)
v(-1.280000,27.060000,-168.510000)
v(-2.560000,13.530000,-174.660000)
v(-15.360000,13.530000,-174.660000)
v(0.000000,27.060000,-168.510000)
v(0.000000,13.530000,-174.660000)
v(19.200000,12.300000,-179.580000)
v(19.200000,24.600000,-172.200000)
v(19.200000,24.600000,-169.740000)
v(-19.200000,12.300000,-179.580000)
v(-19.200000,24.600000,-172.200000)
v(-19.200000,24.600000,-169.740000)
v(-46.080000,23.370000,135.300000)
v(46.080000,23.370000,135.300000)
v(46.080000,31.980000,76.260000)
v(-46.080000,31.980000,76.260000)
v(-46.080000,33.210000,-72.570000)
v(46.080000,33.210000,-72.570000)
v(46.080000,25.830000,-130.380000)
v(-46.080000,25.830000,-130.380000)

<p>
c(254,254,254)
light()
outline()
n(0.000000,0.000000,1.000000)
p(6,0,1,2,3,4,5)
t(1,0,5)
t(5,4,3)
t(3,2,1)
t(1,5,3)
</p>

<p>
c(254,254,254)
light()
outline()
n(-0.000000,0.000000,1.000000)
p(6,6,7,8,9,10,11)
t(10,11,6)
t(6,7,8)
t(8,9,10)
t(10,6,8)
</p>

<p>
c(71,133,219)
outline()
n(0.035505,0.189327,0.981272)
p(9,9,10,11,6,12,13,14,15,16)
t(10,9,16)
t(16,15,14)
t(14,13,12)
t(12,6,11)
t(10,16,14)
t(14,12,11)
t(11,10,14)
</p>

<p>
c(71,133,219)
outline()
n(-0.035505,0.189327,0.981272)
p(9,3,4,5,0,17,18,19,20,21)
t(20,21,3)
t(5,0,17)
t(17,18,19)
t(19,20,3)
t(5,17,19)
t(19,3,4)
t(4,5,19)
</p>

<p>
c(71,133,219)
outline()
n(0.522361,0.267310,0.809743)
p(11,22,23,24,25,26,21,3,2,1,0,17)
t(23,22,17)
t(17,0,1)
t(2,3,21)
t(21,26,25)
t(24,23,17)
t(2,21,25)
t(25,24,17)
t(1,2,25)
t(25,17,1)
</p>

<p>
c(71,133,219)
outline()
n(-0.522361,0.267310,0.809743)
p(11,27,28,29,30,31,16,9,8,7,6,12)
t(6,12,27)
t(27,28,29)
t(30,31,16)
t(16,9,8)
t(7,6,27)
t(27,29,30)
t(30,16,8)
t(8,7,27)
t(27,30,8)
</p>

<p>
c(71,133,219)
outline()
n(0.034673,0.443477,0.895615)
p(10,32,33,34,35,36,37,26,25,24,23)
t(24,23,32)
t(32,33,34)
t(34,35,36)
t(36,37,26)
t(25,24,32)
t(32,34,36)
</p>

<p>
c(71,133,219)
outline()
n(-0.034673,0.443477,0.895615)
p(10,38,39,40,41,42,43,31,30,29,28)
t(39,38,28)
t(31,43,42)
t(42,41,40)
t(40,39,28)
t(42,40,28)
</p>

<p>
c(19,32,66)
outline()
n(0.000000,1.000000,0.000000)
p(4,44,37,36,45)
t(36,45,44)
t(44,37,36)
</p>

<p>
c(19,32,66)
outline()
n(0.000000,1.000000,0.000000)
p(4,46,43,42,47)
t(43,46,47)
t(47,42,43)
</p>

<p>
c(71,133,219)
outline()
n(0.000000,1.000000,0.000000)
p(4,45,47,46,44)
t(46,44,45)
t(45,47,46)
</p>

<p>
c(20,20,20)
outline()
n(0.000000,0.272291,0.962215)
p(15,36,35,34,33,32,48,49,50,38,39,40,41,42,47,45)
t(42,41,40)
t(40,39,38)
t(48,32,33)
t(33,34,35)
t(47,42,40)
t(40,38,50)
t(49,48,33)
t(33,35,36)
t(45,47,40)
t(40,50,49)
t(49,33,36)
t(36,45,40)
t(40,49,36)
</p>

<p>
c(254,254,254)
light()
outline()
n(0.000000,0.000000,1.000000)
p(6,51,52,53,54,55,56)
t(55,56,51)
t(51,52,53)
t(53,54,55)
t(55,51,53)
</p>

<p>
c(254,254,254)
light()
outline()
n(0.000000,0.000000,1.000000)
p(6,57,58,59,60,61,62)
t(58,57,62)
t(62,61,60)
t(60,59,58)
t(58,62,60)
</p>

<p>
c(170,170,170)
outline()
n(0.285540,-0.958166,0.019642)
p(6,63,64,65,66,67,21)
t(64,63,21)
t(67,66,65)
t(65,64,21)
t(21,67,65)
</p>

<p>
c(170,170,170)
outline()
n(-0.285540,-0.958166,0.019642)
p(6,68,69,70,71,72,16)
t(72,16,68)
t(68,69,70)
t(70,71,72)
t(72,68,70)
</p>

<p>
c(170,170,170)
outline()
n(-0.359994,-0.930517,-0.067397)
p(6,64,63,73,74,75,65)
t(75,65,64)
t(64,63,73)
t(74,75,64)
t(64,73,74)
</p>

<p>
c(170,170,170)
outline()
n(0.359994,-0.930517,-0.067397)
p(6,69,68,76,77,78,70)
t(68,69,70)
t(70,78,77)
t(77,76,68)
t(68,70,77)
</p>

<p>
c(170,170,170)
outline()
n(0.000000,0.996928,-0.078327)
p(15,37,44,46,43,31,16,68,79,80,81,82,83,63,21,26)
t(31,16,68)
t(68,79,80)
t(80,81,82)
t(82,83,63)
t(63,21,26)
t(43,31,68)
t(68,80,82)
t(82,63,26)
t(43,68,82)
t(82,26,37)
t(46,43,82)
t(82,37,44)
t(44,46,82)
</p>

<p>
c(170,170,170)
outline()
n(0.000000,0.996459,0.084082)
p(20,73,63,83,82,81,80,79,68,76,84,85,86,87,88,89,90,91,92,93,94)
t(63,73,94)
t(93,92,91)
t(88,87,86)
t(85,84,76)
t(76,68,79)
t(79,80,81)
t(81,82,83)
t(83,63,94)
t(93,91,90)
t(88,86,85)
t(85,76,79)
t(83,94,93)
t(88,85,79)
t(81,83,93)
t(89,88,79)
t(81,93,90)
t(89,79,81)
t(81,90,89)
</p>

<p>
c(71,133,219)
outline()
n(-0.432975,0.505721,0.746176)
p(9,95,85,84,76,96,97,98,99,100)
t(85,95,100)
t(98,97,96)
t(76,84,85)
t(99,98,96)
t(76,85,100)
t(99,96,76)
t(76,100,99)
</p>

<p>
c(71,133,219)
outline()
n(0.432975,0.505721,0.746176)
p(9,101,93,94,73,102,103,104,105,106)
t(106,101,93)
t(93,94,73)
t(102,103,104)
t(106,93,73)
t(73,102,104)
t(105,106,73)
t(73,104,105)
</p>

<p>
c(71,133,219)
outline()
n(-0.104886,-0.708699,-0.697671)
p(12,107,102,103,108,109,101,93,92,110,111,112,113)
t(112,113,107)
t(107,102,103)
t(109,101,93)
t(93,92,110)
t(111,112,107)
t(107,103,108)
t(108,109,93)
t(110,111,107)
t(107,108,93)
t(93,110,107)
</p>

<p>
c(71,133,219)
outline()
n(0.104886,-0.708699,-0.697671)
p(12,114,96,97,115,116,95,85,86,117,118,112,113)
t(114,113,112)
t(117,86,85)
t(85,95,116)
t(115,97,96)
t(114,112,118)
t(117,85,116)
t(115,96,114)
t(114,118,117)
t(117,116,115)
t(115,114,117)
</p>

<p>
c(200,100,0)
light()
outline()
n(0.457987,0.466628,0.756642)
p(7,101,109,108,103,104,105,106)
t(109,101,106)
t(106,105,104)
t(104,103,108)
t(108,109,106)
t(106,104,108)
</p>

<p>
c(200,100,0)
light()
outline()
n(0.457987,-0.466628,-0.756642)
p(7,95,116,115,97,98,99,100)
t(116,95,100)
t(100,99,98)
t(98,97,115)
t(115,116,100)
t(100,98,115)
</p>

<p>
c(15,15,15)
outline()
n(0.000000,0.611314,0.791388)
p(10,92,91,119,87,86,117,118,112,111,110)
t(91,92,110)
t(110,111,112)
t(112,118,117)
t(117,86,87)
t(119,91,110)
t(110,112,117)
t(117,87,119)
t(119,110,117)
</p>

<p>
c(71,133,219)
outline()
n(0.814105,0.518683,0.261154)
p(4,73,102,120,74)
t(102,73,74)
t(74,120,102)
</p>

<p>
c(71,133,219)
outline()
n(-0.814105,0.518683,0.261154)
p(4,76,96,121,77)
t(121,77,76)
t(76,96,121)
</p>

<p>
c(71,133,219)
outline()
n(-0.976986,-0.104021,-0.186222)
p(7,21,67,122,123,18,19,20)
t(20,21,67)
t(67,122,123)
t(123,18,19)
t(19,20,67)
t(67,123,19)
</p>

<p>
c(71,133,219)
outline()
n(0.976986,-0.104021,-0.186222)
p(7,16,72,124,125,13,14,15)
t(72,16,15)
t(14,13,125)
t(125,124,72)
t(72,15,14)
t(14,125,72)
</p>

<p>
c(71,133,219)
outline()
n(-0.300719,0.841410,-0.448996)
p(7,22,17,18,123,126,127,128)
t(127,128,22)
t(17,18,123)
t(123,126,127)
t(127,22,17)
t(17,123,127)
</p>

<p>
c(71,133,219)
outline()
n(0.300719,0.841410,-0.448996)
p(7,27,12,13,125,129,130,131)
t(12,27,131)
t(131,130,129)
t(129,125,13)
t(12,131,129)
t(129,13,12)
</p>

<p>
c(71,133,219)
outline()
n(0.058551,-0.996870,0.053127)
p(15,132,133,134,135,136,137,138,139,128,127,126,140,141,142,143)
t(132,143,142)
t(140,126,127)
t(127,128,139)
t(136,135,134)
t(134,133,132)
t(132,142,141)
t(141,140,127)
t(127,139,138)
t(136,134,132)
t(132,141,127)
t(127,138,137)
t(137,136,132)
t(132,127,137)
</p>

<p>
c(71,133,219)
outline()
n(-0.058551,-0.996870,0.053127)
p(15,144,145,146,147,148,149,150,151,131,130,129,152,153,154,155)
t(154,155,144)
t(144,145,146)
t(146,147,148)
t(150,151,131)
t(130,129,152)
t(153,154,144)
t(144,146,148)
t(150,131,130)
t(130,152,153)
t(153,144,148)
t(149,150,130)
t(130,153,148)
t(148,149,130)
</p>

<p>
c(71,133,219)
outline()
n(0.329711,-0.940971,0.076582)
p(11,23,22,128,139,138,137,136,135,156,157,158)
t(22,23,158)
t(158,157,156)
t(156,135,136)
t(136,137,138)
t(128,22,158)
t(158,156,136)
t(136,138,139)
t(139,128,158)
t(158,136,139)
</p>

<p>
c(71,133,219)
outline()
n(-0.329711,-0.940971,0.076582)
p(11,28,27,131,151,150,149,148,147,159,160,161)
t(161,28,27)
t(151,150,149)
t(149,148,147)
t(147,159,160)
t(160,161,27)
t(151,149,147)
t(160,27,131)
t(151,147,160)
t(160,131,151)
</p>

<p>
c(71,133,219)
outline()
n(0.000000,-0.995724,-0.092382)
p(12,162,163,164,165,166,28,38,50,49,48,32,23)
t(32,23,162)
t(162,163,164)
t(164,165,166)
t(166,28,38)
t(38,50,49)
t(49,48,32)
t(32,162,164)
t(164,166,38)
t(38,49,32)
t(32,164,38)
</p>

<p>
c(71,133,219)
outline()
n(0.105250,0.991537,-0.076011)
p(12,167,168,169,147,159,160,161,28,166,170,171,172)
t(168,169,147)
t(160,161,28)
t(28,166,170)
t(170,171,172)
t(167,168,147)
t(160,28,170)
t(170,172,167)
t(167,147,159)
t(159,160,170)
t(170,167,159)
</p>

<p>
c(71,133,219)
outline()
n(-0.105250,0.991537,-0.076011)
p(12,173,174,175,135,156,157,158,23,162,176,177,178)
t(178,177,176)
t(176,162,23)
t(23,158,157)
t(156,135,175)
t(173,178,176)
t(176,23,157)
t(157,156,175)
t(173,176,157)
t(157,175,174)
t(174,173,157)
</p>

<p>
c(71,133,219)
outline()
n(-0.000000,-0.985053,0.172252)
p(8,179,180,181,164,163,182,183,184)
t(180,179,184)
t(183,182,163)
t(163,164,181)
t(181,180,184)
t(184,183,163)
t(163,181,184)
</p>

<p>
c(71,133,219)
outline()
n(0.000000,-0.985053,0.172252)
p(8,179,180,181,164,165,185,186,187)
t(186,187,179)
t(181,164,165)
t(165,185,186)
t(186,179,180)
t(180,181,165)
t(165,186,180)
</p>

<p>
c(19,32,66)
outline()
n(0.029693,-0.982871,0.181886)
p(7,163,162,176,177,184,183,182)
t(162,163,182)
t(182,183,184)
t(184,177,176)
t(176,162,182)
t(182,184,176)
</p>

<p>
c(19,32,66)
outline()
n(-0.029693,-0.982871,0.181886)
p(7,165,166,170,171,187,186,185)
t(186,185,165)
t(165,166,170)
t(170,171,187)
t(187,186,165)
t(165,170,187)
</p>

<p>
c(15,15,15)
outline()
n(0.007781,-0.923594,0.383293)
p(6,178,188,189,179,184,177)
t(188,178,177)
t(184,179,189)
t(189,188,177)
t(177,184,189)
</p>

<p>
c(15,15,15)
outline()
n(-0.007781,-0.923594,0.383293)
p(6,172,171,187,179,190,191)
t(171,172,191)
t(191,190,179)
t(187,171,191)
t(191,179,187)
</p>

<p>
c(71,133,219)
outline()
n(0.819170,0.573550,0.000662)
p(8,169,168,167,172,191,192,193,194)
t(193,194,169)
t(168,167,172)
t(172,191,192)
t(192,193,169)
t(169,168,172)
t(172,192,169)
</p>

<p>
c(71,133,219)
outline()
n(-0.819170,0.573550,0.000662)
p(8,175,174,173,178,188,195,196,197)
t(174,175,197)
t(197,196,195)
t(195,188,178)
t(178,173,174)
t(174,197,195)
t(195,178,174)
</p>

<p>
c(19,32,66)
outline()
n(0.000000,-0.999805,-0.019761)
p(8,197,198,199,200,189,188,195,196)
t(198,197,196)
t(195,188,189)
t(200,199,198)
t(198,196,195)
t(195,189,200)
t(200,198,195)
</p>

<p>
c(19,32,66)
outline()
n(-0.000000,-0.999805,-0.019761)
p(8,194,201,202,203,190,191,192,193)
t(193,194,201)
t(201,202,203)
t(203,190,191)
t(192,193,201)
t(201,203,191)
t(191,192,201)
</p>

<p>
c(71,133,219)
outline()
n(0.716775,0.697304,0.000887)
p(7,198,204,205,179,189,200,199)
t(200,199,198)
t(198,204,205)
t(205,179,189)
t(189,200,198)
t(198,205,189)
</p>

<p>
c(71,133,219)
outline()
n(-0.716775,0.697304,0.000887)
p(7,201,204,205,179,190,203,202)
t(204,201,202)
t(202,203,190)
t(190,179,205)
t(205,204,202)
t(202,190,205)
</p>

<p>
c(19,32,66)
outline()
n(-0.000000,-1.000000,-0.000000)
p(6,175,206,207,208,198,197)
t(206,175,197)
t(197,198,208)
t(207,206,197)
t(197,208,207)
</p>

<p>
c(19,32,66)
outline()
n(0.000000,-1.000000,-0.000000)
p(6,169,209,210,211,201,194)
t(194,169,209)
t(210,211,201)
t(201,194,209)
t(209,210,201)
</p>

<p>
c(71,133,219)
outline()
n(0.000000,0.997679,-0.068094)
p(10,212,213,214,215,211,201,204,198,208,216)
t(216,212,213)
t(213,214,215)
t(211,201,204)
t(204,198,208)
t(208,216,213)
t(213,215,211)
t(211,204,208)
t(208,213,211)
</p>

<p>
c(35,35,35)
outline()
n(-0.000000,0.978216,-0.207591)
p(6,216,208,207,217,218,212)
t(218,212,216)
t(216,208,207)
t(217,218,216)
t(216,207,217)
</p>

<p>
c(35,35,35)
outline()
n(0.000000,0.978216,-0.207591)
p(6,215,214,219,220,210,211)
t(210,211,215)
t(215,214,219)
t(220,210,215)
t(215,219,220)
</p>

<p>
c(71,133,219)
outline()
n(0.068211,-0.997268,0.028340)
p(8,175,135,134,133,218,217,207,206)
t(135,175,206)
t(206,207,217)
t(217,218,133)
t(133,134,135)
t(135,206,217)
t(217,133,135)
</p>

<p>
c(71,133,219)
outline()
n(-0.068211,-0.997268,0.028340)
p(8,169,147,146,145,219,220,210,209)
t(209,169,147)
t(147,146,145)
t(145,219,220)
t(220,210,209)
t(209,147,145)
t(145,220,209)
</p>

<p>
c(71,133,219)
outline()
n(-0.526388,0.849261,-0.040874)
p(10,123,221,222,223,224,143,142,141,140,126)
t(140,126,123)
t(223,224,143)
t(143,142,141)
t(141,140,123)
t(222,223,143)
t(141,123,221)
t(222,143,141)
t(141,221,222)
</p>

<p>
c(71,133,219)
outline()
n(0.526388,0.849261,-0.040874)
p(10,125,225,226,227,228,155,154,153,152,129)
t(225,125,129)
t(129,152,153)
t(153,154,155)
t(155,228,227)
t(226,225,129)
t(129,153,155)
t(155,227,226)
t(226,129,155)
</p>

<p>
c(71,133,219)
outline()
n(-0.887458,0.460097,-0.026983)
p(9,229,224,223,222,221,123,122,230,231)
t(230,231,229)
t(229,224,223)
t(223,222,221)
t(221,123,122)
t(230,229,223)
t(223,221,122)
t(122,230,223)
</p>

<p>
c(71,133,219)
outline()
n(0.887458,0.460097,-0.026983)
p(9,232,228,227,226,225,125,124,233,234)
t(228,232,234)
t(233,124,125)
t(125,225,226)
t(226,227,228)
t(228,234,233)
t(233,125,226)
t(226,228,233)
</p>

<p>
c(71,133,219)
outline()
n(0.945887,0.324434,-0.006356)
p(12,230,122,67,66,75,74,120,235,236,237,238,239)
t(122,230,239)
t(236,235,120)
t(120,74,75)
t(66,67,122)
t(122,239,238)
t(237,236,120)
t(66,122,238)
t(237,120,75)
t(75,66,238)
t(238,237,75)
</p>

<p>
c(71,133,219)
outline()
n(-0.945887,0.324434,-0.006356)
p(12,233,124,72,71,78,77,121,240,241,242,243,244)
t(243,244,233)
t(233,124,72)
t(78,77,121)
t(121,240,241)
t(243,233,72)
t(78,121,241)
t(242,243,72)
t(71,78,241)
t(242,72,71)
t(71,241,242)
</p>

<p>
c(71,133,219)
outline()
n(-0.900874,-0.431671,0.045673)
p(10,245,239,238,237,236,235,246,247,248,249)
t(249,245,239)
t(237,236,235)
t(235,246,247)
t(249,239,238)
t(237,235,247)
t(248,249,238)
t(237,247,248)
t(248,238,237)
</p>

<p>
c(71,133,219)
outline()
n(0.900874,-0.431671,0.045673)
p(10,250,244,243,242,241,240,251,252,253,254)
t(244,250,254)
t(252,251,240)
t(240,241,242)
t(243,244,254)
t(253,252,240)
t(242,243,254)
t(253,240,242)
t(242,254,253)
</p>

<p>
c(71,133,219)
outline()
n(-0.998863,-0.040286,0.025470)
p(8,255,256,257,258,239,245,259,260)
t(260,255,256)
t(256,257,258)
t(258,239,245)
t(260,256,258)
t(258,245,259)
t(259,260,258)
</p>

<p>
c(71,133,219)
outline()
n(0.998863,-0.040286,0.025470)
p(8,261,262,263,264,244,250,265,266)
t(262,261,266)
t(265,250,244)
t(264,263,262)
t(265,244,264)
t(264,262,266)
t(266,265,264)
</p>

<p>
c(19,32,66)
outline()
n(-0.699593,0.713948,-0.029110)
p(5,231,267,229,231,230)
t(267,229,231)
</p>

<p>
c(19,32,66)
outline()
n(-0.699593,-0.713948,0.029110)
p(5,234,268,232,234,233)
t(268,232,234)
</p>

<p>
c(71,133,219)
outline()
n(-0.997640,-0.065769,-0.019709)
p(9,231,230,239,258,257,256,269,270,267)
t(270,267,231)
t(231,230,239)
t(257,256,269)
t(269,270,231)
t(231,239,258)
t(258,257,269)
t(269,231,258)
</p>

<p>
c(71,133,219)
outline()
n(-0.997640,0.065769,0.019709)
p(9,234,233,244,264,263,262,271,272,268)
t(272,268,234)
t(234,233,244)
t(263,262,271)
t(271,272,234)
t(234,244,264)
t(264,263,271)
t(271,234,264)
</p>

<p>
c(71,133,219)
outline()
n(0.241873,-0.970298,-0.004387)
p(7,143,224,273,274,275,276,277)
t(224,143,277)
t(277,276,275)
t(275,274,273)
t(273,224,277)
t(277,275,273)
</p>

<p>
c(71,133,219)
outline()
n(-0.241873,-0.970298,-0.004387)
p(7,155,228,278,279,280,281,282)
t(281,282,155)
t(155,228,278)
t(278,279,280)
t(280,281,155)
t(155,278,280)
</p>

<p>
c(71,133,219)
outline()
n(-0.877863,0.478814,0.009683)
p(5,224,229,283,274,273)
t(273,224,229)
t(229,283,274)
t(274,273,229)
</p>

<p>
c(71,133,219)
outline()
n(-0.877863,-0.478814,-0.009683)
p(5,228,232,284,279,278)
t(278,228,232)
t(232,284,279)
t(279,278,232)
</p>

<p>
c(19,32,66)
outline()
n(0.842717,0.538254,0.010536)
p(4,285,268,232,284)
t(232,284,285)
t(285,268,232)
</p>

<p>
c(19,32,66)
outline()
n(0.842717,-0.538254,-0.010536)
p(4,286,267,229,283)
t(229,283,286)
t(286,267,229)
</p>

<p>
c(71,133,219)
outline()
n(-0.993872,0.110492,-0.003137)
p(9,287,271,272,268,285,288,289,290,291)
t(271,287,291)
t(290,289,288)
t(288,285,268)
t(268,272,271)
t(271,291,290)
t(290,288,268)
t(268,271,290)
</p>

<p>
c(71,133,219)
outline()
n(-0.993872,-0.110492,0.003137)
p(9,292,269,270,267,286,293,294,295,296)
t(269,292,296)
t(295,294,293)
t(293,286,267)
t(267,270,269)
t(269,296,295)
t(295,293,267)
t(267,269,295)
</p>

<p>
c(19,32,66)
outline()
n(-0.944773,-0.327726,-0.000000)
p(6,297,269,256,255,298,299)
t(298,299,297)
t(297,269,256)
t(256,255,298)
t(298,297,256)
</p>

<p>
c(19,32,66)
outline()
n(-0.944773,0.327726,0.000000)
p(6,300,271,262,261,301,302)
t(301,302,300)
t(300,271,262)
t(262,261,301)
t(301,300,262)
</p>

<p>
c(19,32,66)
outline()
n(0.944773,0.327726,0.000000)
p(5,269,297,303,304,292)
t(297,269,292)
t(292,304,303)
t(303,297,292)
</p>

<p>
c(19,32,66)
outline()
n(-0.944773,0.327726,0.000000)
p(5,271,300,305,306,287)
t(287,271,300)
t(300,305,306)
t(306,287,300)
</p>

<p>
c(19,32,66)
outline()
n(-0.944773,-0.327726,0.000000)
p(4,304,303,307,308)
t(307,308,304)
t(304,303,307)
</p>

<p>
c(19,32,66)
outline()
n(0.944773,-0.327726,0.000000)
p(4,306,305,309,310)
t(305,306,310)
t(310,309,305)
</p>

<p>
c(71,133,219)
outline()
n(0.734801,0.678280,0.001840)
p(7,299,298,311,312,307,303,297)
t(298,299,297)
t(297,303,307)
t(307,312,311)
t(311,298,297)
t(297,307,311)
</p>

<p>
c(71,133,219)
outline()
n(-0.734801,0.678280,0.001840)
p(7,302,301,313,314,309,305,300)
t(300,302,301)
t(301,313,314)
t(314,309,305)
t(305,300,301)
t(301,314,305)
</p>

<p>
c(19,32,66)
outline()
n(-0.692745,0.720905,-0.020025)
p(3,296,294,295)
t(294,295,296)
</p>

<p>
c(19,32,66)
outline()
n(0.692745,0.720905,-0.020025)
p(3,291,289,290)
t(289,291,290)
</p>

<p>
c(71,133,219)
outline()
n(0.692884,-0.721050,0.000000)
p(3,315,293,316)
t(293,315,316)
</p>

<p>
c(71,133,219)
outline()
n(-0.982707,-0.133934,0.127863)
p(4,317,315,316,318)
t(316,318,317)
t(317,315,316)
</p>

<p>
c(71,133,219)
outline()
n(0.432814,0.900817,-0.034647)
p(3,317,318,294)
t(318,317,294)
</p>

<p>
c(71,133,219)
outline()
n(-0.692884,-0.721050,0.000000)
p(3,319,288,320)
t(288,320,319)
</p>

<p>
c(71,133,219)
outline()
n(-0.982707,0.133934,-0.127863)
p(4,321,319,320,322)
t(320,322,321)
t(321,319,320)
</p>

<p>
c(71,133,219)
outline()
n(-0.432814,0.900817,-0.034647)
p(3,321,322,289)
t(322,289,321)
</p>

<p>
c(25,25,25)
outline()
n(0.060603,-0.192052,0.979512)
p(4,294,318,316,293)
t(318,294,293)
t(293,316,318)
</p>

<p>
c(25,25,25)
outline()
n(-0.060603,-0.192052,0.979512)
p(4,289,288,320,322)
t(288,289,322)
t(322,320,288)
</p>

<p>
c(19,32,66)
outline()
n(-0.996154,-0.087602,0.001836)
p(10,293,315,317,294,296,323,324,325,326,286)
t(326,286,293)
t(317,294,296)
t(296,323,324)
t(325,326,293)
t(317,296,324)
t(325,293,315)
t(315,317,324)
t(324,325,315)
</p>

<p>
c(19,32,66)
outline()
n(-0.996154,0.087602,-0.001836)
p(10,288,319,321,289,291,327,328,329,330,285)
t(330,285,288)
t(321,289,291)
t(291,327,328)
t(330,288,319)
t(321,291,328)
t(329,330,319)
t(319,321,328)
t(328,329,319)
</p>

<p>
c(71,133,219)
outline()
n(-0.965507,0.258804,0.028598)
p(18,331,332,333,334,335,336,337,338,339,340,341,342,343,344,345,346,274,283)
t(274,283,331)
t(332,333,334)
t(336,337,338)
t(338,339,340)
t(340,341,342)
t(343,344,345)
t(345,346,274)
t(331,332,334)
t(335,336,338)
t(338,340,342)
t(343,345,274)
t(331,334,335)
t(335,338,342)
t(342,343,274)
t(274,331,335)
t(335,342,274)
</p>

<p>
c(71,133,219)
outline()
n(0.965507,0.258804,0.028598)
p(18,347,348,349,350,351,352,353,354,355,356,357,358,359,360,361,362,279,284)
t(347,284,279)
t(279,362,361)
t(361,360,359)
t(359,358,357)
t(357,356,355)
t(355,354,353)
t(350,349,348)
t(347,279,361)
t(361,359,357)
t(357,355,353)
t(350,348,347)
t(347,361,357)
t(357,353,352)
t(351,350,347)
t(357,352,351)
t(351,347,357)
</p>

<p>
c(19,32,66)
outline()
n(-0.997539,0.069356,-0.010312)
p(13,284,347,348,349,363,306,287,291,327,328,329,330,285)
t(347,284,285)
t(327,291,287)
t(349,348,347)
t(347,285,330)
t(327,287,306)
t(363,349,347)
t(347,330,329)
t(328,327,306)
t(363,347,329)
t(329,328,306)
t(306,363,329)
</p>

<p>
c(19,32,66)
outline()
n(-0.997539,-0.069356,0.010312)
p(13,283,331,332,333,364,304,292,296,323,324,325,326,286)
t(331,283,286)
t(323,296,292)
t(333,332,331)
t(331,286,326)
t(323,292,304)
t(364,333,331)
t(331,326,325)
t(324,323,304)
t(364,331,325)
t(325,324,304)
t(304,364,325)
</p>

<p>
c(170,170,170)
outline()
n(0.093553,-0.796658,0.597146)
p(18,365,366,213,212,218,133,132,367,368,369,370,371,372,373,374,375,376,377)
t(374,373,372)
t(372,371,370)
t(369,368,367)
t(132,133,218)
t(212,213,366)
t(375,374,372)
t(372,370,369)
t(132,218,212)
t(212,366,365)
t(375,372,369)
t(132,212,365)
t(375,369,367)
t(132,365,377)
t(376,375,367)
t(132,377,376)
t(376,367,132)
</p>

<p>
c(170,170,170)
outline()
n(0.093553,0.796658,-0.597146)
p(18,371,378,379,380,381,144,145,219,214,213,366,382,383,384,385,386,387,372)
t(387,372,371)
t(379,380,381)
t(144,145,219)
t(219,214,213)
t(213,366,382)
t(386,387,371)
t(144,219,213)
t(213,382,383)
t(385,386,371)
t(144,213,383)
t(385,371,378)
t(144,383,384)
t(385,378,379)
t(381,144,384)
t(385,379,381)
t(381,384,385)
</p>

<p>
c(71,133,219)
outline()
n(-0.938886,-0.342573,-0.033712)
p(23,144,381,388,389,390,391,392,393,394,395,396,397,398,399,400,280,401,402,403,404,405,406,155)
t(381,144,155)
t(401,280,400)
t(399,398,397)
t(394,393,392)
t(391,390,389)
t(389,388,381)
t(381,155,406)
t(400,399,397)
t(395,394,392)
t(392,391,389)
t(381,406,405)
t(400,397,396)
t(389,381,405)
t(401,400,396)
t(389,405,404)
t(401,396,395)
t(389,404,403)
t(402,401,395)
t(392,389,403)
t(402,395,392)
t(392,403,402)
</p>

<p>
c(71,133,219)
outline()
n(-0.938886,0.342573,0.033712)
p(23,132,367,407,408,409,410,411,412,413,414,415,416,417,418,419,275,420,421,422,423,424,425,143)
t(367,132,143)
t(420,275,419)
t(418,417,416)
t(413,412,411)
t(410,409,408)
t(408,407,367)
t(367,143,425)
t(419,418,416)
t(414,413,411)
t(411,410,408)
t(367,425,424)
t(419,416,415)
t(408,367,424)
t(420,419,415)
t(408,424,423)
t(420,415,414)
t(408,423,422)
t(421,420,414)
t(411,408,422)
t(421,414,411)
t(411,422,421)
</p>

<p>
c(170,170,170)
outline()
n(-0.961940,0.273243,-0.003238)
p(19,426,427,428,429,430,431,276,275,420,421,422,423,424,425,143,277,432,433,434)
t(431,276,275)
t(275,420,421)
t(421,422,423)
t(423,424,425)
t(143,277,432)
t(431,275,421)
t(143,432,433)
t(430,431,421)
t(425,143,433)
t(429,430,421)
t(425,433,434)
t(428,429,421)
t(425,434,426)
t(428,421,423)
t(423,425,426)
t(427,428,423)
t(423,426,427)
</p>

<p>
c(170,170,170)
outline()
n(-0.961940,-0.273243,0.003238)
p(19,435,436,437,438,282,155,406,405,404,403,402,401,280,281,439,440,441,442,443)
t(439,281,280)
t(280,401,402)
t(402,403,404)
t(404,405,406)
t(155,282,438)
t(439,280,402)
t(155,438,437)
t(440,439,402)
t(406,155,437)
t(441,440,402)
t(406,437,436)
t(442,441,402)
t(406,436,435)
t(442,402,404)
t(404,406,435)
t(443,442,404)
t(404,435,443)
</p>

<p>
c(170,170,170)
outline()
n(0.965074,-0.261929,-0.005113)
p(4,277,426,434,432)
t(426,277,432)
t(432,434,426)
</p>

<p>
c(170,170,170)
outline()
n(-0.965074,-0.261929,-0.005113)
p(4,282,438,436,435)
t(438,282,435)
t(435,436,438)
</p>

<p>
c(71,133,219)
outline()
n(0.142892,-0.988288,-0.053566)
p(12,367,407,408,409,410,444,445,446,447,448,369,368)
t(407,367,368)
t(368,369,448)
t(448,447,446)
t(446,445,444)
t(444,410,409)
t(408,407,368)
t(368,448,446)
t(446,444,409)
t(409,408,368)
t(368,446,409)
</p>

<p>
c(71,133,219)
outline()
n(-0.142892,-0.988288,-0.053566)
p(12,381,388,389,390,391,449,450,451,452,453,379,380)
t(379,380,381)
t(390,391,449)
t(449,450,451)
t(451,452,453)
t(453,379,381)
t(389,390,449)
t(449,451,453)
t(453,381,388)
t(388,389,449)
t(449,453,388)
</p>

<p>
c(19,32,66)
outline()
n(-0.025122,0.998955,0.038189)
p(10,369,448,447,446,445,454,455,456,457,370)
t(457,370,369)
t(446,445,454)
t(454,455,456)
t(456,457,369)
t(447,446,454)
t(454,456,369)
t(448,447,454)
t(454,369,448)
</p>

<p>
c(19,32,66)
outline()
n(0.025122,0.998955,0.038189)
p(10,379,453,452,451,450,458,459,460,461,378)
t(453,379,378)
t(378,461,460)
t(460,459,458)
t(458,450,451)
t(452,453,378)
t(378,460,458)
t(458,451,452)
t(452,378,458)
</p>

<p>
c(71,133,219)
outline()
n(-0.000000,-0.999643,-0.026732)
p(11,454,458,459,460,461,378,371,370,457,456,455)
t(458,454,455)
t(455,456,457)
t(457,370,371)
t(371,378,461)
t(459,458,455)
t(455,457,371)
t(371,461,460)
t(460,459,455)
t(455,371,460)
</p>

<p>
c(71,133,219)
outline()
n(0.039794,0.984330,0.171787)
p(5,414,462,463,412,413)
t(413,414,462)
t(462,463,412)
t(412,413,462)
</p>

<p>
c(71,133,219)
outline()
n(0.817018,0.574214,-0.052536)
p(4,415,416,464,465)
t(416,415,465)
t(465,464,416)
</p>

<p>
c(71,133,219)
outline()
n(-0.885092,0.418988,0.202636)
p(4,463,462,465,464)
t(465,464,463)
t(463,462,465)
</p>

<p>
c(71,133,219)
outline()
n(-0.039794,0.984330,0.171787)
p(5,395,466,467,393,394)
t(466,395,394)
t(394,393,467)
t(467,466,394)
</p>

<p>
c(71,133,219)
outline()
n(-0.817018,0.574214,-0.052536)
p(4,396,397,468,469)
t(468,469,396)
t(396,397,468)
</p>

<p>
c(71,133,219)
outline()
n(0.885092,0.418988,0.202636)
p(4,467,466,469,468)
t(466,467,468)
t(468,469,466)
</p>

<p>
c(15,15,15)
outline()
n(0.140898,-0.267404,0.953227)
p(4,414,415,465,462)
t(415,414,462)
t(462,465,415)
</p>

<p>
c(15,15,15)
outline()
n(-0.770788,0.412230,0.485749)
p(4,416,412,463,464)
t(463,464,416)
t(416,412,463)
</p>

<p>
c(15,15,15)
outline()
n(-0.140898,-0.267404,0.953227)
p(4,395,466,469,396)
t(466,395,396)
t(396,469,466)
</p>

<p>
c(15,15,15)
outline()
n(-0.770788,-0.412230,-0.485749)
p(4,397,468,467,393)
t(468,397,393)
t(393,467,468)
</p>

<p>
c(71,133,219)
outline()
n(-0.097690,0.994609,0.034780)
p(15,274,346,345,344,343,342,341,470,471,472,473,417,418,419,275)
t(419,275,274)
t(344,343,342)
t(342,341,470)
t(471,472,473)
t(417,418,419)
t(419,274,346)
t(344,342,470)
t(471,473,417)
t(417,419,346)
t(345,344,470)
t(470,471,417)
t(417,346,345)
t(345,470,417)
</p>

<p>
c(71,133,219)
outline()
n(0.097690,0.994609,0.034780)
p(15,279,362,361,360,359,358,357,474,475,476,477,398,399,400,280)
t(362,279,280)
t(400,399,398)
t(477,476,475)
t(475,474,357)
t(357,358,359)
t(361,362,280)
t(280,400,398)
t(398,477,475)
t(475,357,359)
t(360,361,280)
t(280,398,475)
t(475,359,360)
t(360,280,475)
</p>

<p>
c(71,133,219)
outline()
n(-0.998750,-0.025407,-0.043053)
p(9,364,304,308,478,479,480,335,334,333)
t(334,333,364)
t(364,304,308)
t(479,480,335)
t(364,308,478)
t(479,335,334)
t(334,364,478)
t(478,479,334)
</p>

<p>
c(71,133,219)
outline()
n(0.998750,-0.025407,-0.043053)
p(9,363,306,310,481,482,483,351,350,349)
t(306,363,349)
t(349,350,351)
t(351,483,482)
t(481,310,306)
t(349,351,482)
t(481,306,349)
t(349,482,481)
</p>

<p>
c(71,133,219)
outline()
n(-0.958024,-0.284829,-0.032589)
p(11,335,480,484,485,486,487,488,489,490,337,336)
t(337,336,335)
t(335,480,484)
t(487,488,489)
t(489,490,337)
t(337,335,484)
t(486,487,489)
t(337,484,485)
t(485,486,489)
t(489,337,485)
</p>

<p>
c(71,133,219)
outline()
n(0.958024,-0.284829,-0.032589)
p(11,351,483,491,492,493,494,495,496,497,353,352)
t(483,351,352)
t(353,497,496)
t(496,495,494)
t(491,483,352)
t(353,496,494)
t(492,491,352)
t(353,494,493)
t(492,352,353)
t(353,493,492)
</p>

<p>
c(170,170,170)
outline()
n(0.000000,0.626335,0.779554)
p(11,445,444,498,499,500,501,502,449,450,458,454)
t(454,445,444)
t(444,498,499)
t(501,502,449)
t(449,450,458)
t(458,454,444)
t(444,499,500)
t(500,501,449)
t(449,458,444)
t(444,500,449)
</p>

<p>
c(170,170,170)
outline()
n(0.000000,0.969317,0.245814)
p(24,503,504,505,506,507,508,509,449,502,510,511,512,513,514,515,516,517,518,498,444,519,520,521,522)
t(507,508,509)
t(509,449,502)
t(512,513,514)
t(514,515,516)
t(518,498,444)
t(444,519,520)
t(509,502,510)
t(512,514,516)
t(517,518,444)
t(444,520,521)
t(507,509,510)
t(517,444,521)
t(507,510,511)
t(516,517,521)
t(507,511,512)
t(516,521,522)
t(506,507,512)
t(512,516,522)
t(505,506,512)
t(512,522,503)
t(504,505,512)
t(512,503,504)
</p>

<p>
c(71,133,219)
outline()
n(-0.150401,0.951730,0.267562)
p(10,411,523,524,525,522,521,520,519,444,410)
t(524,525,522)
t(519,444,410)
t(523,524,522)
t(520,519,410)
t(523,522,521)
t(521,520,410)
t(411,523,521)
t(521,410,411)
</p>

<p>
c(71,133,219)
outline()
n(0.150401,0.951730,0.267562)
p(10,392,526,527,528,506,507,508,509,449,391)
t(391,449,509)
t(507,506,528)
t(392,391,509)
t(507,528,527)
t(526,392,509)
t(507,527,526)
t(526,509,508)
t(508,507,526)
</p>

<p>
c(19,32,66)
outline()
n(0.029134,-0.969355,-0.243931)
p(4,503,522,525,529)
t(522,503,529)
t(529,525,522)
</p>

<p>
c(19,32,66)
outline()
n(-0.029134,-0.969355,-0.243931)
p(4,505,506,528,530)
t(528,530,505)
t(505,506,528)
</p>

<p>
c(71,133,219)
outline()
n(0.000000,0.948683,0.316228)
p(5,529,530,505,504,503)
t(504,503,529)
t(529,530,505)
t(505,504,529)
</p>

<p>
c(71,133,219)
outline()
n(-0.734944,0.642869,0.215817)
p(7,417,473,472,523,411,412,416)
t(412,416,417)
t(473,472,523)
t(523,411,412)
t(412,417,473)
t(473,523,412)
</p>

<p>
c(71,133,219)
outline()
n(0.734944,0.642869,0.215817)
p(7,398,477,476,526,392,393,397)
t(477,398,397)
t(397,393,392)
t(392,526,476)
t(476,477,397)
t(397,392,476)
</p>

<p>
c(71,133,219)
outline()
n(-0.357037,0.906621,0.224861)
p(4,531,532,523,472)
t(523,472,531)
t(531,532,523)
</p>

<p>
c(71,133,219)
outline()
n(0.357037,0.906621,0.224861)
p(4,533,534,526,476)
t(534,533,476)
t(476,526,534)
</p>

<p>
c(71,133,219)
outline()
n(0.125139,-0.964572,-0.232251)
p(10,524,523,532,531,472,471,470,535,536,525)
t(523,524,525)
t(525,536,535)
t(470,471,472)
t(532,523,525)
t(470,472,531)
t(532,525,535)
t(535,470,531)
t(531,532,535)
</p>

<p>
c(71,133,219)
outline()
n(-0.125139,-0.964572,-0.232251)
p(10,527,526,534,533,476,475,474,537,538,528)
t(538,528,527)
t(527,526,534)
t(533,476,475)
t(474,537,538)
t(538,527,534)
t(533,475,474)
t(474,538,534)
t(534,533,474)
</p>

<p>
c(19,32,66)
outline()
n(0.000000,0.944470,0.328599)
p(6,525,536,535,539,540,529)
t(540,529,525)
t(536,535,539)
t(539,540,525)
t(525,536,539)
</p>

<p>
c(19,32,66)
outline()
n(0.000000,0.944470,0.328599)
p(6,528,538,537,541,542,530)
t(538,528,530)
t(542,541,537)
t(537,538,530)
t(530,542,537)
</p>

<p>
c(71,133,219)
outline()
n(0.000000,-0.944470,-0.328599)
p(6,540,539,541,542,530,529)
t(539,540,529)
t(529,530,542)
t(542,541,539)
t(539,529,542)
</p>

<p>
c(71,133,219)
outline()
n(-0.952325,-0.302125,0.042399)
p(6,337,490,489,543,544,338)
t(544,338,337)
t(490,489,543)
t(543,544,337)
t(337,490,543)
</p>

<p>
c(71,133,219)
outline()
n(-0.952325,0.302125,-0.042399)
p(6,353,497,496,545,546,354)
t(546,354,353)
t(497,496,545)
t(545,546,353)
t(353,497,545)
</p>

<p>
c(71,133,219)
outline()
n(0.000000,-0.857493,0.514496)
p(4,470,341,547,548)
t(341,470,548)
t(548,547,341)
</p>

<p>
c(71,133,219)
outline()
n(0.000000,-0.857493,0.514496)
p(4,474,357,549,550)
t(549,550,474)
t(474,357,549)
</p>

<p>
c(71,133,219)
outline()
n(0.960209,-0.277127,-0.034638)
p(7,341,340,339,551,552,553,547)
t(340,341,547)
t(547,553,552)
t(552,551,339)
t(339,340,547)
t(547,552,339)
</p>

<p>
c(71,133,219)
outline()
n(-0.960209,-0.277127,-0.034638)
p(7,357,356,355,554,555,556,549)
t(556,549,357)
t(356,355,554)
t(555,556,357)
t(357,356,554)
t(554,555,357)
</p>

<p>
c(71,133,219)
outline()
n(0.046960,-0.772997,0.632669)
p(5,470,548,557,558,535)
t(548,470,535)
t(558,557,548)
t(548,535,558)
</p>

<p>
c(71,133,219)
outline()
n(-0.046960,-0.772997,0.632669)
p(5,474,550,559,560,537)
t(560,537,474)
t(474,550,559)
t(559,560,474)
</p>

<p>
c(19,32,66)
outline()
n(0.000000,0.707107,-0.707107)
p(6,539,535,558,557,561,562)
t(561,562,539)
t(539,535,558)
t(558,557,561)
t(561,539,558)
</p>

<p>
c(19,32,66)
outline()
n(-0.000000,0.707107,-0.707107)
p(6,541,537,560,559,563,564)
t(537,541,564)
t(564,563,559)
t(560,537,564)
t(564,559,560)
</p>

<p>
c(71,133,219)
outline()
n(0.000000,0.707107,-0.707107)
p(6,562,561,563,564,541,539)
t(541,539,562)
t(562,561,563)
t(564,541,562)
t(562,563,564)
</p>

<p>
c(71,133,219)
outline()
n(0.026610,-0.030084,0.999193)
p(16,565,548,547,553,552,551,339,338,566,567,568,569,570,571,572,573)
t(573,565,548)
t(548,547,553)
t(553,552,551)
t(339,338,566)
t(568,569,570)
t(573,548,553)
t(553,551,339)
t(568,570,571)
t(572,573,553)
t(553,339,566)
t(567,568,571)
t(572,553,566)
t(567,571,572)
t(572,566,567)
</p>

<p>
c(71,133,219)
outline()
n(-0.026610,-0.030084,0.999193)
p(16,574,550,549,556,555,554,355,354,575,576,577,578,579,580,581,582)
t(550,574,582)
t(580,579,578)
t(575,354,355)
t(355,554,555)
t(555,556,549)
t(549,550,582)
t(580,578,577)
t(575,355,555)
t(555,549,582)
t(581,580,577)
t(576,575,555)
t(555,582,581)
t(581,577,576)
t(576,555,581)
</p>

<p>
c(71,133,219)
outline()
n(0.040007,0.000000,0.999199)
p(4,557,548,565,583)
t(565,583,557)
t(557,548,565)
</p>

<p>
c(71,133,219)
outline()
n(-0.040007,0.000000,0.999199)
p(4,559,550,574,584)
t(550,559,584)
t(584,574,550)
</p>

<p>
c(19,32,66)
outline()
n(0.030017,-0.041684,0.998680)
p(4,561,557,583,585)
t(583,585,561)
t(561,557,583)
</p>

<p>
c(19,32,66)
outline()
n(0.030017,0.041684,-0.998680)
p(4,563,559,584,586)
t(584,586,563)
t(563,559,584)
</p>

<p>
c(71,133,219)
outline()
n(0.000000,0.083045,-0.996546)
p(4,585,586,563,561)
t(586,585,561)
t(561,563,586)
</p>

<p>
c(71,133,219)
outline()
n(-0.043894,0.019397,-0.998848)
p(11,587,588,589,590,591,583,565,573,572,571,570)
t(588,587,570)
t(573,565,583)
t(583,591,590)
t(588,570,571)
t(573,583,590)
t(589,588,571)
t(573,590,589)
t(589,571,572)
t(572,573,589)
</p>

<p>
c(71,133,219)
outline()
n(0.043894,0.019397,-0.998848)
p(11,592,593,594,595,596,584,574,582,581,580,579)
t(580,579,592)
t(595,596,584)
t(584,574,582)
t(580,592,593)
t(595,584,582)
t(581,580,593)
t(594,595,582)
t(581,593,594)
t(594,582,581)
</p>

<p>
c(19,32,66)
outline()
n(0.048828,-0.023211,0.998537)
p(11,583,591,597,598,599,587,570,600,601,602,585)
t(585,583,591)
t(599,587,570)
t(601,602,585)
t(585,591,597)
t(599,570,600)
t(601,585,597)
t(598,599,600)
t(601,597,598)
t(598,600,601)
</p>

<p>
c(19,32,66)
outline()
n(-0.048828,-0.023211,0.998537)
p(11,584,596,603,604,605,592,579,606,607,608,586)
t(596,584,586)
t(586,608,607)
t(606,579,592)
t(603,596,586)
t(606,592,605)
t(604,603,586)
t(607,606,605)
t(605,604,586)
t(586,607,605)
</p>

<p>
c(130,0,0)
light()
outline()
n(-0.050073,0.036346,-0.998084)
p(8,591,590,589,588,587,599,598,597)
t(590,591,597)
t(597,598,599)
t(599,587,588)
t(588,589,590)
t(590,597,599)
t(599,588,590)
</p>

<p>
c(130,0,0)
light()
outline()
n(0.050073,0.036346,-0.998084)
p(8,596,595,594,593,592,605,604,603)
t(604,603,596)
t(596,595,594)
t(594,593,592)
t(592,605,604)
t(604,596,594)
t(594,592,604)
</p>

<p>
c(71,133,219)
outline()
n(0.000000,0.000000,1.000000)
p(5,602,609,608,586,585)
t(586,585,602)
t(609,608,586)
t(586,602,609)
</p>

<p>
c(170,170,170)
outline()
n(0.000000,0.000000,1.000000)
p(8,600,610,606,607,608,609,602,601)
t(602,601,600)
t(610,606,607)
t(607,608,609)
t(609,602,600)
t(600,610,607)
t(607,609,600)
</p>

<p>
c(71,133,219)
outline()
n(0.000000,0.000000,1.000000)
p(5,610,600,611,612,606)
t(612,606,610)
t(610,600,611)
t(611,612,610)
</p>

<p>
c(19,32,66)
outline()
n(0.059951,0.000000,0.998201)
p(4,600,570,569,611)
t(569,611,600)
t(600,570,569)
</p>

<p>
c(19,32,66)
outline()
n(-0.059951,0.000000,0.998201)
p(4,606,579,578,612)
t(579,606,612)
t(612,578,579)
</p>

<p>
c(71,133,219)
outline()
n(-0.900148,-0.421011,0.111733)
p(4,613,614,544,543)
t(544,543,613)
t(613,614,544)
</p>

<p>
c(71,133,219)
outline()
n(0.900148,-0.421011,0.111733)
p(4,615,616,546,545)
t(616,615,545)
t(545,546,616)
</p>

<p>
c(200,200,200)
outline()
n(0.000000,-0.447214,0.894427)
p(6,617,618,619,620,621,622)
t(621,622,617)
t(617,618,619)
t(619,620,621)
t(621,617,619)
</p>

<p>
c(200,200,200)
outline()
n(-0.000000,-0.447214,0.894427)
p(6,623,624,625,626,627,628)
t(624,623,628)
t(628,627,626)
t(626,625,624)
t(624,628,626)
</p>

<p>
c(71,133,219)
outline()
n(-0.006027,-0.373624,0.927561)
p(19,629,630,631,632,633,544,614,613,621,620,619,618,617,622,621,613,634,635,636)
t(636,629,630)
t(631,618,617)
t(619,618,631)
t(633,544,614)
t(636,630,631)
t(631,617,622)
t(619,631,632)
t(633,614,613)
t(635,636,631)
t(620,619,632)
t(632,633,613)
t(635,631,622)
t(621,620,632)
t(634,635,622)
t(621,632,613)
t(613,634,622)
t(622,621,613)
</p>

<p>
c(71,133,219)
outline()
n(0.006027,-0.373624,0.927561)
p(19,637,638,639,640,641,546,616,615,627,626,625,624,623,628,627,615,642,643,644)
t(615,616,627)
t(626,627,616)
t(616,546,641)
t(639,638,637)
t(615,627,628)
t(626,616,641)
t(639,637,644)
t(642,615,628)
t(626,641,640)
t(639,644,643)
t(643,642,628)
t(625,626,640)
t(639,643,628)
t(625,640,639)
t(639,628,623)
t(624,625,639)
t(639,623,624)
</p>

<p>
c(15,15,15)
outline()
n(0.100692,0.314621,-0.943862)
p(4,634,629,636,635)
t(629,634,635)
t(635,636,629)
</p>

<p>
c(15,15,15)
outline()
n(0.100692,-0.314621,0.943862)
p(4,637,642,643,644)
t(643,644,637)
t(637,642,643)
</p>

<p>
c(170,170,170)
outline()
n(0.868783,0.420415,-0.261663)
p(5,338,544,633,645,646)
t(544,338,646)
t(646,645,633)
t(633,544,646)
</p>

<p>
c(170,170,170)
outline()
n(-0.868783,0.420415,-0.261663)
p(5,354,546,641,647,648)
t(647,648,354)
t(354,546,641)
t(641,647,354)
</p>

<p>
c(170,170,170)
outline()
n(-0.000000,-0.799433,0.600756)
p(18,633,632,631,649,650,651,652,653,654,655,639,640,641,647,656,657,658,645)
t(658,645,633)
t(633,632,631)
t(649,650,651)
t(653,654,655)
t(639,640,641)
t(641,647,656)
t(657,658,633)
t(633,631,649)
t(653,655,639)
t(639,641,656)
t(656,657,633)
t(633,649,651)
t(653,639,656)
t(656,633,651)
t(652,653,656)
t(656,651,652)
</p>

<p>
c(170,170,170)
outline()
n(-0.000000,0.078729,0.996896)
p(17,646,645,658,657,656,647,648,575,576,577,578,612,611,569,568,567,566)
t(567,566,646)
t(645,658,657)
t(657,656,647)
t(647,648,575)
t(578,612,611)
t(567,646,645)
t(645,657,647)
t(647,575,576)
t(578,611,569)
t(568,567,645)
t(647,576,577)
t(577,578,569)
t(569,568,645)
t(645,647,577)
t(577,569,645)
</p>

<p>
c(19,32,66)
outline()
n(-0.002970,-0.411149,0.911563)
p(7,630,659,660,661,650,649,631)
t(649,631,630)
t(630,659,660)
t(660,661,650)
t(650,649,630)
t(630,660,650)
</p>

<p>
c(19,32,66)
outline()
n(0.002970,-0.411149,0.911563)
p(7,638,662,663,664,654,655,639)
t(662,638,639)
t(639,655,654)
t(654,664,663)
t(662,639,654)
t(654,663,662)
</p>

<p>
c(71,133,219)
outline()
n(-0.000000,-0.413803,0.910366)
p(6,660,659,665,662,663,666)
t(666,660,659)
t(665,662,663)
t(663,666,659)
t(659,665,663)
</p>

<p>
c(170,170,170)
outline()
n(1.000000,0.000000,0.000000)
p(4,667,668,669,649)
t(669,649,667)
t(667,668,669)
</p>

<p>
c(170,170,170)
outline()
n(1.000000,0.000000,0.000000)
p(4,670,671,672,655)
t(672,655,670)
t(670,671,672)
</p>

<p>
glass()
outline()
n(-0.000000,0.790462,-0.612512)
p(14,373,372,387,386,385,384,383,382,366,365,377,376,375,374)
t(375,374,373)
t(387,386,385)
t(385,384,383)
t(383,382,366)
t(366,365,377)
t(377,376,375)
t(387,385,383)
t(383,366,377)
t(377,375,373)
t(372,387,383)
t(383,377,373)
t(373,372,383)
</p>

<p>
glass()
outline()
n(0.952369,-0.304949,0.000000)
p(3,432,434,433)
t(434,432,433)
</p>

<p>
glass()
outline()
n(-0.968007,0.250907,-0.002717)
p(8,431,430,429,428,427,426,277,276)
t(277,276,431)
t(431,430,429)
t(429,428,427)
t(427,426,277)
t(277,431,429)
t(429,427,277)
</p>

<p>
glass()
outline()
n(-0.952369,-0.304949,0.000000)
p(3,438,437,436)
t(437,438,436)
</p>

<p>
glass()
outline()
n(-0.968007,-0.250907,0.002717)
p(8,439,281,282,435,443,442,441,440)
t(281,439,440)
t(440,441,442)
t(442,443,435)
t(435,282,281)
t(281,440,442)
t(442,435,281)
</p>

<p>
glass()
outline()
n(-0.000000,0.964543,0.263925)
p(14,514,513,512,511,510,502,501,500,499,498,518,517,516,515)
t(513,512,511)
t(511,510,502)
t(502,501,500)
t(500,499,498)
t(498,518,517)
t(517,516,515)
t(514,513,511)
t(511,502,500)
t(500,498,517)
t(517,515,514)
t(514,511,500)
t(500,517,514)
</p>

<p>
c(45,45,45)
outline()
n(0.000000,1.000000,0.000000)
p(13,120,102,107,113,114,96,121,240,251,673,674,246,235)
t(102,120,235)
t(235,246,674)
t(673,251,240)
t(240,121,96)
t(96,114,113)
t(113,107,102)
t(102,235,674)
t(674,673,240)
t(240,96,113)
t(113,102,674)
t(674,240,113)
</p>

<p>
c(45,45,45)
outline()
n(0.000000,0.989533,0.144307)
p(4,675,674,673,676)
t(674,675,676)
t(676,673,674)
</p>

<p>
c(45,45,45)
outline()
n(0.000000,0.999966,0.008264)
p(8,312,311,675,676,313,314,677,678)
t(311,312,678)
t(677,314,313)
t(675,311,678)
t(678,677,313)
t(676,675,678)
t(678,313,676)
</p>

<p>
c(45,45,45)
outline()
n(0.000000,0.991950,-0.126632)
p(4,679,678,677,680)
t(678,679,680)
t(680,677,678)
</p>

<p>
c(45,45,45)
outline()
n(0.000000,0.999431,0.033724)
p(19,488,679,680,495,496,545,615,642,637,638,662,665,659,630,629,634,613,543,489)
t(679,488,489)
t(489,543,613)
t(634,629,630)
t(638,637,642)
t(642,615,545)
t(545,496,495)
t(680,679,489)
t(489,613,634)
t(638,642,545)
t(545,495,680)
t(680,489,634)
t(662,638,545)
t(545,680,634)
t(665,662,545)
t(545,634,630)
t(659,665,545)
t(545,630,659)
</p>

