v(-42.500000,1.700000,217.600000)
v(-42.500000,17.000000,224.400000)
v(-76.500000,17.000000,224.400000)
v(-76.500000,5.100000,214.200000)
v(-54.400000,-1.700000,212.500000)
v(-45.900000,-3.400000,212.500000)
v(-42.500000,-8.500000,212.500000)
v(-45.900000,-13.600000,212.500000)
v(-54.400000,-15.300000,212.500000)
v(-62.900000,-13.600000,212.500000)
v(-66.300000,-8.500000,212.500000)
v(-62.900000,-3.400000,212.500000)
v(-49.300000,-3.400000,195.500000)
v(-59.500000,-3.400000,195.500000)
v(-59.500000,-6.800000,195.500000)
v(-49.300000,-6.800000,195.500000)
v(-76.500000,0.000000,195.500000)
v(-76.500000,0.000000,170.000000)
v(-42.500000,-8.500000,170.000000)
v(-42.500000,-8.500000,197.200000)
v(-76.500000,30.600000,78.200000)
v(-51.000000,30.600000,78.200000)
v(-51.000000,30.600000,-32.300000)
v(-76.500000,30.600000,-32.300000)
v(-45.900000,-6.800000,64.600000)
v(-37.400000,-11.900000,178.500000)
v(-44.200000,-5.100000,149.600000)
v(-44.200000,-3.400000,122.400000)
v(-45.900000,-6.800000,93.500000)
v(-42.500000,-8.500000,207.400000)
v(-42.500000,23.800000,207.400000)
v(-27.200000,-20.400000,207.400000)
v(-30.600000,-17.000000,178.500000)
v(-34.000000,-11.900000,149.600000)
v(-39.100000,-10.200000,122.400000)
v(-40.800000,-11.900000,93.500000)
v(-15.300000,-23.800000,181.900000)
v(-13.600000,-23.800000,207.400000)
v(-27.200000,-20.400000,181.900000)
v(-34.000000,-18.700000,156.400000)
v(-25.500000,-23.800000,156.400000)
v(-30.600000,-23.800000,129.200000)
v(-35.700000,-18.700000,129.200000)
v(-39.100000,-20.400000,103.700000)
v(-34.000000,-25.500000,103.700000)
v(-42.500000,-23.800000,78.200000)
v(-42.500000,-23.800000,57.800000)
v(-45.900000,-5.100000,0.000000)
v(-42.500000,-23.800000,0.000000)
v(-51.000000,30.600000,0.000000)
v(-76.500000,0.000000,-71.400000)
v(-42.500000,-5.100000,-71.400000)
v(-40.800000,-5.100000,-98.600000)
v(-76.500000,0.000000,-96.900000)
v(-76.500000,10.200000,-108.800000)
v(-40.800000,6.800000,-108.800000)
v(-40.800000,23.800000,-112.200000)
v(-76.500000,23.800000,-112.200000)
v(-40.800000,-5.100000,-112.200000)
v(-40.800000,-22.100000,-112.200000)
v(-40.800000,-22.100000,-71.400000)
v(-42.500000,-23.800000,-8.500000)
v(-37.400000,-45.900000,-71.400000)
v(-37.400000,-49.300000,-79.900000)
v(-37.400000,-51.000000,-71.400000)
v(-37.400000,-47.600000,-8.500000)
v(-37.400000,-47.600000,0.000000)
v(-37.400000,-52.700000,45.900000)
v(-37.400000,-52.700000,52.700000)
v(-37.400000,-57.800000,51.000000)
v(-42.500000,-23.800000,66.300000)
v(42.500000,1.700000,217.600000)
v(42.500000,17.000000,224.400000)
v(76.500000,17.000000,224.400000)
v(76.500000,5.100000,214.200000)
v(54.400000,-1.700000,212.500000)
v(45.900000,-3.400000,212.500000)
v(42.500000,-8.500000,212.500000)
v(45.900000,-13.600000,212.500000)
v(54.400000,-15.300000,212.500000)
v(62.900000,-13.600000,212.500000)
v(66.300000,-8.500000,212.500000)
v(62.900000,-3.400000,212.500000)
v(49.300000,-3.400000,195.500000)
v(59.500000,-3.400000,195.500000)
v(59.500000,-6.800000,195.500000)
v(49.300000,-6.800000,195.500000)
v(76.500000,0.000000,195.500000)
v(76.500000,0.000000,170.000000)
v(42.500000,-8.500000,170.000000)
v(42.500000,-8.500000,197.200000)
v(76.500000,30.600000,78.200000)
v(51.000000,30.600000,78.200000)
v(51.000000,30.600000,-32.300000)
v(76.500000,30.600000,-32.300000)
v(45.900000,-6.800000,64.600000)
v(37.400000,-11.900000,178.500000)
v(44.200000,-5.100000,149.600000)
v(44.200000,-3.400000,122.400000)
v(45.900000,-6.800000,93.500000)
v(42.500000,-8.500000,207.400000)
v(42.500000,23.800000,207.400000)
v(27.200000,-20.400000,207.400000)
v(30.600000,-17.000000,178.500000)
v(34.000000,-11.900000,149.600000)
v(39.100000,-10.200000,122.400000)
v(40.800000,-11.900000,93.500000)
v(15.300000,-23.800000,181.900000)
v(13.600000,-23.800000,207.400000)
v(27.200000,-20.400000,181.900000)
v(34.000000,-18.700000,156.400000)
v(25.500000,-23.800000,156.400000)
v(30.600000,-23.800000,129.200000)
v(35.700000,-18.700000,129.200000)
v(39.100000,-20.400000,103.700000)
v(34.000000,-25.500000,103.700000)
v(42.500000,-23.800000,78.200000)
v(42.500000,-23.800000,57.800000)
v(45.900000,-5.100000,0.000000)
v(42.500000,-23.800000,0.000000)
v(51.000000,30.600000,0.000000)
v(76.500000,0.000000,-71.400000)
v(42.500000,-5.100000,-71.400000)
v(40.800000,-5.100000,-98.600000)
v(76.500000,0.000000,-96.900000)
v(76.500000,10.200000,-108.800000)
v(40.800000,6.800000,-108.800000)
v(40.800000,23.800000,-112.200000)
v(76.500000,23.800000,-112.200000)
v(40.800000,-5.100000,-112.200000)
v(40.800000,-22.100000,-112.200000)
v(40.800000,-22.100000,-71.400000)
v(42.500000,-23.800000,-8.500000)
v(37.400000,-45.900000,-71.400000)
v(37.400000,-49.300000,-79.900000)
v(37.400000,-51.000000,-71.400000)
v(37.400000,-47.600000,-8.500000)
v(37.400000,-47.600000,0.000000)
v(37.400000,-52.700000,45.900000)
v(37.400000,-52.700000,52.700000)
v(37.400000,-57.800000,51.000000)
v(42.500000,-23.800000,66.300000)
v(0.000000,-23.800000,69.700000)
v(-35.700000,23.800000,207.400000)
v(35.700000,23.800000,207.400000)
v(35.700000,11.900000,207.400000)
v(-35.700000,11.900000,207.400000)
v(-35.700000,-5.100000,207.400000)
v(-23.800000,-15.300000,207.400000)
v(-13.600000,-17.000000,207.400000)
v(13.600000,-17.000000,207.400000)
v(23.800000,-15.300000,207.400000)
v(35.700000,-5.100000,207.400000)
v(-30.600000,-49.300000,-79.900000)
v(-34.000000,-22.100000,-112.200000)
v(30.600000,-49.300000,-79.900000)
v(34.000000,-22.100000,-112.200000)
v(-35.700000,23.800000,-112.200000)
v(-35.700000,18.700000,-112.200000)
v(-35.700000,8.500000,-112.200000)
v(-27.200000,8.500000,-112.200000)
v(-27.200000,18.700000,-112.200000)
v(35.700000,23.800000,-112.200000)
v(35.700000,18.700000,-112.200000)
v(35.700000,8.500000,-112.200000)
v(27.200000,8.500000,-112.200000)
v(27.200000,18.700000,-112.200000)

<p>
c(63,76,116)
outline()
n(-0.068981,-0.524499,0.848612)
C(-59.500000,10.200000,220.150000)
p(4,0,1,2,3)
t(2,3,0)
t(0,1,2)
</p>

<p>
c(255,255,255)
light()
outline()
n(0.000000,0.000000,1.000000)
C(-54.400000,-8.500000,212.500000)
p(8,4,5,6,7,8,9,10,11)
t(5,4,11)
t(11,10,9)
t(9,8,7)
t(7,6,5)
t(5,11,9)
t(9,7,5)
</p>

<p>
c(120,120,120)
outline()
n(-0.313705,0.947314,-0.064690)
C(-58.480000,-4.080000,205.700000)
p(5,12,13,10,11,4)
t(11,4,12)
t(12,13,10)
t(10,11,12)
</p>

<p>
c(120,120,120)
outline()
n(0.313705,0.947314,-0.064690)
C(-50.320000,-4.080000,205.700000)
p(5,13,12,6,5,4)
t(12,13,4)
t(4,5,6)
t(6,12,4)
</p>

<p>
c(120,120,120)
outline()
n(-0.292491,0.860745,0.416614)
C(-50.320000,-10.200000,205.700000)
p(5,14,15,6,7,8)
t(15,14,8)
t(8,7,6)
t(6,15,8)
</p>

<p>
c(120,120,120)
outline()
n(0.292491,0.860745,0.416614)
C(-58.480000,-10.200000,205.700000)
p(5,15,14,10,9,8)
t(9,8,15)
t(15,14,10)
t(10,9,15)
</p>

<p>
c(63,76,116)
outline()
n(-0.204696,-0.966289,0.156156)
C(-59.500000,-1.700000,194.083333)
p(6,0,3,16,17,18,19)
t(18,19,0)
t(0,3,16)
t(16,17,18)
t(18,0,16)
</p>

<p>
c(63,76,116)
outline()
n(0.149891,0.926470,0.345234)
C(-61.625000,13.175000,124.100000)
p(4,18,17,20,21)
t(17,18,21)
t(21,20,17)
</p>

<p>
c(63,76,116)
outline()
n(0.000000,1.000000,0.000000)
C(-63.750000,30.600000,22.950000)
p(4,22,23,20,21)
t(20,21,22)
t(22,23,20)
</p>

<p>
c(63,76,117)
outline()
n(-0.987991,-0.142952,0.058638)
C(-44.766667,-0.566667,114.466667)
p(6,24,21,25,26,27,28)
t(21,24,28)
t(26,25,21)
t(21,28,27)
t(27,26,21)
</p>

<p>
c(63,76,117)
outline()
n(-0.990139,-0.132627,0.045105)
C(-43.350000,8.500000,167.875000)
p(4,29,30,21,25)
t(21,25,29)
t(29,30,21)
</p>

<p>
c(255,217,85)
outline()
n(-0.611606,-0.790958,-0.017989)
C(-34.425000,-14.450000,192.950000)
p(4,31,32,25,29)
t(32,31,29)
t(29,25,32)
</p>

<p>
c(255,180,79)
outline()
n(0.568245,0.819999,0.068551)
C(-36.550000,-11.475000,164.050000)
p(4,33,32,25,26)
t(32,33,26)
t(26,25,32)
</p>

<p>
c(255,141,72)
outline()
n(0.641196,0.767280,-0.012203)
C(-40.375000,-7.650000,136.000000)
p(4,26,33,34,27)
t(34,27,26)
t(26,33,34)
</p>

<p>
c(255,104,66)
outline()
n(0.759076,0.643053,-0.101428)
C(-42.500000,-8.075000,107.950000)
p(4,35,34,27,28)
t(34,35,28)
t(28,27,34)
</p>

<p>
c(255,60,60)
outline()
n(0.707107,0.707107,-0.000000)
C(-44.200000,-8.500000,83.866667)
p(3,35,24,28)
t(24,28,35)
</p>

<p>
c(255,217,85)
outline()
n(-0.256659,-0.966464,0.008556)
C(-20.825000,-22.100000,194.650000)
p(4,36,37,31,38)
t(31,38,36)
t(36,37,31)
</p>

<p>
c(255,180,79)
outline()
n(0.369872,0.924440,-0.092765)
C(-25.500000,-21.675000,169.150000)
p(4,39,38,36,40)
t(36,40,39)
t(39,38,36)
</p>

<p>
c(255,141,72)
outline()
n(0.583233,0.809018,-0.073004)
C(-31.450000,-21.250000,142.800000)
p(4,41,40,39,42)
t(40,41,42)
t(42,39,40)
</p>

<p>
c(255,104,66)
outline()
n(0.700140,0.700140,-0.140028)
C(-34.850000,-22.100000,116.450000)
p(4,43,42,41,44)
t(41,44,43)
t(43,42,41)
</p>

<p>
c(255,60,60)
outline()
n(0.694862,0.694862,-0.185296)
C(-38.533333,-23.233333,95.200000)
p(3,43,45,44)
t(45,43,44)
</p>

<p>
c(63,76,117)
outline()
n(-0.977252,-0.176938,0.116927)
C(-36.550000,-17.000000,126.933333)
p(12,46,24,35,34,33,32,31,38,39,42,43,45)
t(24,46,45)
t(39,38,31)
t(32,33,34)
t(35,24,45)
t(39,31,32)
t(32,34,35)
t(35,45,43)
t(42,39,32)
t(35,43,42)
t(42,32,35)
</p>

<p>
c(63,76,117)
outline()
n(-0.982497,-0.186261,-0.002728)
C(-44.200000,-14.875000,30.600000)
p(4,46,24,47,48)
t(47,48,46)
t(46,24,47)
</p>

<p>
c(63,76,117)
outline()
n(-0.990453,-0.137841,-0.001476)
C(-48.450000,12.325000,35.700000)
p(4,21,24,47,49)
t(24,21,49)
t(49,47,24)
</p>

<p>
c(63,76,116)
outline()
n(-0.073361,-0.764059,0.640962)
C(-61.625000,14.025000,-51.850000)
p(4,22,23,50,51)
t(50,51,22)
t(22,23,50)
</p>

<p>
c(63,76,116)
outline()
n(-0.144835,-0.989444,-0.004815)
C(-59.075000,-2.550000,-84.575000)
p(4,52,53,50,51)
t(53,52,51)
t(51,50,53)
</p>

<p>
c(63,76,116)
outline()
n(-0.100618,-0.703547,-0.703490)
C(-58.650000,2.975000,-103.275000)
p(4,52,53,54,55)
t(54,55,52)
t(52,53,54)
</p>

<p>
c(63,76,116)
outline()
n(0.010216,0.214512,0.976668)
C(-58.650000,16.150000,-110.500000)
p(4,56,57,54,55)
t(54,55,56)
t(56,57,54)
</p>

<p>
c(63,76,117)
outline()
n(-0.985277,-0.166477,-0.038931)
C(-47.600000,12.750000,-25.925000)
p(4,51,47,49,22)
t(49,22,51)
t(51,47,49)
</p>

<p>
c(63,76,117)
outline()
n(-0.991979,-0.072620,-0.103458)
C(-43.775000,11.050000,-82.025000)
p(4,56,58,51,22)
t(51,22,56)
t(56,58,51)
</p>

<p>
c(63,76,117)
outline()
n(-0.994054,-0.104518,-0.030557)
C(-42.257143,-15.300000,-53.671429)
p(7,51,58,59,60,61,48,47)
t(48,47,51)
t(51,58,59)
t(60,61,48)
t(51,59,60)
t(60,48,51)
</p>

<p>
c(63,76,117)
outline()
n(-0.992341,-0.123514,0.001898)
C(-38.760000,-38.080000,-81.260000)
p(5,62,60,59,63,64)
t(63,64,62)
t(62,60,59)
t(59,63,62)
</p>

<p>
c(63,76,117)
outline()
n(1.000000,0.000000,0.000000)
C(-37.400000,-50.757143,-0.242857)
p(7,64,62,65,66,67,68,69)
t(69,64,62)
t(65,66,67)
t(67,68,69)
t(69,62,65)
t(65,67,69)
</p>

<p>
c(63,76,117)
outline()
n(-0.984784,-0.173785,0.000000)
C(-39.950000,-38.250000,55.675000)
p(4,67,68,70,46)
t(70,46,67)
t(67,68,70)
</p>

<p>
c(63,76,117)
outline()
n(-0.977802,-0.209529,0.000000)
C(-39.950000,-35.700000,-4.250000)
p(4,65,66,48,61)
t(48,61,65)
t(65,66,48)
</p>

<p>
glass()
outline()
n(-0.982464,-0.186275,-0.008123)
C(-39.950000,-36.975000,25.925000)
p(4,67,66,48,46)
t(66,67,46)
t(46,48,66)
</p>

<p>
glass()
outline()
n(-0.984229,-0.175973,-0.018060)
C(-39.525000,-34.850000,-39.950000)
p(4,62,65,61,60)
t(61,60,62)
t(62,65,61)
</p>

<p>
c(63,76,116)
outline()
n(0.068981,-0.524499,0.848612)
C(59.500000,10.200000,220.150000)
p(4,71,72,73,74)
t(72,71,74)
t(74,73,72)
</p>

<p>
c(255,255,255)
light()
outline()
n(0.000000,0.000000,1.000000)
C(54.400000,-8.500000,212.500000)
p(8,75,76,77,78,79,80,81,82)
t(81,82,75)
t(75,76,77)
t(77,78,79)
t(79,80,81)
t(81,75,77)
t(77,79,81)
</p>

<p>
c(120,120,120)
outline()
n(0.313705,0.947314,-0.064690)
C(58.480000,-4.080000,205.700000)
p(5,83,84,81,82,75)
t(84,83,75)
t(75,82,81)
t(81,84,75)
</p>

<p>
c(120,120,120)
outline()
n(-0.313705,0.947314,-0.064690)
C(50.320000,-4.080000,205.700000)
p(5,84,83,77,76,75)
t(76,75,84)
t(84,83,77)
t(77,76,84)
</p>

<p>
c(120,120,120)
outline()
n(0.292491,0.860745,0.416614)
C(50.320000,-10.200000,205.700000)
p(5,85,86,77,78,79)
t(78,79,85)
t(85,86,77)
t(77,78,85)
</p>

<p>
c(120,120,120)
outline()
n(-0.292491,0.860745,0.416614)
C(58.480000,-10.200000,205.700000)
p(5,86,85,81,80,79)
t(85,86,79)
t(79,80,81)
t(81,85,79)
</p>

<p>
c(63,76,116)
outline()
n(-0.204696,0.966289,-0.156156)
C(59.500000,-1.700000,194.083333)
p(6,71,74,87,88,89,90)
t(89,90,71)
t(71,74,87)
t(87,88,89)
t(89,71,87)
</p>

<p>
c(63,76,116)
outline()
n(-0.149891,0.926470,0.345234)
C(61.625000,13.175000,124.100000)
p(4,89,88,91,92)
t(91,92,89)
t(89,88,91)
</p>

<p>
c(63,76,116)
outline()
n(0.000000,1.000000,0.000000)
C(63.750000,30.600000,22.950000)
p(4,93,94,91,92)
t(94,93,92)
t(92,91,94)
</p>

<p>
c(63,76,117)
outline()
n(0.987991,-0.142952,0.058638)
C(44.766667,-0.566667,114.466667)
p(6,95,92,96,97,98,99)
t(98,99,95)
t(92,96,97)
t(98,95,92)
t(92,97,98)
</p>

<p>
c(63,76,117)
outline()
n(0.990139,-0.132627,0.045105)
C(43.350000,8.500000,167.875000)
p(4,100,101,92,96)
t(101,100,96)
t(96,92,101)
</p>

<p>
c(255,217,85)
outline()
n(-0.611606,0.790958,0.017989)
C(34.425000,-14.450000,192.950000)
p(4,102,103,96,100)
t(103,102,100)
t(100,96,103)
</p>

<p>
c(255,180,79)
outline()
n(-0.568245,0.819999,0.068551)
C(36.550000,-11.475000,164.050000)
p(4,104,103,96,97)
t(96,97,104)
t(104,103,96)
</p>

<p>
c(255,141,72)
outline()
n(-0.641196,0.767280,-0.012203)
C(40.375000,-7.650000,136.000000)
p(4,97,104,105,98)
t(104,97,98)
t(98,105,104)
</p>

<p>
c(255,104,66)
outline()
n(-0.759076,0.643053,-0.101428)
C(42.500000,-8.075000,107.950000)
p(4,106,105,98,99)
t(98,99,106)
t(106,105,98)
</p>

<p>
c(255,60,60)
outline()
n(-0.707107,0.707107,-0.000000)
C(44.200000,-8.500000,83.866667)
p(3,106,95,99)
t(95,106,99)
</p>

<p>
c(255,217,85)
outline()
n(0.256659,-0.966464,0.008556)
C(20.825000,-22.100000,194.650000)
p(4,107,108,102,109)
t(108,107,109)
t(109,102,108)
</p>

<p>
c(255,180,79)
outline()
n(-0.369872,0.924440,-0.092765)
C(25.500000,-21.675000,169.150000)
p(4,110,109,107,111)
t(109,110,111)
t(111,107,109)
</p>

<p>
c(255,141,72)
outline()
n(-0.583233,0.809018,-0.073004)
C(31.450000,-21.250000,142.800000)
p(4,112,111,110,113)
t(110,113,112)
t(112,111,110)
</p>

<p>
c(255,104,66)
outline()
n(-0.700140,0.700140,-0.140028)
C(34.850000,-22.100000,116.450000)
p(4,114,113,112,115)
t(113,114,115)
t(115,112,113)
</p>

<p>
c(255,60,60)
outline()
n(-0.694862,0.694862,-0.185296)
C(38.533333,-23.233333,95.200000)
p(3,114,116,115)
t(116,115,114)
</p>

<p>
c(63,76,117)
outline()
n(0.977252,-0.176938,0.116927)
C(36.550000,-17.000000,126.933333)
p(12,117,95,106,105,104,103,102,109,110,113,114,116)
t(114,116,117)
t(117,95,106)
t(106,105,104)
t(103,102,109)
t(114,117,106)
t(106,104,103)
t(103,109,110)
t(113,114,106)
t(106,103,110)
t(110,113,106)
</p>

<p>
c(63,76,117)
outline()
n(-0.982497,0.186261,0.002728)
C(44.200000,-14.875000,30.600000)
p(4,117,95,118,119)
t(118,119,117)
t(117,95,118)
</p>

<p>
c(63,76,117)
outline()
n(-0.990453,0.137841,0.001476)
C(48.450000,12.325000,35.700000)
p(4,92,95,118,120)
t(95,92,120)
t(120,118,95)
</p>

<p>
c(63,76,116)
outline()
n(0.073361,-0.764059,0.640962)
C(61.625000,14.025000,-51.850000)
p(4,93,94,121,122)
t(94,93,122)
t(122,121,94)
</p>

<p>
c(63,76,116)
outline()
n(0.144835,-0.989444,-0.004815)
C(59.075000,-2.550000,-84.575000)
p(4,123,124,121,122)
t(121,122,123)
t(123,124,121)
</p>

<p>
c(63,76,116)
outline()
n(0.100618,-0.703547,-0.703490)
C(58.650000,2.975000,-103.275000)
p(4,123,124,125,126)
t(124,123,126)
t(126,125,124)
</p>

<p>
c(63,76,116)
outline()
n(-0.010216,0.214512,0.976668)
C(58.650000,16.150000,-110.500000)
p(4,127,128,125,126)
t(128,127,126)
t(126,125,128)
</p>

<p>
c(63,76,117)
outline()
n(0.985277,-0.166477,-0.038931)
C(47.600000,12.750000,-25.925000)
p(4,122,118,120,93)
t(118,122,93)
t(93,120,118)
</p>

<p>
c(63,76,117)
outline()
n(0.991979,-0.072620,-0.103458)
C(43.775000,11.050000,-82.025000)
p(4,127,129,122,93)
t(129,127,93)
t(93,122,129)
</p>

<p>
c(63,76,117)
outline()
n(0.994054,-0.104518,-0.030557)
C(42.257143,-15.300000,-53.671429)
p(7,122,129,130,131,132,119,118)
t(122,118,119)
t(119,132,131)
t(131,130,129)
t(129,122,119)
t(119,131,129)
</p>

<p>
c(63,76,117)
outline()
n(0.992341,-0.123514,0.001898)
C(38.760000,-38.080000,-81.260000)
p(5,133,131,130,134,135)
t(131,133,135)
t(135,134,130)
t(130,131,135)
</p>

<p>
c(63,76,117)
outline()
n(1.000000,0.000000,0.000000)
C(37.400000,-50.757143,-0.242857)
p(7,135,133,136,137,138,139,140)
t(140,135,133)
t(136,137,138)
t(138,139,140)
t(140,133,136)
t(136,138,140)
</p>

<p>
c(63,76,117)
outline()
n(0.984784,-0.173785,0.000000)
C(39.950000,-38.250000,55.675000)
p(4,138,139,141,117)
t(139,138,117)
t(117,141,139)
</p>

<p>
c(63,76,117)
outline()
n(-0.977802,0.209529,0.000000)
C(39.950000,-35.700000,-4.250000)
p(4,136,137,119,132)
t(119,132,136)
t(136,137,119)
</p>

<p>
glass()
outline()
n(-0.982464,0.186275,0.008123)
C(39.950000,-36.975000,25.925000)
p(4,138,137,119,117)
t(137,138,117)
t(117,119,137)
</p>

<p>
glass()
outline()
n(-0.984229,0.175973,0.018060)
C(39.525000,-34.850000,-39.950000)
p(4,133,136,132,131)
t(132,131,133)
t(133,136,132)
</p>

<p>
glass()
outline()
n(0.000000,0.456394,-0.889778)
C(0.000000,-35.360000,61.540000)
p(5,139,141,142,70,68)
t(141,139,68)
t(68,70,142)
t(142,141,68)
</p>

<p>
c(63,76,117)
outline()
n(0.000000,-0.999998,0.002197)
C(-0.000000,-24.026667,127.726667)
p(15,37,108,107,111,112,115,116,141,142,70,45,44,41,40,36)
t(108,37,36)
t(36,40,41)
t(44,45,70)
t(142,141,116)
t(115,112,111)
t(107,108,36)
t(36,41,44)
t(44,70,142)
t(142,116,115)
t(115,111,107)
t(107,36,44)
t(44,142,115)
t(115,107,44)
</p>

<p>
c(160,160,160)
outline()
n(-0.000000,0.000000,1.000000)
C(1.878947,-1.968421,207.400000)
p(19,101,100,102,108,37,31,29,30,143,144,145,146,147,148,149,150,151,152,144)
t(143,30,29)
t(29,147,146)
t(148,147,29)
t(29,31,37)
t(37,108,102)
t(143,29,146)
t(148,29,37)
t(143,146,145)
t(149,148,37)
t(150,149,37)
t(151,150,37)
t(151,37,102)
t(152,151,102)
t(152,102,100)
t(152,100,101)
t(145,152,101)
t(101,143,145)
</p>

<p>
c(60,60,60)
outline()
n(0.000000,0.000000,1.000000)
C(0.000000,-6.375000,207.400000)
p(8,146,147,148,149,150,151,152,145)
t(152,145,146)
t(146,147,148)
t(148,149,150)
t(150,151,152)
t(152,146,148)
t(148,150,152)
</p>

<p>
c(63,76,117)
outline()
n(0.000000,0.316228,-0.948683)
C(0.000000,-55.250000,51.850000)
p(4,69,68,139,140)
t(139,140,69)
t(69,68,139)
</p>

<p>
c(63,76,117)
outline()
n(0.000000,0.998460,0.055470)
C(0.000000,-54.400000,-10.200000)
p(4,69,64,135,140)
t(64,69,140)
t(140,135,64)
</p>

<p>
c(63,76,117)
outline()
n(0.000000,0.980581,0.196116)
C(0.000000,-50.150000,-75.650000)
p(4,63,64,135,134)
t(135,134,63)
t(63,64,135)
</p>

<p>
c(63,76,117)
outline()
n(-0.000000,0.764911,0.644136)
C(-35.700000,-35.700000,-96.050000)
p(4,63,153,154,59)
t(154,59,63)
t(63,153,154)
</p>

<p>
c(63,76,117)
outline()
n(0.000000,0.764911,0.644136)
C(35.700000,-35.700000,-96.050000)
p(4,134,155,156,130)
t(155,134,130)
t(130,156,155)
</p>

<p>
glass()
outline()
n(0.000000,0.764911,0.644136)
C(0.000000,-35.700000,-96.050000)
p(4,153,155,156,154)
t(156,154,153)
t(153,155,156)
</p>

<p>
c(63,76,117)
outline()
n(-0.000000,0.000000,1.000000)
C(0.000000,13.600000,-112.200000)
p(18,130,59,56,157,158,159,160,161,158,157,162,163,164,165,166,163,162,127)
t(56,59,159)
t(161,160,165)
t(164,159,59)
t(56,159,158)
t(161,165,166)
t(164,59,130)
t(127,56,158)
t(163,164,130)
t(127,158,161)
t(163,130,127)
t(127,161,166)
t(166,163,127)
</p>

<p>
c(200,60,60)
light()
outline()
n(0.000000,0.000000,1.000000)
C(-31.450000,13.600000,-112.200000)
p(4,159,158,161,160)
t(158,159,160)
t(160,161,158)
</p>

<p>
c(200,60,60)
light()
outline()
n(0.000000,0.000000,1.000000)
C(31.450000,13.600000,-112.200000)
p(4,164,163,166,165)
t(166,165,164)
t(164,163,166)
</p>

<p>
c(170,170,170)
outline()
n(0.000000,0.998618,0.052559)
C(0.000000,27.200000,142.800000)
p(4,21,30,101,92)
t(101,92,21)
t(21,30,101)
</p>

<p>
c(170,170,170)
outline()
n(0.000000,1.000000,0.000000)
C(0.000000,30.600000,22.950000)
p(4,21,22,93,92)
t(22,21,92)
t(92,93,22)
</p>

<p>
c(170,170,170)
outline()
n(0.000000,0.996398,-0.084800)
C(0.000000,27.200000,-72.250000)
p(4,56,22,93,127)
t(93,127,56)
t(56,22,93)
</p>

