v(-300.000000,0.000000,-825.000000)
v(0.000000,0.000000,-825.000000)
v(0.000000,-107.000000,-275.000000)
v(-300.000000,-107.000000,-275.000000)
v(300.000000,0.000000,-825.000000)
v(300.000000,-107.000000,-275.000000)
v(-300.000000,-160.000000,0.000000)
v(0.000000,-160.000000,0.000000)
v(300.000000,-160.000000,0.000000)
v(0.000000,-320.000000,229.000000)
v(-300.000000,-320.000000,229.000000)
v(300.000000,-320.000000,229.000000)
v(-300.000000,-641.000000,688.000000)
v(0.000000,-641.000000,688.000000)
v(300.000000,-641.000000,688.000000)
v(-700.000000,0.000000,-825.000000)
v(-300.000000,-240.000000,-825.000000)
v(-700.000000,-240.000000,-825.000000)
v(-300.000000,-240.000000,0.000000)
v(-700.000000,-240.000000,0.000000)
v(-700.000000,0.000000,0.000000)
v(-300.000000,0.000000,229.000000)
v(700.000000,0.000000,-825.000000)
v(300.000000,-240.000000,-825.000000)
v(700.000000,-240.000000,-825.000000)
v(300.000000,-240.000000,0.000000)
v(700.000000,-240.000000,0.000000)
v(700.000000,0.000000,0.000000)
v(300.000000,0.000000,229.000000)
v(-300.000000,-581.000000,688.000000)
v(-300.000000,-260.000000,229.000000)
v(-300.000000,-100.000000,688.000000)
v(-300.000000,0.000000,688.000000)
v(-300.000000,-100.000000,229.000000)
v(-300.000000,-545.000000,628.000000)
v(-300.000000,-95.000000,688.000000)
v(-300.000000,-95.000000,628.000000)
v(-240.000000,-581.000000,688.000000)
v(-240.000000,-95.000000,688.000000)
v(300.000000,-581.000000,688.000000)
v(300.000000,-260.000000,229.000000)
v(300.000000,-100.000000,688.000000)
v(300.000000,0.000000,688.000000)
v(300.000000,-100.000000,229.000000)
v(300.000000,-545.000000,628.000000)
v(300.000000,-95.000000,688.000000)
v(300.000000,-95.000000,628.000000)
v(240.000000,-581.000000,688.000000)
v(240.000000,-95.000000,688.000000)
v(-700.000000,-160.000000,-825.000000)
v(-600.000000,-160.000000,-825.000000)
v(-700.000000,-40.000000,-825.000000)
v(-500.000000,-160.000000,-825.000000)
v(-600.000000,-40.000000,-825.000000)
v(-400.000000,-160.000000,-825.000000)
v(-500.000000,-40.000000,-825.000000)
v(-300.000000,-160.000000,-825.000000)
v(-400.000000,-40.000000,-825.000000)
v(-300.000000,-40.000000,-825.000000)
v(700.000000,-160.000000,-825.000000)
v(600.000000,-160.000000,-825.000000)
v(700.000000,-40.000000,-825.000000)
v(500.000000,-160.000000,-825.000000)
v(600.000000,-40.000000,-825.000000)
v(400.000000,-160.000000,-825.000000)
v(500.000000,-40.000000,-825.000000)
v(300.000000,-160.000000,-825.000000)
v(400.000000,-40.000000,-825.000000)
v(300.000000,-40.000000,-825.000000)

<p>
c(150,150,150)
n(0.000000,0.981597,0.190965)
p(4,0,1,2,3)
t(1,0,3)
t(3,2,1)
</p>

<p>
c(145,145,145)
n(0.000000,0.981597,0.190965)
p(4,4,1,2,5)
t(2,5,4)
t(4,1,2)
</p>

<p>
c(145,145,145)
n(0.000000,0.981930,0.189245)
p(4,6,7,2,3)
t(2,3,6)
t(6,7,2)
</p>

<p>
c(145,145,145)
n(0.000000,0.981930,0.189245)
p(4,8,7,2,5)
t(7,8,5)
t(5,2,7)
</p>

<p>
c(137,137,137)
n(0.000000,0.819736,0.572741)
p(4,6,7,9,10)
t(7,6,10)
t(10,9,7)
</p>

<p>
c(137,137,137)
n(0.000000,0.819736,0.572741)
p(4,8,7,9,11)
t(9,11,8)
t(8,7,9)
</p>

<p>
c(145,145,145)
n(0.000000,0.819483,0.573103)
p(4,12,13,9,10)
t(9,10,12)
t(12,13,9)
</p>

<p>
c(150,150,150)
n(0.000000,0.819483,0.573103)
p(4,14,13,9,11)
t(13,14,11)
t(11,9,13)
</p>

<p>
c(170,170,170)
n(0.000000,0.000000,1.000000)
p(4,15,0,16,17)
t(0,15,17)
t(17,16,0)
</p>

<p>
c(150,150,150)
n(1.000000,0.000000,0.000000)
p(5,0,16,18,6,3)
t(16,0,3)
t(3,6,18)
t(18,16,3)
</p>

<p>
c(150,150,150)
n(1.000000,0.000000,0.000000)
p(4,15,17,19,20)
t(17,15,20)
t(20,19,17)
</p>

<p>
c(150,150,150)
n(0.000000,1.000000,0.000000)
p(4,17,19,18,16)
t(18,16,17)
t(17,19,18)
</p>

<p>
c(150,150,150)
n(1.000000,0.000000,0.000000)
p(3,10,18,6)
t(18,6,10)
</p>

<p>
c(150,150,150)
n(0.000000,0.944051,0.329799)
p(3,10,18,19)
t(18,19,10)
</p>

<p>
c(150,150,150)
n(-0.496840,-0.000000,0.867842)
p(4,20,21,10,19)
t(21,20,19)
t(19,10,21)
</p>

<p>
c(170,170,170)
n(0.000000,0.000000,1.000000)
p(4,22,4,23,24)
t(23,24,22)
t(22,4,23)
</p>

<p>
c(150,150,150)
n(1.000000,0.000000,0.000000)
p(5,4,23,25,8,5)
t(23,4,5)
t(5,8,25)
t(25,23,5)
</p>

<p>
c(150,150,150)
n(1.000000,0.000000,0.000000)
p(4,22,24,26,27)
t(24,22,27)
t(27,26,24)
</p>

<p>
c(150,150,150)
n(0.000000,1.000000,0.000000)
p(4,24,26,25,23)
t(26,24,23)
t(23,25,26)
</p>

<p>
c(150,150,150)
n(1.000000,0.000000,0.000000)
p(3,11,25,8)
t(25,8,11)
</p>

<p>
c(150,150,150)
n(-0.000000,0.944051,0.329799)
p(3,11,25,26)
t(25,11,26)
</p>

<p>
c(150,150,150)
n(0.496840,-0.000000,0.867842)
p(4,27,28,11,26)
t(11,26,27)
t(27,28,11)
</p>

<p>
c(150,150,150)
n(0.000000,0.000000,1.000000)
p(4,21,28,11,10)
t(28,21,10)
t(10,11,28)
</p>

<p>
c(145,145,145)
n(1.000000,0.000000,0.000000)
p(4,29,12,10,30)
t(10,30,29)
t(29,12,10)
</p>

<p>
c(145,145,145)
n(1.000000,0.000000,0.000000)
p(4,31,32,21,33)
t(32,31,33)
t(33,21,32)
</p>

<p>
c(145,145,145)
n(1.000000,0.000000,0.000000)
p(4,34,29,35,36)
t(29,34,36)
t(36,35,29)
</p>

<p>
c(145,145,145)
n(0.000000,0.000000,1.000000)
p(4,29,37,38,35)
t(38,35,29)
t(29,37,38)
</p>

<p>
c(145,145,145)
n(1.000000,0.000000,0.000000)
p(4,39,14,11,40)
t(11,40,39)
t(39,14,11)
</p>

<p>
c(145,145,145)
n(1.000000,0.000000,0.000000)
p(4,41,42,28,43)
t(42,41,43)
t(43,28,42)
</p>

<p>
c(145,145,145)
n(1.000000,0.000000,0.000000)
p(4,44,39,45,46)
t(39,44,46)
t(46,45,39)
</p>

<p>
c(145,145,145)
n(0.000000,0.000000,1.000000)
p(4,39,47,48,45)
t(47,39,45)
t(45,48,47)
</p>

<p>
c(145,145,145)
n(0.000000,0.000000,1.000000)
p(4,29,39,14,12)
t(39,29,12)
t(12,14,39)
</p>

<p>
c(145,145,145)
n(0.000000,0.000000,1.000000)
p(4,31,41,42,32)
t(42,32,31)
t(31,41,42)
</p>

<p>
c(40,40,40)
n(0.000000,0.000000,1.000000)
p(3,49,50,51)
t(50,51,49)
</p>

<p>
c(201,177,10)
n(0.000000,0.000000,1.000000)
p(4,52,50,51,53)
t(50,52,53)
t(53,51,50)
</p>

<p>
c(40,40,40)
n(0.000000,0.000000,1.000000)
p(4,54,52,53,55)
t(52,54,55)
t(55,53,52)
</p>

<p>
c(201,177,10)
n(0.000000,0.000000,1.000000)
p(4,56,54,55,57)
t(54,56,57)
t(57,55,54)
</p>

<p>
c(40,40,40)
n(0.000000,0.000000,1.000000)
p(3,56,58,57)
t(58,57,56)
</p>

<p>
c(40,40,40)
n(0.000000,0.000000,1.000000)
p(3,59,60,61)
t(60,59,61)
</p>

<p>
c(201,177,10)
n(0.000000,0.000000,1.000000)
p(4,62,60,61,63)
t(61,63,62)
t(62,60,61)
</p>

<p>
c(40,40,40)
n(0.000000,0.000000,1.000000)
p(4,64,62,63,65)
t(63,65,64)
t(64,62,63)
</p>

<p>
c(201,177,10)
n(0.000000,0.000000,1.000000)
p(4,66,64,65,67)
t(65,67,66)
t(66,64,65)
</p>

<p>
c(40,40,40)
n(0.000000,0.000000,1.000000)
p(3,66,68,67)
t(68,66,67)
</p>

