v(-16.065000,-13.600000,45.900000)
v(-16.065000,-39.100000,45.900000)
v(-12.495000,-40.800000,107.100000)
v(-12.495000,-18.700000,107.100000)
v(16.065000,-13.600000,45.900000)
v(16.065000,-39.100000,45.900000)
v(12.495000,-40.800000,107.100000)
v(12.495000,-18.700000,107.100000)
v(-5.355000,-17.000000,175.100000)
v(-10.710000,-34.000000,141.100000)
v(-8.925000,-23.800000,171.700000)
v(5.355000,-17.000000,175.100000)
v(10.710000,-34.000000,141.100000)
v(8.925000,-23.800000,171.700000)
v(-26.775000,-37.400000,25.500000)
v(-60.690000,-37.400000,18.700000)
v(-60.690000,-34.000000,-11.900000)
v(-46.410000,-32.300000,-68.000000)
v(-44.625000,-34.000000,-83.300000)
v(-33.915000,-32.300000,-86.700000)
v(0.000000,-25.500000,-119.000000)
v(-21.420000,-32.300000,-47.600000)
v(-24.990000,-34.000000,-20.400000)
v(-24.990000,-35.700000,5.100000)
v(-12.495000,-35.700000,5.100000)
v(-12.495000,-37.400000,30.600000)
v(-19.635000,-37.400000,32.300000)
v(26.775000,-37.400000,25.500000)
v(60.690000,-37.400000,18.700000)
v(60.690000,-34.000000,-11.900000)
v(46.410000,-32.300000,-68.000000)
v(44.625000,-34.000000,-83.300000)
v(33.915000,-32.300000,-86.700000)
v(21.420000,-32.300000,-47.600000)
v(24.990000,-34.000000,-20.400000)
v(24.990000,-35.700000,5.100000)
v(12.495000,-35.700000,5.100000)
v(12.495000,-37.400000,30.600000)
v(19.635000,-37.400000,32.300000)
v(0.000000,-44.200000,45.900000)
v(0.000000,-39.100000,45.900000)
v(0.000000,-39.100000,61.200000)
v(0.000000,-44.200000,56.100000)
v(-23.205000,-45.900000,1.700000)
v(-23.205000,-45.900000,-15.300000)
v(-19.635000,-44.200000,-28.900000)
v(-12.495000,-45.900000,1.700000)
v(-10.710000,-42.500000,-40.800000)
v(-12.495000,-45.900000,-15.300000)
v(23.205000,-45.900000,1.700000)
v(23.205000,-45.900000,-15.300000)
v(19.635000,-44.200000,-28.900000)
v(12.495000,-45.900000,1.700000)
v(10.710000,-42.500000,-40.800000)
v(12.495000,-45.900000,-15.300000)
v(-8.925000,-51.000000,-11.900000)
v(0.000000,-64.600000,-11.900000)
v(0.000000,-62.900000,-52.700000)
v(0.000000,-54.400000,-81.600000)
v(8.925000,-51.000000,-11.900000)
v(0.000000,-71.400000,-18.700000)
v(0.000000,-64.600000,-15.300000)
v(0.000000,-62.900000,-32.300000)
v(0.000000,-69.700000,-25.500000)
v(12.495000,-34.000000,-15.300000)
v(-12.495000,-34.000000,-15.300000)
v(0.000000,-52.700000,0.000000)
v(0.000000,-51.000000,10.200000)
v(0.000000,-44.200000,13.600000)
v(7.140000,-44.200000,13.600000)
v(12.495000,-44.200000,8.500000)
v(12.495000,-44.200000,0.000000)
v(8.925000,-51.000000,0.000000)
v(-7.140000,-44.200000,13.600000)
v(-12.495000,-44.200000,8.500000)
v(-12.495000,-44.200000,0.000000)
v(-8.925000,-51.000000,0.000000)
v(0.000000,-51.000000,-8.500000)
v(0.000000,-44.200000,-11.900000)
v(7.140000,-44.200000,-11.900000)
v(12.495000,-44.200000,-6.800000)
v(-7.140000,-44.200000,-11.900000)
v(-12.495000,-44.200000,-6.800000)
v(-12.495000,-40.800000,6.800000)
v(-7.140000,-40.800000,13.600000)
v(0.000000,-39.100000,13.600000)
v(12.495000,-40.800000,6.800000)
v(7.140000,-40.800000,13.600000)
v(-12.495000,-37.400000,0.000000)
v(-12.495000,-37.400000,8.500000)
v(-7.140000,-37.400000,13.600000)
v(0.000000,-37.400000,13.600000)
v(12.495000,-37.400000,0.000000)
v(12.495000,-37.400000,8.500000)
v(7.140000,-37.400000,13.600000)
v(-19.635000,-11.900000,32.300000)
v(-26.775000,-11.900000,25.500000)
v(19.635000,-11.900000,32.300000)
v(26.775000,-11.900000,25.500000)
v(-58.905000,-34.000000,22.100000)
v(-53.550000,-3.400000,17.000000)
v(-26.775000,-6.800000,25.500000)
v(-49.980000,-18.700000,20.400000)
v(-55.335000,-32.300000,22.100000)
v(-26.775000,-34.000000,25.500000)
v(58.905000,-34.000000,22.100000)
v(53.550000,-3.400000,17.000000)
v(26.775000,-6.800000,25.500000)
v(49.980000,-18.700000,20.400000)
v(55.335000,-32.300000,22.100000)
v(26.775000,-34.000000,25.500000)
v(-57.120000,-3.400000,-11.900000)
v(-46.410000,-3.400000,-68.000000)
v(-44.625000,-5.100000,-95.200000)
v(-42.840000,-3.400000,-130.900000)
v(-42.840000,-17.000000,-127.500000)
v(-42.840000,-23.800000,-86.700000)
v(-37.485000,-25.500000,-86.700000)
v(-24.990000,-20.400000,-127.500000)
v(0.000000,-23.800000,-127.500000)
v(57.120000,-3.400000,-11.900000)
v(46.410000,-3.400000,-68.000000)
v(44.625000,-5.100000,-95.200000)
v(42.840000,-3.400000,-130.900000)
v(42.840000,-17.000000,-127.500000)
v(42.840000,-23.800000,-86.700000)
v(37.485000,-25.500000,-86.700000)
v(24.990000,-20.400000,-127.500000)
v(-42.840000,-17.000000,-141.100000)
v(42.840000,-17.000000,-141.100000)
v(42.840000,-10.200000,-142.800000)
v(-42.840000,-10.200000,-142.800000)
v(-5.355000,-17.000000,-141.100000)
v(-5.355000,-17.000000,-127.500000)
v(-5.355000,-3.400000,-130.900000)
v(-5.355000,-10.200000,-142.800000)
v(5.355000,-17.000000,-141.100000)
v(5.355000,-17.000000,-127.500000)
v(5.355000,-3.400000,-130.900000)
v(5.355000,-10.200000,-142.800000)
v(-39.270000,-56.100000,-146.200000)
v(-39.270000,-17.000000,-146.200000)
v(-39.270000,-17.000000,-127.500000)
v(-39.270000,-23.800000,-119.000000)
v(-39.270000,-37.400000,-112.200000)
v(-39.270000,-47.600000,-108.800000)
v(-39.270000,-59.500000,-108.800000)
v(-39.270000,-59.500000,-127.500000)
v(-39.270000,-49.300000,-124.100000)
v(-39.270000,-51.000000,-136.000000)
v(39.270000,-56.100000,-146.200000)
v(39.270000,-17.000000,-146.200000)
v(39.270000,-17.000000,-127.500000)
v(39.270000,-23.800000,-119.000000)
v(39.270000,-37.400000,-112.200000)
v(39.270000,-47.600000,-108.800000)
v(39.270000,-59.500000,-108.800000)
v(39.270000,-59.500000,-127.500000)
v(39.270000,-49.300000,-124.100000)
v(39.270000,-51.000000,-136.000000)
v(-39.270000,-57.800000,-132.600000)
v(39.270000,-57.800000,-132.600000)
v(48.195000,0.000000,-95.200000)
v(48.195000,-3.400000,-95.200000)
v(58.905000,-3.400000,-83.300000)
v(58.905000,0.000000,-83.300000)
v(58.905000,0.000000,25.500000)
v(58.905000,-3.400000,25.500000)
v(39.270000,-3.400000,39.100000)
v(39.270000,0.000000,39.100000)
v(19.635000,0.000000,56.100000)
v(19.635000,-3.400000,56.100000)
v(16.065000,-3.400000,74.800000)
v(16.065000,0.000000,74.800000)
v(0.000000,-3.400000,74.800000)
v(0.000000,-3.400000,17.000000)
v(-48.195000,0.000000,-95.200000)
v(-48.195000,-3.400000,-95.200000)
v(-58.905000,-3.400000,-83.300000)
v(-58.905000,0.000000,-83.300000)
v(-58.905000,0.000000,25.500000)
v(-58.905000,-3.400000,25.500000)
v(-39.270000,-3.400000,39.100000)
v(-39.270000,0.000000,39.100000)
v(-19.635000,0.000000,56.100000)
v(-19.635000,-3.400000,56.100000)
v(-16.065000,-3.400000,74.800000)
v(-16.065000,0.000000,74.800000)
v(-16.065000,-3.400000,45.900000)
v(0.000000,-13.600000,56.100000)
v(0.000000,-8.500000,56.100000)
v(0.000000,-3.400000,59.500000)
v(16.065000,-3.400000,45.900000)
v(19.635000,-6.800000,32.300000)
v(-19.635000,-6.800000,32.300000)
v(-3.570000,-17.000000,171.700000)
v(-3.570000,-17.000000,158.100000)
v(-3.570000,-3.400000,163.200000)
v(-3.570000,-3.400000,171.700000)
v(3.570000,-17.000000,171.700000)
v(3.570000,-17.000000,158.100000)
v(3.570000,-3.400000,163.200000)
v(3.570000,-3.400000,171.700000)
v(0.000000,-3.400000,173.400000)
v(-44.625000,-3.400000,176.800000)
v(-42.840000,-3.400000,153.000000)
v(-24.990000,-3.400000,153.000000)
v(-23.205000,-3.400000,158.100000)
v(0.000000,-3.400000,154.700000)
v(44.625000,-3.400000,176.800000)
v(42.840000,-3.400000,153.000000)
v(24.990000,-3.400000,153.000000)
v(23.205000,-3.400000,158.100000)
v(-41.055000,-3.400000,176.800000)
v(-39.270000,-3.400000,153.000000)
v(-39.270000,-11.900000,149.600000)
v(-41.055000,-11.900000,175.100000)
v(-39.270000,-13.600000,173.400000)
v(-37.485000,-13.600000,144.500000)
v(41.055000,-3.400000,176.800000)
v(39.270000,-3.400000,153.000000)
v(39.270000,-11.900000,149.600000)
v(41.055000,-11.900000,175.100000)
v(39.270000,-13.600000,173.400000)
v(37.485000,-13.600000,144.500000)
v(-44.625000,-13.600000,110.500000)
v(-44.625000,-13.600000,117.300000)
v(44.625000,-13.600000,117.300000)
v(44.625000,-13.600000,110.500000)
v(-44.625000,-17.000000,113.900000)
v(-44.625000,-10.200000,113.900000)
v(44.625000,-10.200000,113.900000)
v(44.625000,-17.000000,113.900000)
v(-12.495000,-30.600000,113.900000)
v(-10.710000,-27.200000,120.700000)
v(-44.625000,-15.300000,117.300000)
v(-44.625000,-18.700000,110.500000)
v(12.495000,-30.600000,113.900000)
v(10.710000,-27.200000,120.700000)
v(44.625000,-15.300000,117.300000)
v(44.625000,-18.700000,110.500000)
v(-44.625000,-18.700000,112.200000)
v(-39.270000,-18.700000,112.200000)
v(-12.495000,-25.500000,95.200000)
v(-12.495000,-25.500000,90.100000)
v(44.625000,-18.700000,112.200000)
v(39.270000,-18.700000,112.200000)
v(12.495000,-25.500000,95.200000)
v(12.495000,-25.500000,90.100000)

<p>
c(255,84,22)
outline()
n(-0.998303,-0.000000,0.058234)
C(-14.280000,-28.050000,76.500000)
p(4,0,1,2,3)
t(2,3,0)
t(0,1,2)
</p>

<p>
c(255,84,22)
outline()
n(0.998303,-0.000000,0.058234)
C(14.280000,-28.050000,76.500000)
p(4,4,5,6,7)
t(5,4,7)
t(7,6,5)
</p>

<p>
c(255,84,22)
outline()
n(0.995835,-0.053132,-0.074092)
C(-9.996000,-26.860000,140.420000)
p(5,8,3,2,9,10)
t(3,8,10)
t(10,9,2)
t(2,3,10)
</p>

<p>
c(255,84,22)
outline()
n(-0.995835,-0.053132,-0.074092)
C(9.996000,-26.860000,140.420000)
p(5,11,7,6,12,13)
t(12,13,11)
t(11,7,6)
t(6,12,11)
</p>

<p>
c(255,84,22)
outline()
n(-0.000000,0.967266,-0.253766)
C(-0.000000,-32.866667,139.966667)
p(6,2,6,12,13,10,9)
t(6,2,9)
t(9,10,13)
t(13,12,6)
t(6,9,13)
</p>

<p>
c(255,84,22)
outline()
n(0.000000,0.447214,-0.894427)
C(0.000000,-20.400000,173.400000)
p(4,10,13,11,8)
t(13,10,8)
t(8,11,13)
</p>

<p>
c(255,84,22)
outline()
n(0.036273,-0.997546,-0.059884)
C(-28.942500,-34.607143,-19.550000)
p(14,14,15,16,17,18,19,20,21,22,23,24,25,1,26)
t(14,15,16)
t(17,18,19)
t(19,20,21)
t(23,24,25)
t(25,1,26)
t(26,14,16)
t(16,17,19)
t(19,21,22)
t(23,25,26)
t(16,19,22)
t(23,26,16)
t(16,22,23)
</p>

<p>
c(255,84,22)
outline()
n(-0.036273,-0.997546,-0.059884)
C(28.942500,-34.607143,-19.550000)
p(14,27,28,29,30,31,32,20,33,34,35,36,37,5,38)
t(38,5,37)
t(37,36,35)
t(33,20,32)
t(32,31,30)
t(30,29,28)
t(27,38,37)
t(34,33,32)
t(32,30,28)
t(27,37,35)
t(35,34,32)
t(32,28,27)
t(27,35,32)
</p>

<p>
c(255,84,22)
outline()
n(0.000000,0.993884,0.110432)
C(0.000000,-38.250000,38.250000)
p(4,1,25,37,5)
t(25,1,5)
t(5,37,25)
</p>

<p>
c(255,84,22)
outline()
n(0.000000,0.999614,0.027767)
C(0.000000,-39.950000,76.500000)
p(4,1,5,6,2)
t(5,1,2)
t(2,6,5)
</p>

<p>
c(255,84,22)
outline()
n(1.000000,0.000000,0.000000)
C(0.000000,-41.650000,52.275000)
p(4,39,40,41,42)
t(41,42,39)
t(39,40,41)
</p>

<p>
c(145,71,28)
outline()
n(-0.947435,-0.232751,-0.219532)
C(-19.635000,-37.642857,-32.057143)
p(7,23,43,44,45,20,21,22)
t(43,23,22)
t(22,21,20)
t(20,45,44)
t(44,43,22)
t(22,20,44)
</p>

<p>
c(145,71,28)
outline()
n(-0.092636,0.983192,0.157330)
C(-14.535000,-42.257143,-30.842857)
p(7,46,43,44,45,20,47,48)
t(43,46,48)
t(47,20,45)
t(45,44,43)
t(43,48,47)
t(47,45,43)
</p>

<p>
c(145,71,28)
outline()
n(0.000000,-0.316228,0.948683)
C(-18.296250,-40.800000,3.400000)
p(4,46,43,23,24)
t(43,46,24)
t(24,23,43)
</p>

<p>
c(145,71,28)
outline()
n(0.947435,-0.232751,-0.219532)
C(19.635000,-37.642857,-32.057143)
p(7,35,49,50,51,20,33,34)
t(33,34,35)
t(35,49,50)
t(50,51,20)
t(20,33,35)
t(35,50,20)
</p>

<p>
c(145,71,28)
outline()
n(0.092636,0.983192,0.157330)
C(14.535000,-42.257143,-30.842857)
p(7,52,49,50,51,20,53,54)
t(54,52,49)
t(49,50,51)
t(51,20,53)
t(53,54,49)
t(49,51,53)
</p>

<p>
c(145,71,28)
outline()
n(-0.000000,-0.316228,0.948683)
C(18.296250,-40.800000,3.400000)
p(4,52,49,35,36)
t(35,36,52)
t(52,49,35)
</p>

<p>
c(145,71,28)
outline()
n(0.921375,0.361085,0.143825)
C(-4.590000,-49.542857,-47.600000)
p(7,55,56,57,58,20,47,48)
t(47,48,55)
t(55,56,57)
t(57,58,20)
t(20,47,55)
t(55,57,20)
</p>

<p>
c(145,71,28)
outline()
n(-0.921375,0.361085,0.143825)
C(4.590000,-49.542857,-47.600000)
p(7,59,56,57,58,20,53,54)
t(56,59,54)
t(53,20,58)
t(58,57,56)
t(56,54,53)
t(53,58,56)
</p>

<p>
c(255,84,22)
outline()
n(1.000000,0.000000,0.000000)
C(0.000000,-67.150000,-22.950000)
p(4,60,61,62,63)
t(61,60,63)
t(63,62,61)
</p>

<p>
c(50,50,50)
outline()
n(0.000000,0.000000,1.000000)
C(0.000000,-55.533333,-11.900000)
p(3,59,56,55)
t(56,59,55)
</p>

<p>
c(255,84,22)
outline()
n(0.000000,-0.554700,-0.832050)
C(0.000000,-48.450000,-13.600000)
p(4,54,59,55,48)
t(55,48,54)
t(54,59,55)
</p>

<p>
c(255,84,22)
outline()
n(0.000000,0.000000,1.000000)
C(0.000000,-39.950000,-15.300000)
p(4,54,64,65,48)
t(65,48,54)
t(54,64,65)
</p>

<p>
c(255,84,22)
outline()
n(1.000000,0.000000,0.000000)
C(12.495000,-40.375000,-5.950000)
p(4,54,64,36,52)
t(36,52,54)
t(54,64,36)
</p>

<p>
c(255,84,22)
outline()
n(1.000000,0.000000,0.000000)
C(-12.495000,-40.375000,-5.950000)
p(4,48,65,24,46)
t(24,46,48)
t(48,65,24)
</p>

<p>
c(0,0,0)
outline()
n(0.000000,0.997290,0.073572)
C(0.000000,-35.700000,6.800000)
p(6,24,25,37,36,64,65)
t(64,65,24)
t(24,25,37)
t(36,64,24)
t(24,37,36)
</p>

<p>
c(255,255,255)
outline()
n(0.445535,-0.801980,0.397904)
C(5.865000,-47.357143,6.557143)
p(7,66,67,68,69,70,71,72)
t(67,66,72)
t(72,71,70)
t(70,69,68)
t(68,67,72)
t(72,70,68)
</p>

<p>
c(255,255,255)
outline()
n(0.445535,0.801980,-0.397904)
C(-5.865000,-47.357143,6.557143)
p(7,66,67,68,73,74,75,76)
t(67,66,76)
t(76,75,74)
t(74,73,68)
t(68,67,76)
t(76,74,68)
</p>

<p>
c(255,255,255)
outline()
n(0.435742,-0.773187,-0.460772)
C(5.865000,-47.357143,-5.585714)
p(7,66,77,78,79,80,71,72)
t(71,72,66)
t(66,77,78)
t(78,79,80)
t(80,71,66)
t(66,78,80)
</p>

<p>
c(255,255,255)
outline()
n(0.435742,0.773187,0.460772)
C(-5.865000,-47.357143,-5.585714)
p(7,66,77,78,81,82,75,76)
t(75,76,66)
t(66,77,78)
t(78,81,82)
t(82,75,66)
t(66,78,82)
</p>

<p>
c(130,130,130)
outline()
n(0.434347,-0.330655,-0.837861)
C(-6.545000,-42.216667,11.616667)
p(6,74,83,84,85,68,73)
t(68,73,74)
t(74,83,84)
t(84,85,68)
t(68,74,84)
</p>

<p>
c(130,130,130)
outline()
n(-0.434347,-0.330655,-0.837861)
C(6.545000,-42.216667,11.616667)
p(6,70,86,87,85,68,69)
t(86,70,69)
t(69,68,85)
t(87,86,69)
t(69,85,87)
</p>

<p>
c(255,255,255)
outline()
n(0.418532,-0.890165,-0.180102)
C(-8.528333,-39.855556,8.688889)
p(9,74,75,88,89,90,91,85,84,83)
t(83,74,75)
t(75,88,89)
t(90,91,85)
t(83,75,89)
t(90,85,84)
t(84,83,89)
t(89,90,84)
</p>

<p>
c(255,255,255)
outline()
n(-0.418532,-0.890165,-0.180102)
C(8.528333,-39.855556,8.688889)
p(9,70,71,92,93,94,91,85,87,86)
t(71,70,86)
t(87,85,91)
t(93,92,71)
t(87,91,94)
t(93,71,86)
t(86,87,94)
t(94,93,86)
</p>

<p>
c(255,84,22)
outline()
n(-0.967231,0.000000,0.253898)
C(-17.850000,-25.500000,39.100000)
p(4,1,26,95,0)
t(26,1,0)
t(0,95,26)
</p>

<p>
c(255,84,22)
outline()
n(-0.689655,0.000000,0.724138)
C(-23.205000,-24.650000,28.900000)
p(4,14,26,95,96)
t(95,96,14)
t(14,26,95)
</p>

<p>
c(255,84,22)
outline()
n(-0.967231,-0.000000,-0.253898)
C(17.850000,-25.500000,39.100000)
p(4,5,38,97,4)
t(38,5,4)
t(4,97,38)
</p>

<p>
c(255,84,22)
outline()
n(0.689655,0.000000,0.724138)
C(23.205000,-24.650000,28.900000)
p(4,27,38,97,98)
t(38,27,98)
t(98,97,38)
</p>

<p>
c(255,84,22)
outline()
n(-0.258721,0.191121,0.946856)
C(-45.220000,-17.850000,22.100000)
p(6,99,100,101,96,102,103)
t(100,99,103)
t(102,96,101)
t(100,103,102)
t(102,101,100)
</p>

<p>
c(255,84,22)
outline()
n(0.144718,0.398652,-0.905612)
C(-45.696000,-35.020000,22.780000)
p(5,104,14,15,99,103)
t(99,103,104)
t(104,14,15)
t(15,99,104)
</p>

<p>
c(0,0,0)
outline()
n(0.156143,-0.040796,-0.986892)
C(-39.716250,-25.075000,23.375000)
p(4,14,103,102,96)
t(102,96,14)
t(14,103,102)
</p>

<p>
c(255,84,22)
outline()
n(0.258721,0.191121,0.946856)
C(45.220000,-17.850000,22.100000)
p(6,105,106,107,98,108,109)
t(108,109,105)
t(106,107,98)
t(108,105,106)
t(106,98,108)
</p>

<p>
c(255,84,22)
outline()
n(-0.144718,0.398652,-0.905612)
C(45.696000,-35.020000,22.780000)
p(5,110,27,28,105,109)
t(27,110,109)
t(109,105,28)
t(28,27,109)
</p>

<p>
c(0,0,0)
outline()
n(-0.156143,-0.040796,-0.986892)
C(39.716250,-25.075000,23.375000)
p(4,27,109,108,98)
t(109,27,98)
t(98,108,109)
</p>

<p>
c(255,84,22)
outline()
n(-0.983628,0.165941,0.070286)
C(-58.191000,-22.440000,6.800000)
p(5,100,111,16,15,99)
t(15,99,100)
t(100,111,16)
t(16,15,100)
</p>

<p>
c(255,84,22)
outline()
n(0.974460,-0.060273,0.216322)
C(-52.657500,-18.275000,-39.950000)
p(4,16,111,112,17)
t(111,16,17)
t(17,112,111)
</p>

<p>
c(255,84,22)
outline()
n(0.998015,0.027574,0.056612)
C(-44.370000,-17.000000,-94.228571)
p(7,17,112,113,114,115,116,18)
t(112,17,18)
t(116,115,114)
t(112,18,116)
t(116,114,113)
t(113,112,116)
</p>

<p>
c(0,0,0)
outline()
n(-0.228819,-0.228923,-0.946169)
C(-39.716250,-28.900000,-85.850000)
p(4,116,18,19,117)
t(18,116,117)
t(117,19,18)
</p>

<p>
c(255,84,22)
outline()
n(0.194374,0.965969,0.170654)
C(-37.038750,-21.675000,-107.100000)
p(4,118,115,116,117)
t(116,117,118)
t(118,115,116)
</p>

<p>
c(255,84,22)
outline()
n(0.152031,0.955632,0.252296)
C(-19.278000,-25.500000,-109.480000)
p(5,118,117,19,20,119)
t(20,119,118)
t(118,117,19)
t(19,20,118)
</p>

<p>
c(255,84,22)
outline()
n(-0.983628,-0.165941,-0.070286)
C(58.191000,-22.440000,6.800000)
p(5,106,120,29,28,105)
t(28,105,106)
t(106,120,29)
t(29,28,106)
</p>

<p>
c(255,84,22)
outline()
n(-0.974460,-0.060273,0.216322)
C(52.657500,-18.275000,-39.950000)
p(4,29,120,121,30)
t(121,30,29)
t(29,120,121)
</p>

<p>
c(255,84,22)
outline()
n(-0.998015,0.027574,0.056612)
C(44.370000,-17.000000,-94.228571)
p(7,30,121,122,123,124,125,31)
t(125,31,30)
t(30,121,122)
t(122,123,124)
t(125,30,122)
t(122,124,125)
</p>

<p>
c(0,0,0)
outline()
n(-0.228819,0.228923,0.946169)
C(39.716250,-28.900000,-85.850000)
p(4,125,31,32,126)
t(31,125,126)
t(126,32,31)
</p>

<p>
c(255,84,22)
outline()
n(-0.194374,0.965969,0.170654)
C(37.038750,-21.675000,-107.100000)
p(4,127,124,125,126)
t(124,127,126)
t(126,125,124)
</p>

<p>
c(255,84,22)
outline()
n(-0.152031,0.955632,0.252296)
C(19.278000,-25.500000,-109.480000)
p(5,127,126,32,20,119)
t(126,127,119)
t(119,20,32)
t(32,126,119)
</p>

<p>
c(255,84,22)
outline()
n(0.000000,0.189108,0.981956)
C(0.000000,-15.057143,-128.471429)
p(7,114,123,124,127,119,118,115)
t(123,114,115)
t(115,118,119)
t(119,127,124)
t(124,123,115)
t(115,119,124)
</p>

<p>
c(80,80,80)
outline()
n(0.000000,1.000000,0.000000)
C(0.000000,-17.000000,-134.300000)
p(4,124,115,128,129)
t(115,124,129)
t(129,128,115)
</p>

<p>
c(80,80,80)
outline()
n(0.000000,0.868243,-0.496139)
C(0.000000,-6.800000,-136.850000)
p(4,114,123,130,131)
t(130,131,114)
t(114,123,130)
</p>

<p>
c(80,80,80)
outline()
n(1.000000,0.000000,0.000000)
C(-42.840000,-11.900000,-135.575000)
p(4,128,115,114,131)
t(115,128,131)
t(131,114,115)
</p>

<p>
c(80,80,80)
outline()
n(1.000000,0.000000,0.000000)
C(42.840000,-11.900000,-135.575000)
p(4,129,124,123,130)
t(124,129,130)
t(130,123,124)
</p>

<p>
c(80,80,80)
outline()
n(1.000000,0.000000,0.000000)
C(-5.355000,-11.900000,-135.575000)
p(4,132,133,134,135)
t(133,132,135)
t(135,134,133)
</p>

<p>
c(80,80,80)
outline()
n(1.000000,0.000000,0.000000)
C(5.355000,-11.900000,-135.575000)
p(4,136,137,138,139)
t(137,136,139)
t(139,138,137)
</p>

<p>
c(200,60,60)
light()
outline()
n(0.000000,-0.242536,-0.970143)
C(0.000000,-13.600000,-141.950000)
p(4,136,139,135,132)
t(139,136,132)
t(132,135,139)
</p>

<p>
c(255,84,22)
outline()
n(1.000000,0.000000,0.000000)
C(-39.270000,-41.820000,-125.630000)
p(10,140,141,142,143,144,145,146,147,148,149)
t(149,140,141)
t(141,142,143)
t(143,144,145)
t(145,146,147)
t(148,149,141)
t(141,143,145)
t(145,147,148)
t(148,141,145)
</p>

<p>
c(255,84,22)
outline()
n(1.000000,0.000000,0.000000)
C(39.270000,-41.820000,-125.630000)
p(10,150,151,152,153,154,155,156,157,158,159)
t(159,150,151)
t(151,152,153)
t(153,154,155)
t(155,156,157)
t(158,159,151)
t(151,153,155)
t(155,157,158)
t(158,151,155)
</p>

<p>
c(145,71,28)
outline()
n(0.000000,0.993884,-0.110432)
C(0.000000,-48.450000,-116.450000)
p(4,155,158,148,145)
t(148,145,155)
t(155,158,148)
</p>

<p>
c(145,71,28)
outline()
n(0.000000,0.707107,-0.707107)
C(0.000000,-53.550000,-128.350000)
p(4,158,148,160,161)
t(148,158,161)
t(161,160,148)
</p>

<p>
c(80,80,80)
outline()
n(-0.743294,0.000000,0.668965)
C(53.550000,-1.700000,-89.250000)
p(4,162,163,164,165)
t(164,165,162)
t(162,163,164)
</p>

<p>
c(80,80,80)
outline()
n(1.000000,0.000000,0.000000)
C(58.905000,-1.700000,-28.900000)
p(4,166,167,164,165)
t(164,165,166)
t(166,167,164)
</p>

<p>
c(80,80,80)
outline()
n(0.569395,0.000000,0.822064)
C(49.087500,-1.700000,32.300000)
p(4,166,167,168,169)
t(167,166,169)
t(169,168,167)
</p>

<p>
c(80,80,80)
outline()
n(0.654557,0.000000,0.756013)
C(29.452500,-1.700000,47.600000)
p(4,170,171,168,169)
t(168,169,170)
t(170,171,168)
</p>

<p>
c(80,80,80)
outline()
n(-0.982260,0.000000,-0.187522)
C(17.850000,-1.700000,65.450000)
p(4,170,171,172,173)
t(172,173,170)
t(170,171,172)
</p>

<p>
c(80,80,80)
outline()
n(0.053562,-0.998564,0.001369)
C(52.530000,-3.642857,-44.442857)
p(7,163,164,167,106,120,121,122)
t(121,122,163)
t(167,106,120)
t(120,121,163)
t(164,167,120)
t(120,163,164)
</p>

<p>
c(80,80,80)
outline()
n(0.000000,1.000000,-0.000000)
C(26.775000,-3.400000,43.471429)
p(7,174,172,171,168,167,106,175)
t(106,175,174)
t(174,172,171)
t(168,167,106)
t(106,174,171)
t(171,168,106)
</p>

<p>
c(80,80,80)
outline()
n(-0.743294,0.000000,-0.668965)
C(-53.550000,-1.700000,-89.250000)
p(4,176,177,178,179)
t(178,179,176)
t(176,177,178)
</p>

<p>
c(80,80,80)
outline()
n(1.000000,0.000000,0.000000)
C(-58.905000,-1.700000,-28.900000)
p(4,180,181,178,179)
t(178,179,180)
t(180,181,178)
</p>

<p>
c(80,80,80)
outline()
n(-0.569395,0.000000,0.822064)
C(-49.087500,-1.700000,32.300000)
p(4,180,181,182,183)
t(182,183,180)
t(180,181,182)
</p>

<p>
c(80,80,80)
outline()
n(-0.654557,0.000000,0.756013)
C(-29.452500,-1.700000,47.600000)
p(4,184,185,182,183)
t(185,184,183)
t(183,182,185)
</p>

<p>
c(80,80,80)
outline()
n(-0.982260,0.000000,0.187522)
C(-17.850000,-1.700000,65.450000)
p(4,184,185,186,187)
t(186,187,184)
t(184,185,186)
</p>

<p>
c(80,80,80)
outline()
n(-0.053562,-0.998564,0.001369)
C(-52.530000,-3.642857,-44.442857)
p(7,177,178,181,100,111,112,113)
t(178,177,113)
t(113,112,111)
t(111,100,181)
t(178,113,111)
t(111,181,178)
</p>

<p>
c(80,80,80)
outline()
n(-0.000000,-1.000000,-0.000000)
C(-26.775000,-3.400000,43.471429)
p(7,174,186,185,182,181,100,175)
t(100,175,174)
t(174,186,185)
t(182,181,100)
t(100,174,185)
t(185,182,100)
</p>

<p>
c(80,80,80)
outline()
n(0.000000,1.000000,0.000000)
C(0.000000,0.000000,48.875000)
p(8,173,187,184,183,180,166,169,170)
t(187,173,170)
t(169,166,180)
t(184,187,170)
t(170,169,180)
t(183,184,170)
t(170,180,183)
</p>

<p>
c(80,80,80)
outline()
n(0.000000,1.000000,0.000000)
C(0.000000,0.000000,-89.250000)
p(4,176,162,165,179)
t(162,176,179)
t(179,165,162)
</p>

<p>
c(80,80,80)
outline()
n(0.000000,1.000000,0.000000)
C(0.000000,0.000000,-28.900000)
p(4,180,166,165,179)
t(165,179,180)
t(180,166,165)
</p>

<p>
c(80,80,80)
outline()
n(0.000000,0.000000,1.000000)
C(0.000000,-1.700000,74.800000)
p(4,187,186,172,173)
t(172,173,187)
t(187,186,172)
</p>

<p>
c(80,80,80)
outline()
n(0.000000,0.000000,1.000000)
C(-0.000000,-2.833333,-95.200000)
p(6,162,163,122,113,177,176)
t(163,162,176)
t(176,177,113)
t(113,122,163)
t(163,176,113)
</p>

<p>
c(80,80,80)
outline()
n(0.000000,0.998868,0.047565)
C(0.000000,-4.250000,-113.050000)
p(4,114,123,122,113)
t(123,114,113)
t(113,122,123)
</p>

<p>
c(145,71,28)
outline()
n(0.574784,0.138604,-0.806482)
C(-6.426000,-8.500000,52.700000)
p(5,188,0,189,190,191)
t(0,188,191)
t(190,189,0)
t(0,191,190)
</p>

<p>
c(145,71,28)
outline()
n(0.574784,-0.138604,0.806482)
C(6.426000,-8.500000,52.700000)
p(5,192,4,189,190,191)
t(4,192,191)
t(190,189,4)
t(4,191,190)
</p>

<p>
c(145,71,28)
outline()
n(-0.967231,-0.000000,-0.253898)
C(17.850000,-8.925000,39.100000)
p(4,192,4,97,193)
t(4,192,193)
t(193,97,4)
</p>

<p>
c(145,71,28)
outline()
n(0.689655,0.000000,0.724138)
C(23.205000,-9.350000,28.900000)
p(4,107,98,97,193)
t(98,107,193)
t(193,97,98)
</p>

<p>
c(145,71,28)
outline()
n(0.967231,-0.000000,-0.253898)
C(-17.850000,-8.925000,39.100000)
p(4,188,0,95,194)
t(95,194,188)
t(188,0,95)
</p>

<p>
c(145,71,28)
outline()
n(-0.689655,0.000000,0.724138)
C(-23.205000,-9.350000,28.900000)
p(4,101,96,95,194)
t(95,194,101)
t(101,96,95)
</p>

<p>
c(255,84,22)
outline()
n(0.000000,0.999688,-0.024992)
C(0.000000,-17.850000,141.100000)
p(4,7,3,8,11)
t(8,11,7)
t(7,3,8)
</p>

<p>
c(255,84,22)
outline()
n(0.000000,0.996259,0.086421)
C(0.000000,-15.640000,72.420000)
p(5,7,3,0,189,4)
t(3,7,4)
t(189,0,3)
t(3,4,189)
</p>

<p>
c(145,71,28)
outline()
n(1.000000,0.000000,0.000000)
C(-3.570000,-10.200000,166.175000)
p(4,195,196,197,198)
t(197,198,195)
t(195,196,197)
</p>

<p>
c(145,71,28)
outline()
n(1.000000,0.000000,0.000000)
C(3.570000,-10.200000,166.175000)
p(4,199,200,201,202)
t(201,202,199)
t(199,200,201)
</p>

<p>
c(145,71,28)
outline()
n(0.000000,1.000000,0.000000)
C(-22.610000,-3.400000,161.500000)
p(6,203,204,205,206,207,208)
t(204,203,208)
t(207,206,205)
t(204,208,207)
t(207,205,204)
</p>

<p>
c(145,71,28)
outline()
n(0.000000,1.000000,0.000000)
C(22.610000,-3.400000,161.500000)
p(6,203,209,210,211,212,208)
t(212,208,203)
t(203,209,210)
t(210,211,212)
t(212,203,210)
</p>

<p>
c(255,84,22)
outline()
n(0.997161,-0.021638,0.072123)
C(-40.162500,-7.650000,163.625000)
p(4,213,214,215,216)
t(214,213,216)
t(216,215,214)
</p>

<p>
c(145,71,28)
outline()
n(0.734560,0.676844,0.048006)
C(-39.270000,-12.750000,160.650000)
p(4,217,218,215,216)
t(215,216,217)
t(217,218,215)
</p>

<p>
c(255,84,22)
outline()
n(0.997161,0.021638,-0.072123)
C(40.162500,-7.650000,163.625000)
p(4,219,220,221,222)
t(220,219,222)
t(222,221,220)
</p>

<p>
c(145,71,28)
outline()
n(-0.734560,0.676844,0.048006)
C(39.270000,-12.750000,160.650000)
p(4,223,224,221,222)
t(224,223,222)
t(222,221,224)
</p>

<p>
c(100,100,100)
outline()
n(0.000000,1.000000,0.000000)
C(0.000000,-13.600000,113.900000)
p(4,225,226,227,228)
t(227,228,225)
t(225,226,227)
</p>

<p>
c(100,100,100)
outline()
n(0.000000,0.000000,1.000000)
C(0.000000,-13.600000,113.900000)
p(4,229,230,231,232)
t(230,229,232)
t(232,231,230)
</p>

<p>
c(100,100,100)
outline()
n(-0.342709,-0.821329,0.456037)
C(-28.113750,-22.950000,115.600000)
p(4,233,234,235,236)
t(235,236,233)
t(233,234,235)
</p>

<p>
c(100,100,100)
outline()
n(0.342709,-0.821329,0.456037)
C(28.113750,-22.950000,115.600000)
p(4,237,238,239,240)
t(238,237,240)
t(240,239,238)
</p>

<p>
c(100,100,100)
outline()
n(-0.150848,-0.982328,0.110796)
C(-27.221250,-22.100000,102.425000)
p(4,241,242,243,244)
t(242,241,244)
t(244,243,242)
</p>

<p>
c(100,100,100)
outline()
n(0.150848,-0.982328,0.110796)
C(27.221250,-22.100000,102.425000)
p(4,245,246,247,248)
t(247,248,245)
t(245,246,247)
</p>

