v(-400.000000,-3249.000000,-826.000000)
v(0.000000,-3249.000000,-826.000000)
v(0.000000,-3365.000000,-278.000000)
v(-400.000000,-3365.000000,-278.000000)
v(-400.000000,-3424.000000,279.000000)
v(0.000000,-3424.000000,279.000000)
v(0.000000,-3424.000000,839.000000)
v(-400.000000,-3424.000000,839.000000)
v(400.000000,-3249.000000,-826.000000)
v(400.000000,-3365.000000,-278.000000)
v(400.000000,-3424.000000,279.000000)
v(400.000000,-3424.000000,839.000000)
v(-400.000000,-3324.000000,279.000000)
v(-400.000000,-3324.000000,839.000000)
v(400.000000,-3324.000000,279.000000)
v(400.000000,-3324.000000,839.000000)
v(-400.000000,-3256.000000,-268.000000)
v(400.000000,-3256.000000,-268.000000)
v(-400.000000,-3151.000000,-805.000000)
v(400.000000,-3151.000000,-805.000000)
v(-147.000000,-3034.000000,61.000000)
v(-147.000000,-3034.000000,-61.000000)
v(147.000000,-3034.000000,61.000000)
v(147.000000,-3034.000000,-61.000000)
v(61.000000,-3034.000000,147.000000)
v(-61.000000,-3034.000000,147.000000)
v(61.000000,-3034.000000,-147.000000)
v(-61.000000,-3034.000000,-147.000000)
v(-147.000000,-350.000000,-61.000000)
v(-147.000000,-350.000000,61.000000)
v(147.000000,-350.000000,-61.000000)
v(147.000000,-350.000000,61.000000)
v(-61.000000,-350.000000,147.000000)
v(61.000000,-350.000000,147.000000)
v(-61.000000,-350.000000,-147.000000)
v(61.000000,-350.000000,-147.000000)
v(-250.000000,0.000000,-250.000000)
v(-250.000000,0.000000,250.000000)
v(250.000000,0.000000,-250.000000)
v(250.000000,0.000000,250.000000)

<p>
c(150,150,150)
n(0.000000,0.978322,0.207090)
p(4,0,1,2,3)
t(1,0,3)
t(3,2,1)
</p>

<p>
c(150,150,150)
n(0.000000,1.000000,0.000000)
p(4,4,5,6,7)
t(5,4,7)
t(7,6,5)
</p>

<p>
c(145,145,145)
n(0.000000,0.978322,0.207090)
p(4,8,1,2,9)
t(2,9,8)
t(8,1,2)
</p>

<p>
c(150,150,150)
n(0.000000,0.994437,0.105335)
p(4,4,5,2,3)
t(2,3,4)
t(4,5,2)
</p>

<p>
c(145,145,145)
n(0.000000,0.994437,0.105335)
p(4,10,5,2,9)
t(5,10,9)
t(9,2,5)
</p>

<p>
c(145,145,145)
n(0.000000,1.000000,0.000000)
p(4,10,5,6,11)
t(6,11,10)
t(10,5,6)
</p>

<p>
c(145,145,145)
n(1.000000,0.000000,0.000000)
p(4,4,12,13,7)
t(13,7,4)
t(4,12,13)
</p>

<p>
c(145,145,145)
n(1.000000,0.000000,0.000000)
p(4,10,14,15,11)
t(15,11,10)
t(10,14,15)
</p>

<p>
c(176,176,176)
n(0.000000,0.000000,1.000000)
p(5,7,13,15,11,6)
t(13,7,6)
t(6,11,15)
t(15,13,6)
</p>

<p>
c(145,145,145)
n(1.000000,0.000000,0.000000)
p(4,4,12,16,3)
t(12,4,3)
t(3,16,12)
</p>

<p>
c(145,145,145)
n(1.000000,0.000000,0.000000)
p(4,10,14,17,9)
t(14,10,9)
t(9,17,14)
</p>

<p>
c(145,145,145)
n(1.000000,0.000000,0.000000)
p(4,16,3,0,18)
t(0,18,16)
t(16,3,0)
</p>

<p>
c(145,145,145)
n(1.000000,0.000000,0.000000)
p(4,17,9,8,19)
t(8,19,17)
t(17,9,8)
</p>

<p>
c(176,176,176)
n(0.000000,0.209529,-0.977802)
p(5,0,18,19,8,1)
t(1,0,18)
t(18,19,8)
t(8,1,18)
</p>

<p>
c(195,195,195)
n(-0.708207,0.701103,0.083050)
p(4,16,12,20,21)
t(20,21,16)
t(16,12,20)
</p>

<p>
c(195,195,195)
n(-0.708207,-0.701103,-0.083050)
p(4,17,14,22,23)
t(22,23,17)
t(17,14,22)
</p>

<p>
c(145,145,145)
n(0.000000,-0.414276,-0.910151)
p(4,12,14,24,25)
t(14,12,25)
t(25,24,14)
</p>

<p>
c(145,145,145)
n(0.000000,0.478575,-0.878047)
p(4,16,17,26,27)
t(17,16,27)
t(27,26,17)
</p>

<p>
c(170,170,170)
n(0.398616,-0.825961,0.398616)
p(3,16,21,27)
t(21,16,27)
</p>

<p>
c(170,170,170)
n(-0.464347,0.754164,0.464347)
p(3,12,20,25)
t(20,12,25)
</p>

<p>
c(170,170,170)
n(-0.398616,-0.825961,0.398616)
p(3,17,23,26)
t(23,26,17)
</p>

<p>
c(170,170,170)
n(0.464347,0.754164,0.464347)
p(3,14,22,24)
t(22,24,14)
</p>

<p>
c(195,195,195)
n(1.000000,0.000000,0.000000)
p(4,20,21,28,29)
t(28,29,20)
t(20,21,28)
</p>

<p>
c(195,195,195)
n(1.000000,0.000000,0.000000)
p(4,22,23,30,31)
t(30,31,22)
t(22,23,30)
</p>

<p>
c(145,145,145)
n(0.000000,0.000000,1.000000)
p(4,24,25,32,33)
t(25,24,33)
t(33,32,25)
</p>

<p>
c(145,145,145)
n(0.000000,0.000000,1.000000)
p(4,26,27,34,35)
t(27,26,35)
t(35,34,27)
</p>

<p>
c(170,170,170)
n(-0.707107,0.000000,0.707107)
p(4,32,25,20,29)
t(25,32,29)
t(29,20,25)
</p>

<p>
c(170,170,170)
n(0.707107,0.000000,0.707107)
p(4,34,27,21,28)
t(27,34,28)
t(28,21,27)
</p>

<p>
c(170,170,170)
n(0.707107,0.000000,0.707107)
p(4,33,24,22,31)
t(22,31,33)
t(33,24,22)
</p>

<p>
c(170,170,170)
n(-0.707107,0.000000,0.707107)
p(4,35,26,23,30)
t(23,30,35)
t(35,26,23)
</p>

<p>
c(195,195,195)
n(-0.959322,-0.282315,0.000000)
p(4,36,37,29,28)
t(37,36,28)
t(28,29,37)
</p>

<p>
c(195,195,195)
n(-0.959322,0.282315,0.000000)
p(4,38,39,31,30)
t(39,38,30)
t(30,31,39)
</p>

<p>
c(145,145,145)
n(0.000000,0.282315,-0.959322)
p(4,37,39,33,32)
t(33,32,37)
t(37,39,33)
</p>

<p>
c(145,145,145)
n(0.000000,-0.282315,-0.959322)
p(4,36,38,35,34)
t(35,34,36)
t(36,38,35)
</p>

<p>
c(170,170,170)
n(0.609028,0.508104,0.609028)
p(3,36,28,34)
t(28,34,36)
</p>

<p>
c(170,170,170)
n(-0.609028,-0.508104,0.609028)
p(3,37,29,32)
t(29,32,37)
</p>

<p>
c(170,170,170)
n(-0.609028,0.508104,0.609028)
p(3,38,30,35)
t(30,38,35)
</p>

<p>
c(170,170,170)
n(0.609028,-0.508104,0.609028)
p(3,39,31,33)
t(31,39,33)
</p>

