v(-650.000000,0.000000,-1783.000000)
v(0.000000,0.000000,-1783.000000)
v(-70.000000,-120.000000,-1242.000000)
v(-630.000000,-145.000000,-1242.000000)
v(650.000000,0.000000,-1783.000000)
v(630.000000,-145.000000,-1242.000000)
v(-600.000000,-350.000000,-735.000000)
v(90.000000,-382.000000,-780.000000)
v(590.000000,-340.000000,-735.000000)
v(-480.000000,-650.000000,-250.000000)
v(-50.000000,-703.000000,-260.000000)
v(420.000000,-670.000000,-180.000000)
v(-550.000000,-720.000000,0.000000)
v(0.000000,-752.000000,0.000000)
v(500.000000,-710.000000,0.000000)
v(-650.000000,0.000000,1783.000000)
v(0.000000,0.000000,1783.000000)
v(-70.000000,-120.000000,1242.000000)
v(-630.000000,-145.000000,1242.000000)
v(650.000000,0.000000,1783.000000)
v(630.000000,-145.000000,1242.000000)
v(-600.000000,-350.000000,735.000000)
v(0.000000,-382.000000,780.000000)
v(590.000000,-340.000000,735.000000)
v(-480.000000,-650.000000,250.000000)
v(-50.000000,-703.000000,260.000000)
v(420.000000,-670.000000,180.000000)
v(-820.000000,-380.000000,100.000000)
v(850.000000,-300.000000,-50.000000)
v(-1150.000000,0.000000,0.000000)
v(-900.000000,0.000000,-780.000000)
v(-870.000000,0.000000,700.000000)
v(1150.000000,0.000000,0.000000)
v(850.000000,0.000000,-760.000000)
v(910.000000,0.000000,740.000000)
v(-830.000000,0.000000,-1242.000000)
v(850.000000,0.000000,-1290.000000)
v(-840.000000,0.000000,1200.000000)
v(820.000000,0.000000,1300.000000)

<p>
c(218,191,135)
n(-0.018477,0.971293,0.237169)
C(-337.500000,-66.250000,-1512.500000)
p(4,0,1,2,3)
t(1,0,3)
t(3,2,1)
</p>

<p>
c(217,188,128)
n(-0.018628,-0.970739,-0.239411)
C(302.500000,-66.250000,-1512.500000)
p(4,4,1,2,5)
t(1,4,5)
t(5,2,1)
</p>

<p>
c(218,188,130)
n(0.026280,0.902838,0.429177)
C(-302.500000,-249.250000,-999.750000)
p(4,6,7,2,3)
t(2,3,6)
t(6,7,2)
</p>

<p>
c(218,188,130)
n(-0.017233,0.904047,0.427086)
C(310.000000,-246.750000,-999.750000)
p(4,8,7,2,5)
t(7,8,5)
t(5,2,7)
</p>

<p>
c(218,191,135)
n(0.085607,0.846482,0.525490)
C(-260.000000,-521.250000,-506.250000)
p(4,9,6,7,10)
t(6,9,10)
t(10,7,6)
</p>

<p>
c(218,191,135)
n(-0.129181,0.864428,0.485877)
C(262.500000,-523.750000,-488.750000)
p(4,11,8,7,10)
t(7,10,11)
t(11,8,7)
</p>

<p>
c(218,191,135)
n(-0.082482,-0.969904,-0.229091)
C(-270.000000,-706.250000,-127.500000)
p(4,12,9,10,13)
t(10,13,12)
t(12,9,10)
</p>

<p>
c(218,191,135)
n(0.092509,-0.971345,-0.218933)
C(217.500000,-708.750000,-110.000000)
p(4,14,11,10,13)
t(11,14,13)
t(13,10,11)
</p>

<p>
c(218,191,135)
n(0.018477,-0.971293,0.237169)
C(-337.500000,-66.250000,1512.500000)
p(4,15,16,17,18)
t(16,15,18)
t(18,17,16)
</p>

<p>
c(217,188,128)
n(0.018628,0.970739,-0.239411)
C(302.500000,-66.250000,1512.500000)
p(4,19,16,17,20)
t(16,19,20)
t(20,17,16)
</p>

<p>
c(218,188,130)
n(-0.024405,-0.901935,0.431181)
C(-325.000000,-249.250000,999.750000)
p(4,21,22,17,18)
t(17,18,21)
t(21,22,17)
</p>

<p>
c(218,188,130)
n(-0.021419,0.904452,-0.426036)
C(287.500000,-246.750000,999.750000)
p(4,23,22,17,20)
t(17,20,23)
t(23,22,17)
</p>

<p>
c(218,191,135)
n(-0.095257,-0.849543,0.518847)
C(-282.500000,-521.250000,506.250000)
p(4,24,21,22,25)
t(21,24,25)
t(25,22,21)
</p>

<p>
c(218,191,135)
n(0.117073,-0.860248,0.496253)
C(240.000000,-523.750000,488.750000)
p(4,26,23,22,25)
t(22,25,26)
t(26,23,22)
</p>

<p>
c(218,191,135)
n(-0.082482,-0.969904,0.229091)
C(-270.000000,-706.250000,127.500000)
p(4,12,24,25,13)
t(24,12,13)
t(13,25,24)
</p>

<p>
c(218,191,135)
n(-0.092509,0.971345,-0.218933)
C(217.500000,-708.750000,110.000000)
p(4,14,26,25,13)
t(26,14,13)
t(13,25,26)
</p>

<p>
c(218,191,135)
n(-0.764171,-0.600535,-0.235375)
C(-612.500000,-525.000000,-221.250000)
p(4,12,9,6,27)
t(9,12,27)
t(27,6,9)
</p>

<p>
c(218,191,135)
n(-0.693948,0.679425,0.238365)
C(590.000000,-505.000000,-241.250000)
p(4,14,11,8,28)
t(11,14,28)
t(28,8,11)
</p>

<p>
c(218,191,135)
n(-0.685498,-0.671041,0.282484)
C(-612.500000,-525.000000,271.250000)
p(4,12,24,21,27)
t(21,27,12)
t(12,24,21)
</p>

<p>
c(218,191,135)
n(-0.723336,0.654818,-0.219085)
C(590.000000,-505.000000,216.250000)
p(4,14,26,23,28)
t(23,28,14)
t(14,26,23)
</p>

<p>
c(169,144,97)
n(0.715852,0.662555,0.220403)
C(-867.500000,-182.500000,-353.750000)
p(4,6,27,29,30)
t(27,6,30)
t(30,29,27)
</p>

<p>
c(174,149,100)
n(0.763283,0.572682,-0.299057)
C(-860.000000,-182.500000,383.750000)
p(4,21,27,29,31)
t(29,31,21)
t(21,27,29)
</p>

<p>
c(174,149,100)
n(-0.731178,0.627600,0.267387)
C(860.000000,-160.000000,-386.250000)
p(4,8,28,32,33)
t(32,33,8)
t(8,28,32)
</p>

<p>
c(169,144,97)
n(-0.693987,0.688971,-0.209047)
C(875.000000,-160.000000,356.250000)
p(4,23,28,32,34)
t(28,23,34)
t(34,32,28)
</p>

<p>
c(218,191,135)
n(-0.576084,-0.794599,-0.191673)
C(-703.333333,-48.333333,-1422.333333)
p(3,0,3,35)
t(3,35,0)
</p>

<p>
c(217,188,128)
n(0.506880,-0.837131,-0.205631)
C(710.000000,-48.333333,-1438.333333)
p(3,4,5,36)
t(5,4,36)
</p>

<p>
c(218,191,135)
n(0.583292,0.789705,-0.190095)
C(-706.666667,-48.333333,1408.333333)
p(3,15,18,37)
t(18,37,15)
</p>

<p>
c(217,188,128)
n(-0.556444,0.807473,-0.195850)
C(700.000000,-48.333333,1441.666667)
p(3,19,20,38)
t(20,19,38)
</p>

<p>
c(218,188,130)
n(-0.703241,-0.688413,-0.177591)
C(-740.000000,-123.750000,-999.750000)
p(4,3,35,30,6)
t(35,3,6)
t(6,30,35)
</p>

<p>
c(218,188,130)
n(-0.727758,0.678999,0.096582)
C(730.000000,-121.250000,-1006.750000)
p(4,5,36,33,8)
t(36,5,8)
t(8,33,36)
</p>

<p>
c(218,188,130)
n(-0.745118,-0.652824,0.136455)
C(-735.000000,-123.750000,969.250000)
p(4,18,37,31,21)
t(31,21,18)
t(18,37,31)
</p>

<p>
c(218,188,130)
n(-0.689577,0.706703,-0.158285)
C(737.500000,-121.250000,1004.250000)
p(4,20,38,34,23)
t(34,23,20)
t(20,38,34)
</p>

