v(-700.000000,0.000000,-2164.000000)
v(0.000000,0.000000,-2164.000000)
v(0.000000,-145.000000,-1623.000000)
v(-700.000000,-145.000000,-1623.000000)
v(700.000000,0.000000,-2164.000000)
v(700.000000,-145.000000,-1623.000000)
v(-700.000000,-290.000000,-1082.000000)
v(0.000000,-290.000000,-1082.000000)
v(700.000000,-290.000000,-1082.000000)
v(0.000000,-435.000000,-541.000000)
v(-700.000000,-435.000000,-541.000000)
v(700.000000,-435.000000,-541.000000)
v(-700.000000,0.000000,2164.000000)
v(0.000000,0.000000,2164.000000)
v(0.000000,-145.000000,1623.000000)
v(-700.000000,-145.000000,1623.000000)
v(700.000000,0.000000,2164.000000)
v(700.000000,-145.000000,1623.000000)
v(-700.000000,-290.000000,1082.000000)
v(0.000000,-290.000000,1082.000000)
v(700.000000,-290.000000,1082.000000)
v(0.000000,-435.000000,541.000000)
v(-700.000000,-435.000000,541.000000)
v(700.000000,-435.000000,541.000000)
v(-630.000000,-814.000000,0.000000)
v(-70.000000,-814.000000,0.000000)
v(-700.000000,-435.000000,0.000000)
v(0.000000,-435.000000,0.000000)
v(-700.000000,0.000000,-1623.000000)
v(-700.000000,-145.000000,-1082.000000)
v(-700.000000,-380.000000,-541.000000)
v(-700.000000,0.000000,-1082.000000)
v(-700.000000,-145.000000,-541.000000)
v(-700.000000,0.000000,-541.000000)
v(-700.000000,0.000000,0.000000)
v(-700.000000,-145.000000,0.000000)
v(700.000000,0.000000,-1623.000000)
v(700.000000,-145.000000,-1082.000000)
v(700.000000,-380.000000,-541.000000)
v(700.000000,0.000000,-1082.000000)
v(700.000000,-145.000000,-541.000000)
v(700.000000,0.000000,-541.000000)
v(700.000000,0.000000,0.000000)
v(700.000000,-145.000000,0.000000)
v(-700.000000,0.000000,1623.000000)
v(-700.000000,-145.000000,1082.000000)
v(-700.000000,-380.000000,541.000000)
v(-700.000000,0.000000,1082.000000)
v(-700.000000,-145.000000,541.000000)
v(-700.000000,0.000000,541.000000)
v(700.000000,0.000000,1623.000000)
v(700.000000,-145.000000,1082.000000)
v(700.000000,-380.000000,541.000000)
v(700.000000,0.000000,1082.000000)
v(700.000000,-145.000000,541.000000)
v(700.000000,0.000000,541.000000)
v(-840.000000,0.000000,2164.000000)
v(-840.000000,0.000000,1464.000000)
v(-700.000000,0.000000,1464.000000)
v(-700.000000,0.000000,764.000000)
v(-840.000000,0.000000,764.000000)
v(-840.000000,0.000000,0.000000)
v(-840.000000,0.000000,-2164.000000)
v(-840.000000,0.000000,-1464.000000)
v(-700.000000,0.000000,-1464.000000)
v(-700.000000,0.000000,-764.000000)
v(-840.000000,0.000000,-764.000000)
v(840.000000,0.000000,2164.000000)
v(840.000000,0.000000,1464.000000)
v(700.000000,0.000000,1464.000000)
v(700.000000,0.000000,764.000000)
v(840.000000,0.000000,764.000000)
v(840.000000,0.000000,0.000000)
v(840.000000,0.000000,-2164.000000)
v(840.000000,0.000000,-1464.000000)
v(700.000000,0.000000,-1464.000000)
v(700.000000,0.000000,-764.000000)
v(840.000000,0.000000,-764.000000)

<p>
c(145,145,145)
n(0.000000,0.965908,0.258885)
p(4,0,1,2,3)
t(1,0,3)
t(3,2,1)
</p>

<p>
c(150,150,150)
n(0.000000,0.965908,0.258885)
p(4,4,1,2,5)
t(2,5,4)
t(4,1,2)
</p>

<p>
c(145,145,145)
n(0.000000,0.965908,0.258885)
p(4,6,7,2,3)
t(2,3,6)
t(6,7,2)
</p>

<p>
c(145,145,145)
n(0.000000,0.965908,0.258885)
p(4,8,7,2,5)
t(7,8,5)
t(5,2,7)
</p>

<p>
c(150,150,150)
n(0.000000,0.965908,0.258885)
p(4,6,7,9,10)
t(7,6,10)
t(10,9,7)
</p>

<p>
c(145,145,145)
n(0.000000,0.965908,0.258885)
p(4,8,7,9,11)
t(9,11,8)
t(8,7,9)
</p>

<p>
c(145,145,145)
n(0.000000,0.965908,-0.258885)
p(4,12,13,14,15)
t(14,15,12)
t(12,13,14)
</p>

<p>
c(150,150,150)
n(0.000000,0.965908,-0.258885)
p(4,16,13,14,17)
t(13,16,17)
t(17,14,13)
</p>

<p>
c(150,150,150)
n(0.000000,0.965908,-0.258885)
p(4,18,19,14,15)
t(19,18,15)
t(15,14,19)
</p>

<p>
c(150,150,150)
n(0.000000,0.965908,-0.258885)
p(4,20,19,14,17)
t(14,17,20)
t(20,19,14)
</p>

<p>
c(150,150,150)
n(0.000000,0.965908,-0.258885)
p(4,18,19,21,22)
t(21,22,18)
t(18,19,21)
</p>

<p>
c(145,145,145)
n(0.000000,0.965908,-0.258885)
p(4,20,19,21,23)
t(19,20,23)
t(23,21,19)
</p>

<p>
c(145,145,145)
c(147,147,147)
c(147,147,147)
c(147,147,147)
n(0.000000,1.000000,0.000000)
p(4,11,9,21,23)
t(21,23,11)
t(11,9,21)
</p>

<p>
c(150,150,150)
n(0.000000,0.819018,-0.573767)
p(4,24,25,21,22)
t(25,24,22)
t(22,21,25)
</p>

<p>
c(150,150,150)
n(0.000000,0.819018,0.573767)
p(4,24,25,9,10)
t(9,10,24)
t(24,25,9)
</p>

<p>
c(150,150,150)
n(-0.983368,-0.181625,0.000000)
p(4,24,22,26,10)
t(26,10,24)
t(24,22,26)
</p>

<p>
c(150,150,150)
n(-0.983368,0.181625,0.000000)
p(4,25,21,27,9)
t(27,9,25)
t(25,21,27)
</p>

<p>
c(145,145,145)
n(1.000000,0.000000,0.000000)
p(3,0,28,3)
t(28,3,0)
</p>

<p>
c(145,145,145)
n(1.000000,0.000000,0.000000)
p(4,6,29,30,10)
t(30,10,6)
t(6,29,30)
</p>

<p>
c(145,145,145)
n(1.000000,0.000000,0.000000)
p(4,31,29,32,33)
t(29,31,33)
t(33,32,29)
</p>

<p>
c(145,145,145)
n(1.000000,0.000000,0.000000)
p(4,34,35,32,33)
t(32,33,34)
t(34,35,32)
</p>

<p>
c(145,145,145)
n(1.000000,0.000000,0.000000)
p(4,6,31,28,3)
t(31,6,3)
t(3,28,31)
</p>

<p>
c(145,145,145)
n(1.000000,0.000000,0.000000)
p(3,4,36,5)
t(36,5,4)
</p>

<p>
c(145,145,145)
n(1.000000,0.000000,0.000000)
p(4,8,37,38,11)
t(38,11,8)
t(8,37,38)
</p>

<p>
c(145,145,145)
n(1.000000,0.000000,0.000000)
p(4,39,37,40,41)
t(37,39,41)
t(41,40,37)
</p>

<p>
c(145,145,145)
n(1.000000,0.000000,0.000000)
p(4,42,43,40,41)
t(40,41,42)
t(42,43,40)
</p>

<p>
c(145,145,145)
n(1.000000,0.000000,0.000000)
p(4,8,39,36,5)
t(39,8,5)
t(5,36,39)
</p>

<p>
c(145,145,145)
n(1.000000,0.000000,0.000000)
p(3,12,44,15)
t(44,12,15)
</p>

<p>
c(145,145,145)
n(1.000000,0.000000,0.000000)
p(4,18,45,46,22)
t(45,18,22)
t(22,46,45)
</p>

<p>
c(145,145,145)
n(1.000000,0.000000,0.000000)
p(4,47,45,48,49)
t(48,49,47)
t(47,45,48)
</p>

<p>
c(145,145,145)
n(1.000000,0.000000,0.000000)
p(4,34,35,48,49)
t(35,34,49)
t(49,48,35)
</p>

<p>
c(145,145,145)
n(1.000000,0.000000,0.000000)
p(4,18,47,44,15)
t(44,15,18)
t(18,47,44)
</p>

<p>
c(145,145,145)
n(1.000000,0.000000,0.000000)
p(3,16,50,17)
t(50,16,17)
</p>

<p>
c(145,145,145)
n(1.000000,0.000000,0.000000)
p(4,20,51,52,23)
t(51,20,23)
t(23,52,51)
</p>

<p>
c(145,145,145)
n(1.000000,0.000000,0.000000)
p(4,53,51,54,55)
t(54,55,53)
t(53,51,54)
</p>

<p>
c(145,145,145)
n(1.000000,0.000000,0.000000)
p(4,42,43,54,55)
t(43,42,55)
t(55,54,43)
</p>

<p>
c(145,145,145)
n(1.000000,0.000000,0.000000)
p(4,20,53,50,17)
t(50,17,20)
t(20,53,50)
</p>

<p>
c(145,145,145)
n(1.000000,0.000000,0.000000)
p(4,46,22,10,30)
t(10,30,46)
t(46,22,10)
</p>

<p>
c(145,145,145)
n(1.000000,0.000000,0.000000)
p(4,52,23,11,38)
t(11,38,52)
t(52,23,11)
</p>

<p>
c(180,180,180)
n(0.000000,1.000000,0.000000)
p(4,12,56,57,58)
t(56,12,58)
t(58,57,56)
</p>

<p>
c(180,180,180)
n(0.000000,1.000000,0.000000)
p(4,59,60,57,58)
t(57,58,59)
t(59,60,57)
</p>

<p>
c(180,180,180)
n(0.000000,1.000000,0.000000)
p(4,59,60,61,34)
t(60,59,34)
t(34,61,60)
</p>

<p>
c(180,180,180)
n(0.000000,1.000000,0.000000)
p(4,0,62,63,64)
t(63,64,0)
t(0,62,63)
</p>

<p>
c(180,180,180)
n(0.000000,1.000000,0.000000)
p(4,65,66,63,64)
t(66,65,64)
t(64,63,66)
</p>

<p>
c(180,180,180)
n(0.000000,1.000000,0.000000)
p(4,65,66,61,34)
t(61,34,65)
t(65,66,61)
</p>

<p>
c(180,180,180)
n(0.000000,1.000000,0.000000)
p(4,16,67,68,69)
t(68,69,16)
t(16,67,68)
</p>

<p>
c(180,180,180)
n(0.000000,1.000000,0.000000)
p(4,70,71,68,69)
t(71,70,69)
t(69,68,71)
</p>

<p>
c(180,180,180)
n(0.000000,1.000000,0.000000)
p(4,70,71,72,42)
t(72,42,70)
t(70,71,72)
</p>

<p>
c(180,180,180)
n(0.000000,1.000000,0.000000)
p(4,4,73,74,75)
t(73,4,75)
t(75,74,73)
</p>

<p>
c(180,180,180)
n(0.000000,1.000000,0.000000)
p(4,76,77,74,75)
t(74,75,76)
t(76,77,74)
</p>

<p>
c(180,180,180)
n(0.000000,1.000000,0.000000)
p(4,76,77,72,42)
t(77,76,42)
t(42,72,77)
</p>

