v(-350.000000,0.000000,-1071.000000)
v(350.000000,0.000000,-1071.000000)
v(350.000000,-163.000000,-535.000000)
v(-350.000000,-163.000000,-535.000000)
v(-350.000000,-327.000000,0.000000)
v(350.000000,-327.000000,0.000000)
v(350.000000,-640.000000,464.000000)
v(-350.000000,-640.000000,464.000000)
v(-350.000000,-953.000000,929.000000)
v(-250.000000,-953.000000,929.000000)
v(250.000000,-953.000000,929.000000)
v(350.000000,-953.000000,929.000000)
v(-350.000000,0.000000,929.000000)
v(-350.000000,-163.000000,929.000000)
v(-350.000000,-163.000000,762.000000)
v(-350.000000,-163.000000,464.000000)
v(-350.000000,-163.000000,240.000000)
v(-350.000000,-103.000000,-535.000000)
v(-350.000000,-267.000000,0.000000)
v(-350.000000,-893.000000,929.000000)
v(-350.000000,-813.000000,762.000000)
v(-350.000000,-450.000000,240.000000)
v(-250.000000,-163.000000,929.000000)
v(-250.000000,-903.000000,929.000000)
v(350.000000,0.000000,929.000000)
v(350.000000,-163.000000,929.000000)
v(350.000000,-163.000000,762.000000)
v(350.000000,-163.000000,464.000000)
v(350.000000,-163.000000,240.000000)
v(350.000000,-103.000000,-535.000000)
v(350.000000,-267.000000,0.000000)
v(350.000000,-893.000000,929.000000)
v(350.000000,-813.000000,762.000000)
v(350.000000,-450.000000,240.000000)
v(250.000000,-163.000000,929.000000)
v(250.000000,-903.000000,929.000000)

<p>
c(140,140,140)
n(0.000000,0.956739,0.290949)
C(0.000000,-81.500000,-803.000000)
p(4,0,1,2,3)
t(1,0,3)
t(3,2,1)
</p>

<p>
c(140,140,140)
n(0.000000,0.956088,0.293081)
C(0.000000,-245.000000,-267.500000)
p(4,2,3,4,5)
t(4,5,2)
t(2,3,4)
</p>

<p>
c(145,145,145)
n(0.000000,0.829014,0.559227)
C(0.000000,-483.500000,232.000000)
p(4,4,5,6,7)
t(5,4,7)
t(7,6,5)
</p>

<p>
c(145,145,145)
n(0.000000,0.829572,0.558400)
C(0.000000,-848.666667,774.000000)
p(6,6,7,8,9,10,11)
t(10,11,6)
t(6,7,8)
t(9,10,6)
t(6,8,9)
</p>

<p>
c(150,150,150)
n(1.000000,0.000000,0.000000)
C(-350.000000,-116.428571,245.428571)
p(7,12,13,14,15,16,3,0)
t(3,0,12)
t(12,13,14)
t(16,3,12)
t(12,14,15)
t(15,16,12)
</p>

<p>
c(150,150,150)
n(1.000000,0.000000,0.000000)
C(-350.000000,-215.000000,-267.500000)
p(4,3,17,18,4)
t(18,4,3)
t(3,17,18)
</p>

<p>
c(150,150,150)
n(1.000000,0.000000,0.000000)
C(-350.000000,-616.000000,464.400000)
p(5,4,18,19,8,7)
t(8,7,4)
t(4,18,19)
t(19,8,4)
</p>

<p>
c(150,150,150)
n(1.000000,0.000000,0.000000)
C(-350.000000,-523.000000,845.500000)
p(4,8,13,14,20)
t(13,8,20)
t(20,14,13)
</p>

<p>
c(150,150,150)
n(1.000000,0.000000,0.000000)
C(-350.000000,-354.000000,352.000000)
p(4,7,15,16,21)
t(15,7,21)
t(21,16,15)
</p>

<p>
c(176,176,176)
n(0.000000,0.000000,1.000000)
C(-290.000000,-627.000000,929.000000)
p(5,8,13,22,23,9)
t(13,8,9)
t(23,22,13)
t(13,9,23)
</p>

<p>
c(150,150,150)
n(1.000000,0.000000,0.000000)
C(350.000000,-116.428571,245.428571)
p(7,24,25,26,27,28,2,1)
t(2,1,24)
t(24,25,26)
t(28,2,24)
t(24,26,27)
t(27,28,24)
</p>

<p>
c(150,150,150)
n(1.000000,0.000000,0.000000)
C(350.000000,-215.000000,-267.500000)
p(4,2,29,30,5)
t(30,5,2)
t(2,29,30)
</p>

<p>
c(150,150,150)
n(1.000000,0.000000,0.000000)
C(350.000000,-616.000000,464.400000)
p(5,5,30,31,11,6)
t(11,6,5)
t(5,30,31)
t(31,11,5)
</p>

<p>
c(150,150,150)
n(1.000000,0.000000,0.000000)
C(350.000000,-523.000000,845.500000)
p(4,11,25,26,32)
t(25,11,32)
t(32,26,25)
</p>

<p>
c(150,150,150)
n(1.000000,0.000000,0.000000)
C(350.000000,-354.000000,352.000000)
p(4,6,27,28,33)
t(27,6,33)
t(33,28,27)
</p>

<p>
c(176,176,176)
n(0.000000,0.000000,1.000000)
C(290.000000,-627.000000,929.000000)
p(5,11,25,34,35,10)
t(35,10,11)
t(11,25,34)
t(34,35,11)
</p>

<p>
c(176,176,176)
n(0.000000,0.000000,1.000000)
C(0.000000,-108.666667,929.000000)
p(6,24,12,13,22,34,25)
t(34,25,24)
t(24,12,13)
t(22,34,24)
t(24,13,22)
</p>

<p>
c(176,176,176)
n(0.000000,0.000000,1.000000)
C(0.000000,-928.000000,929.000000)
p(4,23,9,10,35)
t(10,35,23)
t(23,9,10)
</p>

