v(-500.000000,0.000000,-600.000000)
v(0.000000,0.000000,-600.000000)
v(0.000000,-346.000000,0.000000)
v(-500.000000,-346.000000,0.000000)
v(500.000000,0.000000,-600.000000)
v(500.000000,-346.000000,0.000000)
v(-500.000000,-577.000000,400.000000)
v(0.000000,-577.000000,400.000000)
v(500.000000,-577.000000,400.000000)
v(700.000000,0.000000,0.000000)
v(700.000000,0.000000,600.000000)
v(700.000000,0.000000,-300.000000)
v(700.000000,0.000000,-600.000000)
v(-700.000000,0.000000,0.000000)
v(-700.000000,0.000000,600.000000)
v(-700.000000,0.000000,-300.000000)
v(-700.000000,0.000000,-600.000000)
v(0.000000,0.000000,600.000000)
v(-500.000000,-40.000000,586.000000)
v(-600.000000,-40.000000,586.000000)
v(-500.000000,-220.000000,524.000000)
v(-400.000000,-220.000000,524.000000)
v(-400.000000,-40.000000,586.000000)
v(-300.000000,-220.000000,524.000000)
v(-300.000000,-40.000000,586.000000)
v(-200.000000,-220.000000,524.000000)
v(-200.000000,-40.000000,586.000000)
v(-100.000000,-220.000000,524.000000)
v(-100.000000,-40.000000,586.000000)
v(0.000000,-220.000000,524.000000)
v(0.000000,-40.000000,586.000000)
v(500.000000,-40.000000,586.000000)
v(600.000000,-40.000000,586.000000)
v(500.000000,-220.000000,524.000000)
v(400.000000,-220.000000,524.000000)
v(400.000000,-40.000000,586.000000)
v(300.000000,-220.000000,524.000000)
v(300.000000,-40.000000,586.000000)
v(200.000000,-220.000000,524.000000)
v(200.000000,-40.000000,586.000000)
v(100.000000,-220.000000,524.000000)
v(100.000000,-40.000000,586.000000)

<p>
c(150,150,150)
n(0.000000,0.866282,0.499556)
p(4,0,1,2,3)
t(1,0,3)
t(3,2,1)
</p>

<p>
c(145,145,145)
n(0.000000,0.866282,0.499556)
p(4,4,1,2,5)
t(2,5,4)
t(4,1,2)
</p>

<p>
c(145,145,145)
n(0.000000,0.865969,0.500097)
p(4,6,7,2,3)
t(2,3,6)
t(6,7,2)
</p>

<p>
c(145,145,145)
n(0.000000,0.865969,0.500097)
p(4,8,7,2,5)
t(7,8,5)
t(5,2,7)
</p>

<p>
c(210,210,210)
n(-0.929612,0.361910,0.069589)
p(4,8,5,9,10)
t(5,8,10)
t(10,9,5)
</p>

<p>
c(210,210,210)
n(-0.865769,0.500444,-0.000000)
p(3,5,9,11)
t(9,11,5)
</p>

<p>
c(150,150,150)
n(-0.599659,0.693247,0.399772)
p(3,5,4,11)
t(4,5,11)
</p>

<p>
c(145,145,145)
n(0.000000,1.000000,0.000000)
p(3,12,4,11)
t(4,11,12)
</p>

<p>
c(210,210,210)
n(-0.929612,-0.361910,-0.069589)
p(4,6,3,13,14)
t(3,6,14)
t(14,13,3)
</p>

<p>
c(210,210,210)
n(0.865769,0.500444,-0.000000)
p(3,3,13,15)
t(13,3,15)
</p>

<p>
c(150,150,150)
n(-0.599659,-0.693247,-0.399772)
p(3,3,0,15)
t(0,3,15)
</p>

<p>
c(150,150,150)
n(0.000000,1.000000,0.000000)
p(3,16,0,15)
t(0,16,15)
</p>

<p>
c(150,150,150)
n(0.000000,-0.327504,0.944850)
p(4,14,17,7,6)
t(17,14,6)
t(6,7,17)
</p>

<p>
c(150,150,150)
n(-0.000000,-0.327504,0.944850)
p(4,10,17,7,8)
t(7,8,10)
t(10,17,7)
</p>

<p>
c(117,76,6)
n(0.000000,-0.325667,0.945485)
p(4,18,19,20,21)
t(20,21,18)
t(18,19,20)
</p>

<p>
c(40,40,40)
n(0.000000,-0.325667,0.945485)
p(4,18,22,23,21)
t(22,18,21)
t(21,23,22)
</p>

<p>
c(117,76,6)
n(0.000000,-0.325667,0.945485)
p(4,24,22,23,25)
t(23,25,24)
t(24,22,23)
</p>

<p>
c(40,40,40)
n(0.000000,-0.325667,0.945485)
p(4,24,26,27,25)
t(26,24,25)
t(25,27,26)
</p>

<p>
c(117,76,6)
n(0.000000,-0.325667,0.945485)
p(4,28,26,27,29)
t(27,29,28)
t(28,26,27)
</p>

<p>
c(40,40,40)
n(-0.000000,-0.325667,0.945485)
p(3,28,30,29)
t(30,28,29)
</p>

<p>
c(117,76,6)
n(-0.000000,-0.325667,0.945485)
p(4,31,32,33,34)
t(32,31,34)
t(34,33,32)
</p>

<p>
c(40,40,40)
n(-0.000000,-0.325667,0.945485)
p(4,31,35,36,34)
t(36,34,31)
t(31,35,36)
</p>

<p>
c(117,76,6)
n(-0.000000,-0.325667,0.945485)
p(4,37,35,36,38)
t(35,37,38)
t(38,36,35)
</p>

<p>
c(40,40,40)
n(-0.000000,-0.325667,0.945485)
p(4,37,39,40,38)
t(40,38,37)
t(37,39,40)
</p>

<p>
c(117,76,6)
n(-0.000000,-0.325667,0.945485)
p(4,41,39,40,29)
t(39,41,29)
t(29,40,39)
</p>

<p>
c(40,40,40)
n(0.000000,-0.325667,0.945485)
p(3,41,30,29)
t(30,29,41)
</p>

